   2.0212276278728090     
  0.00E+00  3.73E-16  1.08E-16  4.28E-17  3.35E-17  2.24E-17  1.32E-17  9.26E-18
  6.52E-18  5.30E-18  3.37E-18  2.42E-18  2.01E-18  1.62E-18  1.32E-18  1.01E-18
  9.64E-19  7.99E-19  6.73E-19  5.32E-19  4.67E-19  3.98E-19  3.18E-19  2.67E-19
  2.22E-19  1.92E-19  1.58E-19  1.28E-19  1.08E-19  8.71E-20  7.00E-20  5.72E-20
  4.46E-20  3.67E-20  2.91E-20  2.25E-20  1.81E-20  1.41E-20  1.10E-20  8.40E-21
  6.64E-21  5.14E-21  3.83E-21  2.97E-21  2.20E-21  1.72E-21  1.25E-21  9.55E-22
  7.33E-22  5.50E-22  4.16E-22  3.03E-22  2.34E-22  1.75E-22  1.30E-22  9.95E-23
  7.66E-23  6.11E-23  4.78E-23  3.97E-23  3.48E-23  3.12E-23  3.07E-23  3.08E-23
   4.0155938952611692     
  0.00E+00  3.85E-07  1.20E-07  4.78E-08  3.66E-08  3.04E-08  1.69E-08  1.23E-08
  7.73E-09  5.16E-09  2.73E-09  1.57E-09  1.01E-09  6.63E-10  4.14E-10  2.53E-10
  1.99E-10  1.25E-10  8.56E-11  5.52E-11  3.60E-11  2.45E-11  1.56E-11  1.01E-11
  6.48E-12  4.36E-12  2.68E-12  1.64E-12  1.06E-12  6.37E-13  3.94E-13  2.59E-13
  1.62E-13  1.18E-13  8.61E-14  6.04E-14  4.28E-14  2.97E-14  2.06E-14  1.44E-14
  1.10E-14  8.47E-15  6.25E-15  4.76E-15  3.53E-15  2.89E-15  2.23E-15  1.80E-15
  1.47E-15  1.18E-15  9.46E-16  7.39E-16  6.00E-16  4.88E-16  3.92E-16  3.24E-16
  2.77E-16  2.47E-16  2.20E-16  2.05E-16  2.00E-16  1.96E-16  2.02E-16  2.05E-16
   6.0175482632651471     
  0.00E+00  3.07E-06  8.68E-07  3.07E-07  1.65E-07  8.11E-08  3.75E-08  1.97E-08
  9.70E-09  5.31E-09  2.51E-09  1.42E-09  8.08E-10  4.53E-10  2.48E-10  1.31E-10
  8.65E-11  4.70E-11  2.77E-11  1.49E-11  8.59E-12  5.03E-12  2.80E-12  1.70E-12
  1.04E-12  6.84E-13  4.35E-13  2.77E-13  1.98E-13  1.29E-13  8.75E-14  6.10E-14
  4.21E-14  2.99E-14  2.06E-14  1.44E-14  1.09E-14  7.56E-15  5.63E-15  4.07E-15
  3.16E-15  2.42E-15  1.79E-15  1.37E-15  1.05E-15  8.32E-16  6.32E-16  5.03E-16
  4.04E-16  3.26E-16  2.61E-16  2.03E-16  1.73E-16  1.41E-16  1.16E-16  9.82E-17
  8.34E-17  7.44E-17  6.57E-17  6.02E-17  5.57E-17  5.26E-17  5.08E-17  4.80E-17
   8.0121013006781361     
  0.00E+00  3.47E-06  6.29E-07  2.13E-07  9.43E-08  3.90E-08  1.73E-08  9.33E-09
  4.37E-09  2.83E-09  1.16E-09  5.75E-10  3.53E-10  1.61E-10  8.98E-11  4.35E-11
  2.63E-11  1.36E-11  6.95E-12  3.69E-12  2.14E-12  1.23E-12  7.33E-13  4.65E-13
  2.94E-13  1.90E-13  1.18E-13  7.77E-14  5.08E-14  3.16E-14  2.14E-14  1.45E-14
  9.44E-15  6.61E-15  4.61E-15  3.13E-15  2.30E-15  1.60E-15  1.15E-15  8.25E-16
  6.12E-16  4.59E-16  3.37E-16  2.57E-16  1.93E-16  1.50E-16  1.15E-16  9.12E-17
  7.32E-17  5.96E-17  4.80E-17  3.86E-17  3.27E-17  2.85E-17  2.43E-17  2.13E-17
  1.92E-17  1.77E-17  1.68E-17  1.59E-17  1.55E-17  1.52E-17  1.51E-17  1.47E-17
   10.012243397747243     
  0.00E+00  2.28E-06  4.90E-07  1.33E-07  7.74E-08  2.85E-08  1.13E-08  4.77E-09
  2.13E-09  1.07E-09  4.25E-10  1.99E-10  1.04E-10  5.07E-11  2.51E-11  1.12E-11
  6.95E-12  3.55E-12  1.96E-12  1.03E-12  6.09E-13  3.83E-13  2.14E-13  1.35E-13
  8.15E-14  5.34E-14  3.25E-14  1.96E-14  1.34E-14  8.65E-15  5.55E-15  3.74E-15
  2.53E-15  1.70E-15  1.19E-15  8.17E-16  5.79E-16  4.00E-16  2.96E-16  2.14E-16
  1.66E-16  1.26E-16  9.41E-17  7.35E-17  5.75E-17  4.65E-17  3.62E-17  3.02E-17
  2.52E-17  2.15E-17  1.81E-17  1.54E-17  1.33E-17  1.18E-17  1.04E-17  9.33E-18
  8.56E-18  7.71E-18  7.01E-18  6.43E-18  6.07E-18  5.72E-18  5.53E-18  5.35E-18
   12.011236499487735     
  0.00E+00  1.25E-06  5.26E-07  7.85E-08  5.43E-08  1.63E-08  5.98E-09  2.23E-09
  9.17E-10  3.82E-10  1.62E-10  6.52E-11  3.46E-11  1.65E-11  7.61E-12  3.87E-12
  2.21E-12  1.22E-12  6.20E-13  3.41E-13  2.11E-13  1.17E-13  6.83E-14  4.11E-14
  2.62E-14  1.67E-14  1.01E-14  6.40E-15  4.25E-15  2.68E-15  1.78E-15  1.16E-15
  7.88E-16  5.62E-16  3.94E-16  2.68E-16  1.97E-16  1.40E-16  1.05E-16  7.76E-17
  5.96E-17  4.75E-17  3.64E-17  2.94E-17  2.31E-17  1.92E-17  1.54E-17  1.32E-17
  1.11E-17  9.57E-18  8.06E-18  7.03E-18  6.23E-18  5.48E-18  4.84E-18  4.30E-18
  4.15E-18  3.74E-18  3.53E-18  3.37E-18  3.24E-18  3.06E-18  2.96E-18  2.78E-18
   14.018227014620168     
  0.00E+00  2.45E-06  4.43E-07  5.76E-08  3.40E-08  9.46E-09  3.10E-09  1.10E-09
  3.59E-10  1.75E-10  6.44E-11  2.75E-11  1.30E-11  6.36E-12  3.27E-12  1.47E-12
  8.77E-13  4.68E-13  2.50E-13  1.34E-13  7.86E-14  4.62E-14  2.68E-14  1.70E-14
  1.03E-14  6.29E-15  4.08E-15  2.53E-15  1.66E-15  1.07E-15  7.39E-16  5.00E-16
  3.41E-16  2.53E-16  1.78E-16  1.28E-16  9.45E-17  7.27E-17  5.36E-17  4.02E-17
  3.19E-17  2.49E-17  2.01E-17  1.65E-17  1.34E-17  1.15E-17  9.22E-18  7.70E-18
  6.67E-18  5.82E-18  4.81E-18  4.09E-18  3.63E-18  3.10E-18  2.66E-18  2.33E-18
  2.10E-18  1.84E-18  1.63E-18  1.47E-18  1.36E-18  1.25E-18  1.17E-18  1.10E-18
   16.012449174488459     
  0.00E+00  2.56E-06  3.16E-07  4.20E-08  2.12E-08  5.72E-09  1.41E-09  4.40E-10
  1.63E-10  7.85E-11  2.61E-11  1.24E-11  6.35E-12  3.01E-12  1.50E-12  6.23E-13
  4.03E-13  1.95E-13  1.11E-13  5.99E-14  3.60E-14  2.15E-14  1.21E-14  7.45E-15
  4.49E-15  2.99E-15  1.88E-15  1.17E-15  8.06E-16  5.23E-16  3.59E-16  2.51E-16
  1.70E-16  1.25E-16  8.96E-17  6.35E-17  4.81E-17  3.60E-17  2.75E-17  2.05E-17
  1.65E-17  1.32E-17  1.04E-17  8.53E-18  7.07E-18  5.94E-18  4.84E-18  4.15E-18
  3.52E-18  3.06E-18  2.65E-18  2.25E-18  1.96E-18  1.73E-18  1.46E-18  1.26E-18
  1.11E-18  9.78E-19  8.42E-19  7.29E-19  6.56E-19  5.75E-19  5.39E-19  4.82E-19
   18.017355660989999     
  0.00E+00  2.24E-06  2.65E-07  3.54E-08  1.19E-08  3.45E-09  6.78E-10  2.18E-10
  8.23E-11  3.67E-11  1.29E-11  5.59E-12  2.94E-12  1.29E-12  6.15E-13  2.98E-13
  1.81E-13  8.96E-14  4.95E-14  2.65E-14  1.65E-14  9.37E-15  5.53E-15  3.39E-15
  2.03E-15  1.36E-15  8.56E-16  5.77E-16  3.99E-16  2.71E-16  1.86E-16  1.33E-16
  9.22E-17  6.61E-17  4.92E-17  3.47E-17  2.54E-17  1.99E-17  1.48E-17  1.11E-17
  9.23E-18  7.32E-18  5.77E-18  4.64E-18  3.84E-18  3.27E-18  2.63E-18  2.20E-18
  1.88E-18  1.60E-18  1.36E-18  1.13E-18  9.97E-19  8.77E-19  7.45E-19  6.55E-19
  5.77E-19  5.20E-19  4.44E-19  4.08E-19  3.72E-19  3.33E-19  3.08E-19  2.84E-19
   20.019283150327841     
  0.00E+00  1.32E-06  1.86E-07  2.91E-08  7.00E-09  1.98E-09  3.59E-10  1.33E-10
  5.11E-11  2.13E-11  7.08E-12  2.99E-12  1.40E-12  6.89E-13  3.13E-13  1.47E-13
  8.77E-14  4.49E-14  2.32E-14  1.28E-14  7.90E-15  4.67E-15  2.69E-15  1.75E-15
  1.10E-15  7.28E-16  4.82E-16  3.14E-16  2.18E-16  1.47E-16  1.02E-16  7.28E-17
  4.94E-17  3.83E-17  2.80E-17  2.01E-17  1.50E-17  1.14E-17  8.71E-18  6.66E-18
  5.35E-18  4.31E-18  3.40E-18  2.77E-18  2.25E-18  1.86E-18  1.54E-18  1.31E-18
  1.12E-18  9.70E-19  8.28E-19  7.35E-19  6.29E-19  5.63E-19  4.72E-19  4.23E-19
  3.71E-19  3.40E-19  2.99E-19  2.64E-19  2.41E-19  2.16E-19  2.04E-19  1.80E-19
   22.019080939313582     
  0.00E+00  8.15E-07  1.13E-07  1.89E-08  5.11E-09  1.15E-09  2.15E-10  8.05E-11
  3.11E-11  1.28E-11  4.31E-12  1.71E-12  8.24E-13  4.06E-13  1.84E-13  8.94E-14
  5.41E-14  2.81E-14  1.57E-14  8.56E-15  5.47E-15  3.38E-15  1.90E-15  1.25E-15
  7.80E-16  5.37E-16  3.43E-16  2.30E-16  1.59E-16  1.10E-16  7.32E-17  5.55E-17
  3.76E-17  2.88E-17  2.12E-17  1.50E-17  1.18E-17  8.64E-18  6.94E-18  5.11E-18
  4.20E-18  3.33E-18  2.59E-18  2.17E-18  1.72E-18  1.47E-18  1.17E-18  1.01E-18
  8.45E-19  7.34E-19  6.29E-19  5.38E-19  4.83E-19  4.13E-19  3.67E-19  3.16E-19
  2.95E-19  2.57E-19  2.36E-19  2.09E-19  1.96E-19  1.78E-19  1.66E-19  1.55E-19
   24.013148899670345     
  0.00E+00  6.19E-07  8.19E-08  1.29E-08  3.88E-09  8.67E-10  1.51E-10  5.38E-11
  1.89E-11  8.32E-12  2.60E-12  1.10E-12  5.06E-13  2.41E-13  1.06E-13  4.93E-14
  3.02E-14  1.49E-14  8.68E-15  4.58E-15  2.82E-15  1.74E-15  1.02E-15  6.39E-16
  4.07E-16  2.76E-16  1.82E-16  1.17E-16  8.33E-17  5.59E-17  3.95E-17  2.78E-17
  2.02E-17  1.42E-17  1.07E-17  7.93E-18  5.95E-18  4.64E-18  3.58E-18  2.70E-18
  2.23E-18  1.78E-18  1.41E-18  1.18E-18  9.65E-19  8.35E-19  6.90E-19  5.82E-19
  5.06E-19  4.45E-19  3.74E-19  3.19E-19  2.81E-19  2.42E-19  2.03E-19  1.73E-19
  1.52E-19  1.36E-19  1.17E-19  1.08E-19  9.84E-20  9.47E-20  9.28E-20  8.86E-20
   26.011647996395887     
  0.00E+00  4.53E-07  6.90E-08  9.27E-09  2.95E-09  6.24E-10  1.16E-10  4.02E-11
  1.22E-11  5.74E-12  1.70E-12  6.46E-13  3.17E-13  1.52E-13  6.65E-14  2.97E-14
  1.77E-14  8.82E-15  4.80E-15  2.61E-15  1.52E-15  9.72E-16  5.35E-16  3.56E-16
  2.16E-16  1.49E-16  1.00E-16  6.35E-17  4.56E-17  3.11E-17  2.12E-17  1.51E-17
  1.07E-17  8.16E-18  5.94E-18  4.25E-18  3.26E-18  2.43E-18  1.83E-18  1.46E-18
  1.14E-18  9.13E-19  7.15E-19  5.88E-19  4.76E-19  3.87E-19  3.21E-19  2.64E-19
  2.23E-19  1.92E-19  1.62E-19  1.34E-19  1.20E-19  1.02E-19  8.81E-20  7.59E-20
  6.72E-20  5.90E-20  5.09E-20  4.44E-20  3.97E-20  3.57E-20  3.40E-20  3.20E-20
   28.020977254108981     
  0.00E+00  3.56E-07  6.38E-08  6.34E-09  2.19E-09  4.21E-10  8.31E-11  2.79E-11
  8.01E-12  3.63E-12  9.79E-13  3.86E-13  1.70E-13  8.03E-14  3.42E-14  1.67E-14
  9.36E-15  4.60E-15  2.50E-15  1.38E-15  8.53E-16  5.18E-16  2.93E-16  1.95E-16
  1.23E-16  8.63E-17  5.62E-17  3.78E-17  2.58E-17  1.74E-17  1.20E-17  8.69E-18
  6.04E-18  4.51E-18  3.27E-18  2.36E-18  1.82E-18  1.33E-18  1.00E-18  7.58E-19
  6.31E-19  4.78E-19  3.83E-19  3.14E-19  2.52E-19  2.12E-19  1.72E-19  1.46E-19
  1.24E-19  1.07E-19  9.09E-20  7.61E-20  6.75E-20  5.78E-20  4.95E-20  4.25E-20
  3.70E-20  3.21E-20  2.85E-20  2.43E-20  2.18E-20  1.89E-20  1.71E-20  1.49E-20
   30.012144725052792     
  0.00E+00  2.84E-07  5.29E-08  4.71E-09  1.55E-09  2.94E-10  6.24E-11  1.67E-11
  4.59E-12  1.99E-12  5.43E-13  2.11E-13  9.74E-14  4.26E-14  1.94E-14  8.56E-15
  5.26E-15  2.75E-15  1.52E-15  8.07E-16  5.08E-16  3.17E-16  1.89E-16  1.15E-16
  7.37E-17  5.05E-17  3.27E-17  2.17E-17  1.53E-17  1.01E-17  7.20E-18  5.10E-18
  3.53E-18  2.63E-18  1.88E-18  1.37E-18  1.04E-18  7.89E-19  5.78E-19  4.38E-19
  3.54E-19  2.84E-19  2.12E-19  1.73E-19  1.38E-19  1.16E-19  9.34E-20  7.60E-20
  6.49E-20  5.44E-20  4.71E-20  3.85E-20  3.40E-20  2.89E-20  2.47E-20  2.11E-20
  1.85E-20  1.61E-20  1.39E-20  1.19E-20  1.05E-20  9.14E-21  8.37E-21  7.33E-21
   32.015487561634636     
  0.00E+00  2.17E-07  3.98E-08  3.43E-09  1.08E-09  2.06E-10  4.25E-11  1.06E-11
  3.04E-12  1.12E-12  3.40E-13  1.22E-13  5.76E-14  2.38E-14  1.12E-14  5.23E-15
  3.11E-15  1.58E-15  9.40E-16  5.04E-16  3.13E-16  1.97E-16  1.13E-16  6.97E-17
  4.52E-17  3.11E-17  1.97E-17  1.26E-17  8.75E-18  6.03E-18  4.17E-18  2.88E-18
  2.00E-18  1.48E-18  1.09E-18  7.61E-19  5.74E-19  4.29E-19  3.14E-19  2.43E-19
  1.94E-19  1.48E-19  1.16E-19  9.27E-20  7.28E-20  6.16E-20  4.93E-20  4.09E-20
  3.36E-20  2.91E-20  2.45E-20  2.04E-20  1.72E-20  1.46E-20  1.22E-20  1.05E-20
  8.97E-21  7.55E-21  6.50E-21  5.69E-21  5.05E-21  4.36E-21  3.91E-21  3.48E-21
   34.015657541174647     
  0.00E+00  1.87E-07  3.00E-08  2.76E-09  7.90E-10  1.35E-10  2.70E-11  6.81E-12
  1.98E-12  7.11E-13  2.06E-13  8.14E-14  3.65E-14  1.45E-14  7.13E-15  3.03E-15
  1.93E-15  1.02E-15  5.69E-16  3.01E-16  1.91E-16  1.20E-16  6.82E-17  4.46E-17
  2.81E-17  1.89E-17  1.20E-17  7.90E-18  5.57E-18  3.75E-18  2.51E-18  1.81E-18
  1.22E-18  8.96E-19  6.35E-19  4.37E-19  3.29E-19  2.40E-19  1.82E-19  1.31E-19
  1.04E-19  8.17E-20  6.19E-20  4.86E-20  3.87E-20  3.20E-20  2.54E-20  2.09E-20
  1.72E-20  1.45E-20  1.21E-20  9.92E-21  8.62E-21  7.10E-21  5.96E-21  5.03E-21
  4.34E-21  3.74E-21  3.14E-21  2.69E-21  2.32E-21  2.01E-21  1.81E-21  1.60E-21
   36.016540193639258     
  0.00E+00  1.69E-07  2.57E-08  2.46E-09  5.82E-10  8.05E-11  1.70E-11  4.56E-12
  1.33E-12  4.97E-13  1.53E-13  4.91E-14  2.46E-14  1.08E-14  4.81E-15  2.29E-15
  1.27E-15  6.55E-16  3.75E-16  2.00E-16  1.27E-16  7.90E-17  4.25E-17  2.84E-17
  1.73E-17  1.22E-17  7.53E-18  5.15E-18  3.40E-18  2.34E-18  1.60E-18  1.16E-18
  7.78E-19  5.76E-19  4.03E-19  2.89E-19  2.15E-19  1.58E-19  1.12E-19  8.23E-20
  6.35E-20  4.88E-20  3.63E-20  2.88E-20  2.18E-20  1.76E-20  1.36E-20  1.10E-20
  9.14E-21  7.80E-21  6.59E-21  5.41E-21  4.61E-21  3.97E-21  3.27E-21  2.83E-21
  2.39E-21  2.05E-21  1.74E-21  1.48E-21  1.31E-21  1.10E-21  9.71E-22  8.42E-22
   38.015110552460683     
  0.00E+00  1.38E-07  2.14E-08  2.05E-09  4.24E-10  5.46E-11  1.14E-11  3.11E-12
  8.56E-13  3.54E-13  1.04E-13  3.35E-14  1.63E-14  7.36E-15  3.26E-15  1.57E-15
  8.77E-16  4.55E-16  2.42E-16  1.36E-16  8.39E-17  5.02E-17  2.97E-17  1.91E-17
  1.14E-17  7.63E-18  4.85E-18  3.22E-18  2.17E-18  1.52E-18  1.00E-18  7.11E-19
  4.85E-19  3.52E-19  2.62E-19  1.77E-19  1.32E-19  9.31E-20  7.00E-20  5.08E-20
  4.02E-20  2.96E-20  2.24E-20  1.78E-20  1.39E-20  1.12E-20  8.61E-21  7.14E-21
  5.82E-21  4.75E-21  3.96E-21  3.23E-21  2.80E-21  2.29E-21  1.96E-21  1.61E-21
  1.39E-21  1.17E-21  9.82E-22  8.52E-22  7.28E-22  6.24E-22  5.43E-22  4.65E-22
   40.012819898455028     
  0.00E+00  1.05E-07  1.68E-08  1.57E-09  2.97E-10  4.34E-11  7.61E-12  2.04E-12
  5.61E-13  2.09E-13  6.19E-14  2.08E-14  1.01E-14  4.52E-15  2.13E-15  9.46E-16
  6.05E-16  2.90E-16  1.64E-16  8.92E-17  5.45E-17  3.41E-17  1.97E-17  1.23E-17
  7.63E-18  5.34E-18  3.24E-18  2.08E-18  1.38E-18  9.25E-19  6.47E-19  4.41E-19
  3.08E-19  2.21E-19  1.63E-19  1.12E-19  7.98E-20  5.81E-20  4.31E-20  3.17E-20
  2.40E-20  1.86E-20  1.42E-20  1.11E-20  8.44E-21  6.96E-21  5.44E-21  4.44E-21
  3.60E-21  3.01E-21  2.52E-21  2.01E-21  1.75E-21  1.48E-21  1.23E-21  1.04E-21
  8.89E-22  7.62E-22  6.26E-22  5.26E-22  4.52E-22  3.83E-22  3.33E-22  2.79E-22
   42.014869684977860     
  0.00E+00  8.48E-08  1.26E-08  1.15E-09  2.09E-10  3.44E-11  4.97E-12  1.35E-12
  3.62E-13  1.24E-13  3.53E-14  1.29E-14  5.97E-15  2.94E-15  1.30E-15  6.62E-16
  3.97E-16  2.02E-16  1.12E-16  5.91E-17  3.66E-17  2.37E-17  1.39E-17  8.69E-18
  5.40E-18  3.52E-18  2.26E-18  1.46E-18  9.93E-19  6.47E-19  4.29E-19  3.03E-19
  2.06E-19  1.46E-19  1.05E-19  7.19E-20  5.49E-20  4.03E-20  2.93E-20  2.16E-20
  1.62E-20  1.25E-20  9.49E-21  7.32E-21  5.68E-21  4.63E-21  3.63E-21  3.00E-21
  2.44E-21  2.07E-21  1.72E-21  1.38E-21  1.19E-21  9.65E-22  7.95E-22  6.49E-22
  5.39E-22  4.40E-22  3.54E-22  2.98E-22  2.57E-22  2.14E-22  1.89E-22  1.62E-22
   44.014606268313464     
  0.00E+00  6.60E-08  9.61E-09  7.69E-10  1.47E-10  2.55E-11  3.38E-12  8.42E-13
  2.39E-13  8.47E-14  2.20E-14  8.17E-15  4.00E-15  1.86E-15  8.84E-16  4.45E-16
  2.71E-16  1.40E-16  7.75E-17  4.25E-17  2.64E-17  1.56E-17  9.58E-18  6.02E-18
  3.88E-18  2.54E-18  1.67E-18  1.06E-18  7.07E-19  4.64E-19  2.99E-19  2.09E-19
  1.43E-19  1.03E-19  7.37E-20  5.11E-20  3.83E-20  2.70E-20  1.97E-20  1.46E-20
  1.12E-20  8.52E-21  6.50E-21  4.99E-21  3.88E-21  3.14E-21  2.42E-21  1.95E-21
  1.58E-21  1.28E-21  1.06E-21  8.53E-22  7.18E-22  5.99E-22  5.01E-22  4.23E-22
  3.61E-22  3.05E-22  2.51E-22  2.13E-22  1.80E-22  1.51E-22  1.29E-22  1.09E-22
   46.014997171668547     
  0.00E+00  4.93E-08  7.00E-09  5.13E-10  1.02E-10  1.81E-11  2.38E-12  5.16E-13
  1.54E-13  5.42E-14  1.65E-14  5.47E-15  2.73E-15  1.32E-15  6.12E-16  3.12E-16
  1.92E-16  9.50E-17  5.52E-17  2.97E-17  1.88E-17  1.13E-17  6.65E-18  4.24E-18
  2.71E-18  1.80E-18  1.14E-18  7.45E-19  5.17E-19  3.37E-19  2.26E-19  1.53E-19
  1.01E-19  7.34E-20  4.99E-20  3.44E-20  2.58E-20  1.90E-20  1.39E-20  1.01E-20
  7.82E-21  6.02E-21  4.51E-21  3.53E-21  2.72E-21  2.21E-21  1.69E-21  1.35E-21
  1.09E-21  8.93E-22  7.22E-22  5.88E-22  4.91E-22  4.06E-22  3.34E-22  2.76E-22
  2.39E-22  2.04E-22  1.70E-22  1.49E-22  1.30E-22  1.11E-22  9.88E-23  8.76E-23
   48.023061465411686     
  0.00E+00  3.83E-08  5.33E-09  3.18E-10  7.05E-11  1.24E-11  1.72E-12  3.51E-13
  9.92E-14  3.47E-14  1.17E-14  3.97E-15  1.88E-15  9.31E-16  4.64E-16  2.24E-16
  1.39E-16  7.29E-17  3.82E-17  2.07E-17  1.36E-17  8.20E-18  4.73E-18  2.98E-18
  1.91E-18  1.24E-18  8.04E-19  5.34E-19  3.57E-19  2.34E-19  1.60E-19  1.08E-19
  7.37E-20  5.10E-20  3.66E-20  2.44E-20  1.84E-20  1.27E-20  9.49E-21  7.02E-21
  5.28E-21  4.16E-21  2.98E-21  2.34E-21  1.83E-21  1.51E-21  1.16E-21  9.59E-22
  7.93E-22  6.44E-22  5.10E-22  4.19E-22  3.42E-22  2.80E-22  2.34E-22  1.90E-22
  1.61E-22  1.35E-22  1.13E-22  9.56E-23  8.36E-23  7.15E-23  6.22E-23  5.25E-23
   50.022952978596898     
  0.00E+00  2.92E-08  4.12E-09  1.95E-10  5.02E-11  8.36E-12  1.23E-12  2.74E-13
  6.55E-14  2.51E-14  7.96E-15  2.99E-15  1.30E-15  6.68E-16  3.24E-16  1.74E-16
  1.03E-16  5.48E-17  2.93E-17  1.54E-17  9.91E-18  6.13E-18  3.53E-18  2.14E-18
  1.30E-18  8.74E-19  5.58E-19  3.72E-19  2.51E-19  1.61E-19  1.06E-19  7.51E-20
  5.19E-20  3.60E-20  2.45E-20  1.69E-20  1.27E-20  8.82E-21  6.38E-21  4.66E-21
  3.52E-21  2.68E-21  2.00E-21  1.60E-21  1.19E-21  9.67E-22  7.39E-22  6.11E-22
  4.85E-22  3.94E-22  3.21E-22  2.60E-22  2.21E-22  1.82E-22  1.51E-22  1.21E-22
  1.06E-22  8.73E-23  7.15E-23  5.90E-23  4.97E-23  4.05E-23  3.44E-23  2.89E-23
   52.013477321470987     
  0.00E+00  2.09E-08  3.16E-09  1.31E-10  3.69E-11  5.68E-12  8.64E-13  2.17E-13
  4.76E-14  1.86E-14  5.68E-15  2.20E-15  9.76E-16  4.76E-16  2.32E-16  1.28E-16
  7.74E-17  4.05E-17  2.22E-17  1.23E-17  7.78E-18  4.67E-18  2.78E-18  1.71E-18
  9.79E-19  6.35E-19  4.01E-19  2.65E-19  1.79E-19  1.15E-19  7.68E-20  5.02E-20
  3.48E-20  2.47E-20  1.78E-20  1.15E-20  8.43E-21  6.08E-21  4.45E-21  3.22E-21
  2.40E-21  1.81E-21  1.31E-21  1.03E-21  7.88E-22  6.46E-22  4.87E-22  4.02E-22
  3.21E-22  2.62E-22  2.06E-22  1.66E-22  1.36E-22  1.12E-22  9.15E-23  7.34E-23
  6.29E-23  5.24E-23  4.21E-23  3.50E-23  2.96E-23  2.44E-23  2.01E-23  1.66E-23
   54.018683766080834     
  0.00E+00  1.52E-08  2.42E-09  9.28E-11  2.68E-11  4.07E-12  6.33E-13  1.65E-13
  3.78E-14  1.39E-14  4.34E-15  1.62E-15  7.29E-16  3.55E-16  1.80E-16  9.44E-17
  5.83E-17  3.05E-17  1.72E-17  9.40E-18  6.08E-18  3.77E-18  2.22E-18  1.38E-18
  8.21E-19  5.17E-19  3.20E-19  2.14E-19  1.42E-19  8.85E-20  5.74E-20  3.84E-20
  2.53E-20  1.79E-20  1.27E-20  8.53E-21  6.11E-21  4.26E-21  3.15E-21  2.31E-21
  1.74E-21  1.28E-21  9.45E-22  7.65E-22  5.75E-22  4.47E-22  3.42E-22  2.73E-22
  2.23E-22  1.78E-22  1.45E-22  1.15E-22  9.24E-23  7.58E-23  6.20E-23  5.01E-23
  4.15E-23  3.37E-23  2.70E-23  2.22E-23  1.86E-23  1.53E-23  1.27E-23  1.06E-23
   56.013705268456391     
  0.00E+00  1.24E-08  1.87E-09  6.93E-11  1.99E-11  3.05E-12  4.86E-13  1.25E-13
  3.05E-14  1.10E-14  3.46E-15  1.28E-15  5.54E-16  2.74E-16  1.40E-16  7.17E-17
  4.45E-17  2.30E-17  1.31E-17  7.14E-18  4.51E-18  2.85E-18  1.71E-18  1.08E-18
  6.62E-19  4.28E-19  2.62E-19  1.68E-19  1.15E-19  7.30E-20  4.61E-20  3.06E-20
  1.96E-20  1.34E-20  9.36E-21  6.31E-21  4.46E-21  3.13E-21  2.29E-21  1.68E-21
  1.26E-21  9.52E-22  6.96E-22  5.47E-22  4.29E-22  3.48E-22  2.60E-22  2.07E-22
  1.62E-22  1.32E-22  1.04E-22  8.34E-23  6.65E-23  5.20E-23  4.24E-23  3.38E-23
  2.82E-23  2.37E-23  1.87E-23  1.52E-23  1.26E-23  1.05E-23  8.63E-24  7.06E-24
   58.023036548069285     
  0.00E+00  1.07E-08  1.48E-09  5.34E-11  1.49E-11  2.33E-12  3.68E-13  9.42E-14
  2.41E-14  8.89E-15  2.79E-15  1.04E-15  4.42E-16  2.15E-16  1.08E-16  5.42E-17
  3.40E-17  1.76E-17  1.01E-17  5.37E-18  3.30E-18  2.12E-18  1.28E-18  8.04E-19
  5.08E-19  3.38E-19  2.09E-19  1.30E-19  8.99E-20  5.73E-20  3.74E-20  2.46E-20
  1.54E-20  1.05E-20  7.13E-21  4.67E-21  3.29E-21  2.31E-21  1.68E-21  1.25E-21
  9.18E-22  6.85E-22  5.04E-22  3.91E-22  3.12E-22  2.54E-22  1.92E-22  1.55E-22
  1.21E-22  9.73E-23  7.73E-23  6.10E-23  4.92E-23  3.92E-23  3.11E-23  2.50E-23
  2.00E-23  1.63E-23  1.28E-23  1.04E-23  8.57E-24  6.99E-24  5.92E-24  4.71E-24
   60.013050583194314     
  0.00E+00  8.43E-09  1.16E-09  4.14E-11  1.13E-11  1.81E-12  2.84E-13  7.26E-14
  1.88E-14  7.11E-15  2.28E-15  8.21E-16  3.53E-16  1.68E-16  8.55E-17  4.16E-17
  2.69E-17  1.44E-17  7.96E-18  4.11E-18  2.58E-18  1.67E-18  9.88E-19  6.09E-19
  3.93E-19  2.62E-19  1.65E-19  1.03E-19  6.90E-20  4.55E-20  3.07E-20  2.04E-20
  1.29E-20  8.67E-21  5.77E-21  3.81E-21  2.67E-21  1.80E-21  1.30E-21  9.46E-22
  7.13E-22  5.21E-22  3.70E-22  2.95E-22  2.29E-22  1.86E-22  1.44E-22  1.14E-22
  9.29E-23  7.35E-23  5.79E-23  4.52E-23  3.74E-23  3.02E-23  2.39E-23  1.90E-23
  1.52E-23  1.24E-23  9.68E-24  7.80E-24  6.36E-24  5.16E-24  4.28E-24  3.52E-24
   62.018363370855887     
  0.00E+00  6.95E-09  9.19E-10  3.44E-11  8.66E-12  1.42E-12  2.31E-13  5.72E-14
  1.49E-14  5.58E-15  1.88E-15  6.51E-16  2.83E-16  1.31E-16  6.88E-17  3.31E-17
  2.15E-17  1.21E-17  6.41E-18  3.36E-18  2.12E-18  1.37E-18  7.94E-19  4.99E-19
  3.18E-19  2.07E-19  1.29E-19  8.50E-20  5.54E-20  3.67E-20  2.49E-20  1.68E-20
  1.07E-20  7.40E-21  4.94E-21  3.24E-21  2.23E-21  1.51E-21  1.09E-21  7.66E-22
  5.72E-22  4.08E-22  2.94E-22  2.29E-22  1.76E-22  1.42E-22  1.07E-22  8.55E-23
  6.83E-23  5.49E-23  4.33E-23  3.34E-23  2.78E-23  2.22E-23  1.75E-23  1.40E-23
  1.15E-23  9.29E-24  7.27E-24  5.88E-24  4.83E-24  3.89E-24  3.27E-24  2.62E-24
   64.013427305126001     
  0.00E+00  6.30E-09  7.35E-10  2.94E-11  6.85E-12  1.08E-12  1.88E-13  4.39E-14
  1.18E-14  4.47E-15  1.49E-15  5.15E-16  2.26E-16  1.04E-16  5.54E-17  2.70E-17
  1.69E-17  9.57E-18  5.18E-18  2.75E-18  1.70E-18  1.10E-18  6.53E-19  4.03E-19
  2.54E-19  1.62E-19  1.01E-19  6.61E-20  4.40E-20  2.86E-20  1.91E-20  1.28E-20
  8.13E-21  5.48E-21  3.86E-21  2.52E-21  1.73E-21  1.14E-21  8.29E-22  5.92E-22
  4.26E-22  3.02E-22  2.20E-22  1.69E-22  1.31E-22  1.03E-22  7.67E-23  6.13E-23
  4.86E-23  3.90E-23  3.04E-23  2.37E-23  1.98E-23  1.60E-23  1.23E-23  9.89E-24
  8.19E-24  6.65E-24  5.27E-24  4.33E-24  3.68E-24  3.00E-24  2.50E-24  2.08E-24
   66.019831170378865     
  0.00E+00  5.95E-09  5.91E-10  2.51E-11  5.42E-12  8.17E-13  1.46E-13  3.31E-14
  9.06E-15  3.66E-15  1.14E-15  3.99E-16  1.77E-16  8.47E-17  4.42E-17  2.15E-17
  1.29E-17  7.38E-18  4.06E-18  2.17E-18  1.34E-18  8.76E-19  5.10E-19  3.08E-19
  1.93E-19  1.25E-19  7.95E-20  4.97E-20  3.34E-20  2.12E-20  1.41E-20  9.59E-21
  5.88E-21  4.00E-21  2.76E-21  1.83E-21  1.27E-21  8.39E-22  6.17E-22  4.28E-22
  3.03E-22  2.17E-22  1.58E-22  1.22E-22  8.96E-23  7.12E-23  5.40E-23  4.16E-23
  3.29E-23  2.58E-23  2.04E-23  1.58E-23  1.29E-23  1.04E-23  8.04E-24  6.47E-24
  5.33E-24  4.25E-24  3.26E-24  2.70E-24  2.27E-24  1.78E-24  1.46E-24  1.20E-24
   68.014261245293170     
  0.00E+00  5.89E-09  4.79E-10  2.12E-11  4.36E-12  6.36E-13  1.15E-13  2.62E-14
  7.19E-15  2.97E-15  8.99E-16  3.16E-16  1.41E-16  6.96E-17  3.55E-17  1.68E-17
  9.99E-18  5.73E-18  3.16E-18  1.74E-18  1.10E-18  7.19E-19  3.99E-19  2.44E-19
  1.50E-19  1.01E-19  6.29E-20  3.83E-20  2.57E-20  1.63E-20  1.08E-20  7.25E-21
  4.50E-21  3.06E-21  2.06E-21  1.37E-21  9.29E-22  6.39E-22  4.62E-22  3.13E-22
  2.21E-22  1.60E-22  1.19E-22  8.77E-23  6.27E-23  4.94E-23  3.83E-23  2.89E-23
  2.20E-23  1.77E-23  1.44E-23  1.08E-23  8.37E-24  6.86E-24  5.54E-24  4.42E-24
  3.49E-24  2.89E-24  2.31E-24  1.91E-24  1.58E-24  1.29E-24  1.08E-24  8.89E-25
   70.020504801134848     
  0.00E+00  5.58E-09  3.81E-10  1.82E-11  3.66E-12  5.23E-13  9.78E-14  2.22E-14
  5.98E-15  2.41E-15  7.44E-16  2.62E-16  1.16E-16  5.76E-17  2.93E-17  1.35E-17
  8.04E-18  4.46E-18  2.59E-18  1.42E-18  9.22E-19  5.97E-19  3.30E-19  2.01E-19
  1.24E-19  8.18E-20  5.21E-20  3.10E-20  2.05E-20  1.31E-20  8.62E-21  5.65E-21
  3.62E-21  2.44E-21  1.62E-21  1.05E-21  7.24E-22  4.90E-22  3.41E-22  2.34E-22
  1.67E-22  1.23E-22  8.83E-23  6.45E-23  4.69E-23  3.61E-23  2.72E-23  2.10E-23
  1.57E-23  1.25E-23  1.02E-23  7.65E-24  5.81E-24  4.75E-24  3.91E-24  3.01E-24
  2.30E-24  1.91E-24  1.57E-24  1.25E-24  9.81E-25  8.12E-25  6.88E-25  5.53E-25
   72.015100426888665     
  0.00E+00  4.86E-09  3.10E-10  1.57E-11  3.08E-12  4.38E-13  8.36E-14  1.89E-14
  5.06E-15  1.98E-15  6.31E-16  2.17E-16  9.86E-17  4.88E-17  2.47E-17  1.10E-17
  6.56E-18  3.57E-18  2.15E-18  1.18E-18  7.70E-19  4.88E-19  2.72E-19  1.69E-19
  1.04E-19  6.90E-20  4.37E-20  2.53E-20  1.67E-20  1.07E-20  6.89E-21  4.53E-21
  2.93E-21  1.99E-21  1.32E-21  8.11E-22  5.73E-22  3.90E-22  2.60E-22  1.74E-22
  1.31E-22  9.56E-23  6.48E-23  4.72E-23  3.53E-23  2.76E-23  1.95E-23  1.48E-23
  1.20E-23  9.41E-24  7.15E-24  5.38E-24  4.44E-24  3.57E-24  2.76E-24  2.17E-24
  1.78E-24  1.42E-24  1.11E-24  8.94E-25  7.23E-25  5.86E-25  4.83E-25  3.87E-25
   74.022162950983301     
  0.00E+00  4.29E-09  2.60E-10  1.37E-11  2.56E-12  3.59E-13  6.92E-14  1.55E-14
  4.26E-15  1.63E-15  5.25E-16  1.77E-16  8.42E-17  4.23E-17  2.04E-17  8.87E-18
  5.37E-18  2.92E-18  1.70E-18  9.79E-19  6.25E-19  3.85E-19  2.16E-19  1.38E-19
  8.43E-20  5.62E-20  3.43E-20  2.05E-20  1.33E-20  8.53E-21  5.32E-21  3.45E-21
  2.32E-21  1.56E-21  1.02E-21  6.37E-22  4.38E-22  2.95E-22  1.93E-22  1.33E-22
  9.73E-23  6.93E-23  4.60E-23  3.41E-23  2.52E-23  1.93E-23  1.38E-23  1.07E-23
  8.59E-24  6.65E-24  5.01E-24  3.85E-24  3.19E-24  2.49E-24  1.92E-24  1.51E-24
  1.25E-24  9.99E-25  7.73E-25  6.19E-25  4.97E-25  3.94E-25  3.16E-25  2.53E-25
   76.019504890194298     
  0.00E+00  3.94E-09  2.17E-10  1.18E-11  2.13E-12  2.95E-13  5.74E-14  1.29E-14
  3.61E-15  1.36E-15  4.35E-16  1.48E-16  7.32E-17  3.69E-17  1.63E-17  7.22E-18
  4.49E-18  2.44E-18  1.38E-18  7.97E-19  5.03E-19  3.05E-19  1.74E-19  1.10E-19
  6.96E-20  4.35E-20  2.66E-20  1.64E-20  1.06E-20  6.45E-21  4.12E-21  2.70E-21
  1.75E-21  1.19E-21  7.71E-22  4.89E-22  3.31E-22  2.10E-22  1.47E-22  1.00E-22
  6.98E-23  4.77E-23  3.41E-23  2.53E-23  1.74E-23  1.33E-23  9.96E-24  7.66E-24
  5.85E-24  4.65E-24  3.63E-24  2.76E-24  2.16E-24  1.71E-24  1.38E-24  1.06E-24
  8.37E-25  6.86E-25  5.38E-25  4.27E-25  3.34E-25  2.65E-25  2.16E-25  1.70E-25
   78.018288399615344     
  0.00E+00  3.54E-09  1.79E-10  9.91E-12  1.77E-12  2.51E-13  4.82E-14  1.10E-14
  3.12E-15  1.16E-15  3.65E-16  1.28E-16  6.41E-17  3.17E-17  1.32E-17  6.09E-18
  3.81E-18  2.06E-18  1.17E-18  6.55E-19  3.98E-19  2.46E-19  1.44E-19  9.02E-20
  5.68E-20  3.42E-20  2.11E-20  1.34E-20  8.42E-21  5.08E-21  3.25E-21  2.12E-21
  1.34E-21  9.25E-22  5.99E-22  3.73E-22  2.49E-22  1.62E-22  1.11E-22  7.38E-23
  5.28E-23  3.63E-23  2.51E-23  1.86E-23  1.30E-23  9.89E-24  7.21E-24  5.56E-24
  4.37E-24  3.46E-24  2.59E-24  2.00E-24  1.61E-24  1.24E-24  9.60E-25  7.53E-25
  6.12E-25  4.80E-25  3.68E-25  2.97E-25  2.35E-25  1.82E-25  1.45E-25  1.14E-25
   80.016671384655652     
  0.00E+00  3.09E-09  1.51E-10  8.34E-12  1.47E-12  2.14E-13  4.09E-14  9.62E-15
  2.81E-15  9.90E-16  3.09E-16  1.15E-16  5.69E-17  2.70E-17  1.08E-17  5.24E-18
  3.31E-18  1.78E-18  9.96E-19  5.40E-19  3.14E-19  2.04E-19  1.21E-19  7.46E-20
  4.58E-20  2.76E-20  1.72E-20  1.08E-20  6.82E-21  4.12E-21  2.61E-21  1.67E-21
  1.06E-21  7.32E-22  4.69E-22  2.89E-22  1.94E-22  1.28E-22  8.36E-23  5.44E-23
  4.05E-23  2.84E-23  1.88E-23  1.40E-23  1.02E-23  7.39E-24  5.28E-24  4.20E-24
  3.31E-24  2.54E-24  1.96E-24  1.51E-24  1.19E-24  9.26E-25  7.12E-25  5.48E-25
  4.42E-25  3.51E-25  2.65E-25  2.11E-25  1.66E-25  1.29E-25  1.02E-25  7.99E-26
   82.015637026620013     
  0.00E+00  2.62E-09  1.31E-10  7.11E-12  1.21E-12  1.81E-13  3.45E-14  8.33E-15
  2.54E-15  8.57E-16  2.62E-16  1.03E-16  5.02E-17  2.29E-17  8.90E-18  4.53E-18
  2.90E-18  1.54E-18  8.35E-19  4.43E-19  2.53E-19  1.72E-19  9.99E-20  6.15E-20
  3.69E-20  2.32E-20  1.39E-20  8.67E-21  5.48E-21  3.39E-21  2.12E-21  1.35E-21
  8.60E-22  5.80E-22  3.66E-22  2.32E-22  1.56E-22  9.96E-23  6.51E-23  4.26E-23
  3.07E-23  2.14E-23  1.50E-23  1.10E-23  7.59E-24  5.74E-24  4.15E-24  3.10E-24
  2.44E-24  1.93E-24  1.48E-24  1.14E-24  8.91E-25  6.95E-25  5.37E-25  4.10E-25
  3.22E-25  2.54E-25  1.97E-25  1.52E-25  1.19E-25  9.17E-26  7.22E-26  5.45E-26
   84.016076795226255     
  0.00E+00  2.23E-09  1.16E-10  6.21E-12  1.01E-12  1.55E-13  2.89E-14  7.03E-15
  2.25E-15  7.46E-16  2.25E-16  9.14E-17  4.34E-17  1.93E-17  7.72E-18  3.89E-18
  2.52E-18  1.33E-18  7.07E-19  3.68E-19  2.10E-19  1.44E-19  8.32E-20  5.10E-20
  3.02E-20  2.00E-20  1.16E-20  7.15E-21  4.46E-21  2.81E-21  1.73E-21  1.12E-21
  7.10E-22  4.63E-22  2.95E-22  1.89E-22  1.24E-22  7.90E-23  5.27E-23  3.36E-23
  2.36E-23  1.68E-23  1.16E-23  8.50E-24  5.92E-24  4.53E-24  3.25E-24  2.42E-24
  1.86E-24  1.46E-24  1.14E-24  8.50E-25  6.76E-25  5.30E-25  4.06E-25  3.06E-25
  2.44E-25  1.88E-25  1.43E-25  1.12E-25  8.66E-26  6.67E-26  5.12E-26  3.88E-26
   86.017711897796275     
  0.00E+00  1.93E-09  1.02E-10  5.45E-12  8.62E-13  1.33E-13  2.42E-14  5.95E-15
  1.96E-15  6.49E-16  1.96E-16  8.09E-17  3.74E-17  1.62E-17  7.01E-18  3.40E-18
  2.18E-18  1.15E-18  6.10E-19  3.14E-19  1.84E-19  1.20E-19  6.93E-20  4.26E-20
  2.55E-20  1.68E-20  9.67E-21  5.97E-21  3.70E-21  2.26E-21  1.41E-21  9.23E-22
  5.79E-22  3.72E-22  2.40E-22  1.49E-22  9.70E-23  6.24E-23  4.16E-23  2.63E-23
  1.83E-23  1.29E-23  8.88E-24  6.43E-24  4.62E-24  3.49E-24  2.45E-24  1.89E-24
  1.46E-24  1.10E-24  8.47E-25  6.41E-25  5.11E-25  3.91E-25  3.00E-25  2.30E-25
  1.77E-25  1.38E-25  1.05E-25  8.07E-26  6.28E-26  4.78E-26  3.70E-26  2.80E-26
   88.020127822144545     
  0.00E+00  1.68E-09  9.06E-11  4.68E-12  7.36E-13  1.12E-13  2.01E-14  5.09E-15
  1.69E-15  5.65E-16  1.75E-16  7.11E-17  3.25E-17  1.36E-17  6.41E-18  3.02E-18
  1.88E-18  9.84E-19  5.23E-19  2.74E-19  1.62E-19  9.76E-20  5.69E-20  3.50E-20
  2.16E-20  1.36E-20  7.90E-21  4.88E-21  3.00E-21  1.82E-21  1.12E-21  7.24E-22
  4.51E-22  2.97E-22  1.88E-22  1.14E-22  7.57E-23  4.80E-23  3.12E-23  2.02E-23
  1.42E-23  9.84E-24  6.52E-24  4.90E-24  3.53E-24  2.56E-24  1.86E-24  1.43E-24
  1.10E-24  8.41E-25  6.41E-25  4.77E-25  3.76E-25  2.87E-25  2.21E-25  1.69E-25
  1.30E-25  1.02E-25  7.50E-26  5.75E-26  4.52E-26  3.38E-26  2.64E-26  1.98E-26
   90.022864777919963     
  0.00E+00  1.45E-09  7.90E-11  3.93E-12  6.24E-13  9.40E-14  1.68E-14  4.35E-15
  1.45E-15  4.92E-16  1.56E-16  6.14E-17  2.82E-17  1.16E-17  5.77E-18  2.66E-18
  1.61E-18  8.30E-19  4.43E-19  2.41E-19  1.40E-19  7.96E-20  4.73E-20  2.89E-20
  1.80E-20  1.10E-20  6.45E-21  3.94E-21  2.46E-21  1.50E-21  9.05E-22  5.64E-22
  3.51E-22  2.35E-22  1.48E-22  8.95E-23  6.00E-23  3.74E-23  2.40E-23  1.57E-23
  1.08E-23  7.54E-24  5.11E-24  3.77E-24  2.67E-24  1.99E-24  1.44E-24  1.07E-24
  8.38E-25  6.51E-25  4.85E-25  3.68E-25  2.87E-25  2.18E-25  1.64E-25  1.25E-25
  9.70E-26  7.53E-26  5.65E-26  4.36E-26  3.33E-26  2.45E-26  1.92E-26  1.42E-26
   92.013643113988351     
  0.00E+00  1.23E-09  6.96E-11  3.34E-12  5.45E-13  8.22E-14  1.44E-14  3.78E-15
  1.27E-15  4.35E-16  1.41E-16  5.34E-17  2.48E-17  1.02E-17  5.19E-18  2.36E-18
  1.37E-18  7.12E-19  3.79E-19  2.14E-19  1.22E-19  6.80E-20  4.09E-20  2.48E-20
  1.50E-20  9.09E-21  5.44E-21  3.30E-21  2.11E-21  1.28E-21  7.63E-22  4.68E-22
  2.89E-22  1.89E-22  1.19E-22  7.42E-23  4.93E-23  3.05E-23  1.99E-23  1.27E-23
  8.55E-24  5.93E-24  4.12E-24  3.02E-24  2.10E-24  1.60E-24  1.15E-24  8.62E-25
  6.58E-25  5.09E-25  3.84E-25  2.93E-25  2.28E-25  1.73E-25  1.30E-25  9.87E-26
  7.62E-26  5.79E-26  4.40E-26  3.38E-26  2.58E-26  1.93E-26  1.47E-26  1.09E-26
   94.015670415952158     
  0.00E+00  1.05E-09  6.35E-11  2.94E-12  4.95E-13  7.30E-14  1.26E-14  3.34E-15
  1.13E-15  3.88E-16  1.27E-16  4.69E-17  2.18E-17  9.26E-18  4.70E-18  2.11E-18
  1.19E-18  6.19E-19  3.33E-19  1.89E-19  1.08E-19  5.98E-20  3.62E-20  2.18E-20
  1.29E-20  7.77E-21  4.69E-21  2.80E-21  1.79E-21  1.10E-21  6.64E-22  4.01E-22
  2.44E-22  1.56E-22  9.77E-23  6.17E-23  4.05E-23  2.57E-23  1.69E-23  1.07E-23
  7.08E-24  4.84E-24  3.34E-24  2.45E-24  1.75E-24  1.33E-24  9.41E-25  7.21E-25
  5.41E-25  4.20E-25  3.16E-25  2.38E-25  1.91E-25  1.44E-25  1.09E-25  8.18E-26
  6.39E-26  4.82E-26  3.61E-26  2.74E-26  2.11E-26  1.58E-26  1.20E-26  8.94E-27
   96.018952638944441     
  0.00E+00  9.29E-10  5.69E-11  2.63E-12  4.54E-13  6.27E-14  1.08E-14  2.91E-15
  9.91E-16  3.40E-16  1.13E-16  4.12E-17  1.89E-17  8.38E-18  4.25E-18  1.89E-18
  1.03E-18  5.30E-19  2.94E-19  1.65E-19  9.51E-20  5.30E-20  3.20E-20  1.90E-20
  1.09E-20  6.71E-21  4.06E-21  2.36E-21  1.49E-21  9.22E-22  5.70E-22  3.44E-22
  2.05E-22  1.28E-22  8.02E-23  4.95E-23  3.28E-23  2.13E-23  1.42E-23  8.88E-24
  6.02E-24  4.06E-24  2.71E-24  2.01E-24  1.44E-24  1.10E-24  7.96E-25  6.00E-25
  4.64E-25  3.50E-25  2.63E-25  2.03E-25  1.60E-25  1.21E-25  9.21E-26  6.90E-26
  5.38E-26  4.11E-26  3.09E-26  2.33E-26  1.75E-26  1.32E-26  1.00E-26  7.38E-27
   98.022564442034067     
  0.00E+00  8.36E-10  4.97E-11  2.33E-12  4.11E-13  5.20E-14  9.06E-15  2.51E-15
  8.64E-16  2.97E-16  1.00E-16  3.62E-17  1.64E-17  7.47E-18  3.79E-18  1.68E-18
  8.98E-19  4.53E-19  2.55E-19  1.40E-19  8.40E-20  4.70E-20  2.80E-20  1.64E-20
  9.10E-21  5.76E-21  3.45E-21  1.99E-21  1.23E-21  7.51E-22  4.68E-22  2.94E-22
  1.72E-22  1.07E-22  6.53E-23  3.90E-23  2.62E-23  1.69E-23  1.15E-23  7.29E-24
  5.00E-24  3.36E-24  2.25E-24  1.64E-24  1.16E-24  8.95E-25  6.39E-25  4.97E-25
  3.86E-25  2.95E-25  2.20E-25  1.64E-25  1.31E-25  9.95E-26  7.63E-26  5.75E-26
  4.43E-26  3.36E-26  2.50E-26  1.90E-26  1.45E-26  1.08E-26  8.04E-27  6.01E-27
   100.01430704147901     
  0.00E+00  7.37E-10  4.38E-11  2.04E-12  3.73E-13  4.39E-14  7.77E-15  2.22E-15
  7.66E-16  2.67E-16  8.93E-17  3.26E-17  1.44E-17  6.64E-18  3.36E-18  1.49E-18
  7.91E-19  3.98E-19  2.20E-19  1.20E-19  7.45E-20  4.21E-20  2.45E-20  1.42E-20
  7.72E-21  4.95E-21  2.88E-21  1.71E-21  1.03E-21  6.23E-22  3.80E-22  2.46E-22
  1.43E-22  9.04E-23  5.39E-23  3.19E-23  2.12E-23  1.33E-23  9.22E-24  5.91E-24
  4.14E-24  2.80E-24  1.90E-24  1.37E-24  9.52E-25  7.22E-25  5.28E-25  4.10E-25
  3.13E-25  2.44E-25  1.87E-25  1.39E-25  1.08E-25  8.05E-26  6.23E-26  4.66E-26
  3.65E-26  2.77E-26  2.04E-26  1.52E-26  1.15E-26  8.60E-27  6.52E-27  4.79E-27
   102.01882216038022     
  0.00E+00  6.52E-10  3.90E-11  1.79E-12  3.42E-13  3.87E-14  6.83E-15  1.99E-15
  6.81E-16  2.42E-16  7.97E-17  2.99E-17  1.29E-17  5.96E-18  2.98E-18  1.33E-18
  7.05E-19  3.60E-19  1.93E-19  1.03E-19  6.56E-20  3.79E-20  2.16E-20  1.27E-20
  6.87E-21  4.28E-21  2.44E-21  1.47E-21  8.94E-22  5.30E-22  3.19E-22  2.07E-22
  1.22E-22  7.68E-23  4.60E-23  2.74E-23  1.74E-23  1.10E-23  7.53E-24  4.92E-24
  3.50E-24  2.40E-24  1.64E-24  1.19E-24  8.20E-25  6.15E-25  4.51E-25  3.46E-25
  2.70E-25  2.04E-25  1.58E-25  1.20E-25  9.36E-26  7.02E-26  5.29E-26  3.96E-26
  3.07E-26  2.31E-26  1.73E-26  1.30E-26  9.78E-27  7.15E-27  5.37E-27  3.99E-27
   104.01202706594255     
  0.00E+00  5.91E-10  3.45E-11  1.61E-12  3.16E-13  3.44E-14  5.98E-15  1.76E-15
  6.00E-16  2.19E-16  7.07E-17  2.75E-17  1.16E-17  5.33E-18  2.62E-18  1.19E-18
  6.32E-19  3.25E-19  1.71E-19  8.98E-20  5.74E-20  3.41E-20  1.90E-20  1.13E-20
  6.26E-21  3.75E-21  2.10E-21  1.25E-21  7.69E-22  4.57E-22  2.76E-22  1.77E-22
  1.06E-22  6.72E-23  3.99E-23  2.37E-23  1.49E-23  9.54E-24  6.34E-24  4.21E-24
  3.00E-24  2.08E-24  1.43E-24  1.06E-24  7.40E-25  5.51E-25  3.94E-25  3.03E-25
  2.33E-25  1.82E-25  1.37E-25  1.04E-25  8.15E-26  6.15E-26  4.69E-26  3.48E-26
  2.73E-26  2.03E-26  1.50E-26  1.13E-26  8.55E-27  6.37E-27  4.79E-27  3.55E-27
   106.01701329383803     
  0.00E+00  5.32E-10  3.06E-11  1.45E-12  2.91E-13  2.99E-14  5.20E-15  1.54E-15
  5.28E-16  1.97E-16  6.26E-17  2.51E-17  1.04E-17  4.71E-18  2.29E-18  1.04E-18
  5.65E-19  2.89E-19  1.53E-19  7.81E-20  5.03E-20  3.02E-20  1.66E-20  9.98E-21
  5.66E-21  3.31E-21  1.83E-21  1.07E-21  6.45E-22  3.91E-22  2.37E-22  1.53E-22
  9.11E-23  5.84E-23  3.53E-23  2.02E-23  1.30E-23  8.09E-24  5.44E-24  3.58E-24
  2.58E-24  1.77E-24  1.24E-24  9.12E-25  6.53E-25  4.91E-25  3.51E-25  2.67E-25
  2.00E-25  1.58E-25  1.21E-25  9.14E-26  7.10E-26  5.35E-26  4.04E-26  3.03E-26
  2.34E-26  1.78E-26  1.32E-26  9.96E-27  7.47E-27  5.49E-27  4.19E-27  3.11E-27
   108.02250832030910     
  0.00E+00  4.78E-10  2.70E-11  1.33E-12  2.66E-13  2.58E-14  4.55E-15  1.36E-15
  4.68E-16  1.79E-16  5.57E-17  2.27E-17  9.37E-18  4.17E-18  2.02E-18  9.09E-19
  5.06E-19  2.57E-19  1.36E-19  6.89E-20  4.45E-20  2.66E-20  1.47E-20  8.82E-21
  5.04E-21  2.96E-21  1.61E-21  9.23E-22  5.41E-22  3.28E-22  1.98E-22  1.30E-22
  7.78E-23  5.03E-23  3.10E-23  1.74E-23  1.12E-23  6.75E-24  4.59E-24  3.00E-24
  2.18E-24  1.51E-24  1.06E-24  7.79E-25  5.56E-25  4.26E-25  3.04E-25  2.33E-25
  1.73E-25  1.32E-25  1.02E-25  7.75E-26  6.12E-26  4.60E-26  3.48E-26  2.58E-26
  1.99E-26  1.49E-26  1.11E-26  8.38E-27  6.30E-27  4.67E-27  3.50E-27  2.59E-27
   110.01595820096531     
  0.00E+00  4.38E-10  2.40E-11  1.21E-12  2.42E-13  2.25E-14  4.02E-15  1.21E-15
  4.18E-16  1.62E-16  4.98E-17  2.05E-17  8.53E-18  3.75E-18  1.81E-18  8.06E-19
  4.55E-19  2.29E-19  1.20E-19  6.16E-20  3.95E-20  2.34E-20  1.30E-20  7.88E-21
  4.43E-21  2.63E-21  1.44E-21  8.00E-22  4.61E-22  2.69E-22  1.65E-22  1.08E-22
  6.55E-23  4.35E-23  2.69E-23  1.56E-23  9.67E-24  5.79E-24  3.88E-24  2.52E-24
  1.82E-24  1.30E-24  9.07E-25  6.74E-25  4.81E-25  3.67E-25  2.62E-25  2.02E-25
  1.51E-25  1.14E-25  8.57E-26  6.53E-26  5.15E-26  3.94E-26  2.99E-26  2.25E-26
  1.72E-26  1.29E-26  9.38E-27  7.02E-27  5.32E-27  3.92E-27  2.95E-27  2.18E-27
   112.02182434772368     
  0.00E+00  4.05E-10  2.10E-11  1.10E-12  2.19E-13  1.99E-14  3.57E-15  1.07E-15
  3.71E-16  1.45E-16  4.46E-17  1.86E-17  7.83E-18  3.40E-18  1.63E-18  7.18E-19
  4.05E-19  2.04E-19  1.06E-19  5.55E-20  3.49E-20  2.05E-20  1.14E-20  7.02E-21
  3.87E-21  2.30E-21  1.27E-21  6.96E-22  3.97E-22  2.24E-22  1.37E-22  8.88E-23
  5.44E-23  3.67E-23  2.30E-23  1.38E-23  8.54E-24  5.17E-24  3.34E-24  2.14E-24
  1.52E-24  1.10E-24  7.71E-25  5.78E-25  4.14E-25  3.17E-25  2.23E-25  1.73E-25
  1.31E-25  9.95E-26  7.33E-26  5.51E-26  4.31E-26  3.30E-26  2.52E-26  1.91E-26
  1.47E-26  1.11E-26  8.12E-27  6.01E-27  4.51E-27  3.32E-27  2.48E-27  1.83E-27
   114.01697518974935     
  0.00E+00  3.67E-10  1.86E-11  9.84E-13  2.00E-13  1.79E-14  3.20E-15  9.39E-16
  3.29E-16  1.31E-16  4.00E-17  1.69E-17  7.15E-18  3.12E-18  1.48E-18  6.44E-19
  3.59E-19  1.82E-19  9.41E-20  5.03E-20  3.08E-20  1.82E-20  1.01E-20  6.24E-21
  3.40E-21  2.01E-21  1.12E-21  6.09E-22  3.47E-22  1.94E-22  1.16E-22  7.41E-23
  4.52E-23  3.05E-23  1.93E-23  1.19E-23  7.52E-24  4.59E-24  2.93E-24  1.85E-24
  1.29E-24  9.30E-25  6.54E-25  4.93E-25  3.54E-25  2.71E-25  1.90E-25  1.46E-25
  1.11E-25  8.52E-26  6.27E-26  4.69E-26  3.61E-26  2.73E-26  2.09E-26  1.58E-26
  1.23E-26  9.29E-27  6.84E-27  5.10E-27  3.82E-27  2.79E-27  2.10E-27  1.54E-27
   116.01186741371606     
  0.00E+00  3.32E-10  1.69E-11  8.92E-13  1.83E-13  1.61E-14  2.88E-15  8.36E-16
  2.96E-16  1.18E-16  3.62E-17  1.53E-17  6.46E-18  2.86E-18  1.34E-18  5.81E-19
  3.20E-19  1.63E-19  8.34E-20  4.56E-20  2.74E-20  1.62E-20  8.99E-21  5.54E-21
  3.04E-21  1.79E-21  9.85E-22  5.36E-22  3.10E-22  1.72E-22  1.00E-22  6.30E-23
  3.84E-23  2.55E-23  1.60E-23  1.02E-23  6.53E-24  4.04E-24  2.61E-24  1.64E-24
  1.13E-24  8.02E-25  5.66E-25  4.26E-25  3.06E-25  2.34E-25  1.65E-25  1.26E-25
  9.52E-26  7.25E-26  5.45E-26  4.01E-26  3.11E-26  2.32E-26  1.77E-26  1.34E-26
  1.03E-26  7.86E-27  5.83E-27  4.36E-27  3.28E-27  2.42E-27  1.80E-27  1.34E-27
   118.01954307563676     
  0.00E+00  3.06E-10  1.51E-11  8.22E-13  1.66E-13  1.45E-14  2.59E-15  7.49E-16
  2.68E-16  1.06E-16  3.29E-17  1.38E-17  5.81E-18  2.61E-18  1.21E-18  5.28E-19
  2.88E-19  1.45E-19  7.44E-20  4.12E-20  2.43E-20  1.45E-20  8.10E-21  4.90E-21
  2.72E-21  1.61E-21  8.72E-22  4.69E-22  2.74E-22  1.52E-22  8.77E-23  5.36E-23
  3.28E-23  2.14E-23  1.34E-23  8.57E-24  5.60E-24  3.52E-24  2.29E-24  1.46E-24
  1.01E-24  7.02E-25  4.92E-25  3.71E-25  2.68E-25  2.05E-25  1.45E-25  1.11E-25
  8.33E-26  6.27E-26  4.73E-26  3.50E-26  2.70E-26  2.01E-26  1.52E-26  1.15E-26
  8.87E-27  6.77E-27  5.01E-27  3.81E-27  2.85E-27  2.11E-27  1.58E-27  1.18E-27
   120.01548905410577     
  0.00E+00  2.82E-10  1.32E-11  7.63E-13  1.50E-13  1.31E-14  2.32E-15  6.69E-16
  2.41E-16  9.53E-17  2.97E-17  1.24E-17  5.27E-18  2.38E-18  1.10E-18  4.82E-19
  2.61E-19  1.29E-19  6.66E-20  3.68E-20  2.17E-20  1.28E-20  7.25E-21  4.31E-21
  2.41E-21  1.44E-21  7.65E-22  4.13E-22  2.36E-22  1.34E-22  7.64E-23  4.57E-23
  2.74E-23  1.80E-23  1.12E-23  7.07E-24  4.70E-24  3.00E-24  1.96E-24  1.26E-24
  8.73E-25  6.01E-25  4.15E-25  3.14E-25  2.29E-25  1.75E-25  1.24E-25  9.50E-26
  7.12E-26  5.35E-26  3.98E-26  2.96E-26  2.29E-26  1.69E-26  1.28E-26  9.62E-27
  7.41E-27  5.63E-27  4.18E-27  3.17E-27  2.39E-27  1.75E-27  1.33E-27  9.79E-28
   122.01182640950074     
  0.00E+00  2.55E-10  1.18E-11  7.02E-13  1.36E-13  1.19E-14  2.10E-15  6.01E-16
  2.17E-16  8.59E-17  2.69E-17  1.12E-17  4.83E-18  2.17E-18  9.98E-19  4.42E-19
  2.35E-19  1.15E-19  5.97E-20  3.25E-20  1.93E-20  1.13E-20  6.44E-21  3.78E-21
  2.12E-21  1.27E-21  6.72E-22  3.67E-22  2.04E-22  1.17E-22  6.65E-23  3.91E-23
  2.28E-23  1.52E-23  9.36E-24  5.81E-24  3.88E-24  2.52E-24  1.64E-24  1.06E-24
  7.33E-25  5.05E-25  3.42E-25  2.59E-25  1.89E-25  1.45E-25  1.03E-25  7.88E-26
  5.95E-26  4.44E-26  3.28E-26  2.41E-26  1.87E-26  1.38E-26  1.04E-26  7.76E-27
  5.97E-27  4.53E-27  3.34E-27  2.55E-27  1.91E-27  1.40E-27  1.05E-27  7.77E-28
   124.02069882397409     
  0.00E+00  2.32E-10  1.09E-11  6.36E-13  1.23E-13  1.10E-14  1.92E-15  5.45E-16
  1.97E-16  7.80E-17  2.44E-17  1.02E-17  4.46E-18  2.00E-18  9.15E-19  4.08E-19
  2.14E-19  1.04E-19  5.40E-20  2.88E-20  1.72E-20  1.01E-20  5.71E-21  3.37E-21
  1.88E-21  1.13E-21  5.99E-22  3.29E-22  1.81E-22  1.04E-22  5.85E-23  3.39E-23
  1.94E-23  1.28E-23  7.93E-24  4.87E-24  3.22E-24  2.12E-24  1.40E-24  8.96E-25
  6.18E-25  4.28E-25  2.87E-25  2.15E-25  1.56E-25  1.21E-25  8.59E-26  6.55E-26
  5.01E-26  3.73E-26  2.74E-26  1.99E-26  1.53E-26  1.13E-26  8.44E-27  6.31E-27
  4.82E-27  3.67E-27  2.70E-27  2.05E-27  1.53E-27  1.14E-27  8.48E-28  6.23E-28
   126.01774369094289     
  0.00E+00  2.18E-10  9.94E-12  5.78E-13  1.13E-13  1.02E-14  1.75E-15  4.95E-16
  1.79E-16  7.06E-17  2.22E-17  9.18E-18  4.09E-18  1.83E-18  8.41E-19  3.76E-19
  1.95E-19  9.52E-20  4.93E-20  2.59E-20  1.54E-20  9.04E-21  5.09E-21  3.03E-21
  1.69E-21  1.01E-21  5.41E-22  2.95E-22  1.64E-22  9.29E-23  5.22E-23  2.98E-23
  1.70E-23  1.10E-23  6.86E-24  4.20E-24  2.74E-24  1.81E-24  1.20E-24  7.75E-25
  5.34E-25  3.67E-25  2.49E-25  1.83E-25  1.32E-25  1.03E-25  7.35E-26  5.63E-26
  4.25E-26  3.20E-26  2.37E-26  1.72E-26  1.30E-26  9.66E-27  7.10E-27  5.35E-27
  4.06E-27  3.08E-27  2.28E-27  1.73E-27  1.30E-27  9.62E-28  7.23E-28  5.29E-28
   128.01502362305155     
  0.00E+00  2.00E-10  8.92E-12  5.33E-13  1.03E-13  9.38E-15  1.58E-15  4.49E-16
  1.63E-16  6.37E-17  2.01E-17  8.23E-18  3.72E-18  1.65E-18  7.68E-19  3.42E-19
  1.79E-19  8.68E-20  4.47E-20  2.33E-20  1.38E-20  8.12E-21  4.50E-21  2.72E-21
  1.52E-21  8.94E-22  4.89E-22  2.65E-22  1.49E-22  8.29E-23  4.66E-23  2.66E-23
  1.50E-23  9.38E-24  5.91E-24  3.64E-24  2.34E-24  1.53E-24  1.03E-24  6.71E-25
  4.59E-25  3.14E-25  2.14E-25  1.58E-25  1.11E-25  8.67E-26  6.23E-26  4.84E-26
  3.61E-26  2.73E-26  2.05E-26  1.49E-26  1.13E-26  8.30E-27  6.15E-27  4.59E-27
  3.49E-27  2.64E-27  1.97E-27  1.48E-27  1.12E-27  8.31E-28  6.28E-28  4.62E-28
   130.01285309990487     
  0.00E+00  1.78E-10  8.13E-12  4.94E-13  9.36E-14  8.61E-15  1.43E-15  4.11E-16
  1.48E-16  5.80E-17  1.84E-17  7.41E-18  3.37E-18  1.49E-18  7.01E-19  3.11E-19
  1.65E-19  7.94E-20  4.04E-20  2.09E-20  1.24E-20  7.27E-21  3.98E-21  2.42E-21
  1.37E-21  7.88E-22  4.37E-22  2.37E-22  1.36E-22  7.36E-23  4.17E-23  2.38E-23
  1.32E-23  8.05E-24  5.04E-24  3.10E-24  1.99E-24  1.28E-24  8.66E-25  5.72E-25
  3.89E-25  2.67E-25  1.80E-25  1.34E-25  9.28E-26  7.20E-26  5.17E-26  4.07E-26
  3.07E-26  2.28E-26  1.74E-26  1.27E-26  9.76E-27  7.08E-27  5.27E-27  3.97E-27
  2.97E-27  2.28E-27  1.68E-27  1.28E-27  9.65E-28  7.13E-28  5.43E-28  3.99E-28
   132.02301981223536     
  0.00E+00  1.61E-10  7.51E-12  4.59E-13  8.54E-14  8.01E-15  1.32E-15  3.79E-16
  1.36E-16  5.33E-17  1.67E-17  6.71E-18  3.07E-18  1.36E-18  6.43E-19  2.84E-19
  1.52E-19  7.28E-20  3.66E-20  1.89E-20  1.11E-20  6.49E-21  3.53E-21  2.15E-21
  1.22E-21  6.97E-22  3.90E-22  2.13E-22  1.24E-22  6.61E-23  3.75E-23  2.14E-23
  1.19E-23  7.05E-24  4.30E-24  2.62E-24  1.71E-24  1.09E-24  7.32E-25  4.82E-25
  3.35E-25  2.28E-25  1.53E-25  1.14E-25  7.91E-26  6.04E-26  4.33E-26  3.41E-26
  2.62E-26  1.91E-26  1.49E-26  1.07E-26  8.43E-27  6.15E-27  4.52E-27  3.45E-27
  2.56E-27  1.99E-27  1.45E-27  1.11E-27  8.42E-28  6.20E-28  4.77E-28  3.47E-28
   134.02173914646539     
  0.00E+00  1.52E-10  6.87E-12  4.23E-13  7.83E-14  7.51E-15  1.21E-15  3.49E-16
  1.24E-16  4.86E-17  1.51E-17  6.09E-18  2.80E-18  1.25E-18  5.96E-19  2.61E-19
  1.41E-19  6.68E-20  3.34E-20  1.72E-20  1.00E-20  5.79E-21  3.15E-21  1.90E-21
  1.10E-21  6.24E-22  3.48E-22  1.92E-22  1.12E-22  6.04E-23  3.41E-23  1.93E-23
  1.08E-23  6.32E-24  3.74E-24  2.24E-24  1.48E-24  9.41E-25  6.22E-25  4.08E-25
  2.89E-25  1.95E-25  1.32E-25  9.63E-26  6.74E-26  5.16E-26  3.66E-26  2.89E-26
  2.21E-26  1.63E-26  1.28E-26  9.17E-27  7.30E-27  5.35E-27  3.96E-27  3.01E-27
  2.24E-27  1.75E-27  1.27E-27  9.82E-28  7.41E-28  5.48E-28  4.26E-28  3.08E-28
   136.02009692679084     
  0.00E+00  1.41E-10  6.34E-12  3.85E-13  7.18E-14  7.01E-15  1.11E-15  3.20E-16
  1.13E-16  4.43E-17  1.38E-17  5.53E-18  2.54E-18  1.15E-18  5.53E-19  2.41E-19
  1.31E-19  6.08E-20  3.05E-20  1.56E-20  9.04E-21  5.19E-21  2.80E-21  1.69E-21
  9.80E-22  5.61E-22  3.11E-22  1.73E-22  1.00E-22  5.53E-23  3.11E-23  1.75E-23
  9.70E-24  5.67E-24  3.30E-24  1.94E-24  1.27E-24  8.09E-25  5.25E-25  3.45E-25
  2.44E-25  1.65E-25  1.13E-25  8.09E-26  5.63E-26  4.41E-26  3.06E-26  2.44E-26
  1.84E-26  1.39E-26  1.09E-26  7.73E-27  6.29E-27  4.60E-27  3.47E-27  2.64E-27
  1.95E-27  1.56E-27  1.12E-27  8.70E-28  6.54E-28  4.84E-28  3.84E-28  2.74E-28
   138.01817134086150     
  0.00E+00  1.28E-10  5.93E-12  3.52E-13  6.62E-14  6.53E-15  1.02E-15  2.95E-16
  1.04E-16  4.08E-17  1.26E-17  5.04E-18  2.29E-18  1.06E-18  5.09E-19  2.23E-19
  1.20E-19  5.53E-20  2.79E-20  1.41E-20  8.20E-21  4.68E-21  2.48E-21  1.50E-21
  8.77E-22  5.03E-22  2.77E-22  1.55E-22  8.94E-23  5.02E-23  2.83E-23  1.60E-23
  8.72E-24  5.10E-24  2.94E-24  1.70E-24  1.10E-24  6.95E-25  4.47E-25  2.91E-25
  2.05E-25  1.40E-25  9.51E-26  6.83E-26  4.72E-26  3.73E-26  2.59E-26  2.05E-26
  1.56E-26  1.18E-26  9.37E-27  6.57E-27  5.43E-27  3.96E-27  3.03E-27  2.35E-27
  1.70E-27  1.40E-27  9.92E-28  7.77E-28  5.85E-28  4.29E-28  3.49E-28  2.45E-28
   140.01677466316511     
  0.00E+00  1.16E-10  5.50E-12  3.25E-13  6.13E-14  6.08E-15  9.37E-16  2.74E-16
  9.57E-17  3.76E-17  1.15E-17  4.59E-18  2.05E-18  9.63E-19  4.65E-19  2.06E-19
  1.10E-19  5.10E-20  2.55E-20  1.28E-20  7.48E-21  4.22E-21  2.21E-21  1.34E-21
  7.87E-22  4.50E-22  2.49E-22  1.40E-22  8.06E-23  4.53E-23  2.58E-23  1.48E-23
  8.02E-24  4.66E-24  2.66E-24  1.52E-24  9.64E-25  6.03E-25  3.88E-25  2.49E-25
  1.74E-25  1.20E-25  8.05E-26  5.86E-26  4.04E-26  3.16E-26  2.24E-26  1.73E-26
  1.35E-26  1.01E-26  8.20E-27  5.74E-27  4.76E-27  3.51E-27  2.67E-27  2.13E-27
  1.52E-27  1.28E-27  9.01E-28  7.08E-28  5.39E-28  3.89E-28  3.24E-28  2.24E-28
   142.01627413107968     
  0.00E+00  1.07E-10  5.04E-12  3.03E-13  5.67E-14  5.66E-15  8.64E-16  2.54E-16
  8.85E-17  3.45E-17  1.04E-17  4.21E-18  1.84E-18  8.85E-19  4.26E-19  1.91E-19
  1.02E-19  4.74E-20  2.33E-20  1.17E-20  6.81E-21  3.79E-21  1.98E-21  1.19E-21
  7.07E-22  4.02E-22  2.24E-22  1.26E-22  7.33E-23  4.10E-23  2.35E-23  1.38E-23
  7.49E-24  4.33E-24  2.43E-24  1.38E-24  8.56E-25  5.27E-25  3.40E-25  2.15E-25
  1.49E-25  1.03E-25  6.80E-26  5.01E-26  3.50E-26  2.69E-26  1.93E-26  1.48E-26
  1.17E-26  8.73E-27  7.10E-27  5.06E-27  4.16E-27  3.12E-27  2.36E-27  1.93E-27
  1.38E-27  1.16E-27  8.22E-28  6.46E-28  4.97E-28  3.58E-28  2.99E-28  2.06E-28
   144.01603979654573     
  0.00E+00  9.91E-11  4.65E-12  2.81E-13  5.24E-14  5.30E-15  7.99E-16  2.35E-16
  8.18E-17  3.15E-17  9.46E-18  3.88E-18  1.68E-18  8.19E-19  3.92E-19  1.76E-19
  9.40E-20  4.42E-20  2.12E-20  1.07E-20  6.15E-21  3.40E-21  1.76E-21  1.05E-21
  6.31E-22  3.57E-22  2.01E-22  1.12E-22  6.64E-23  3.69E-23  2.12E-23  1.26E-23
  6.85E-24  4.02E-24  2.22E-24  1.26E-24  7.57E-25  4.58E-25  2.94E-25  1.84E-25
  1.25E-25  8.70E-26  5.76E-26  4.17E-26  2.96E-26  2.26E-26  1.63E-26  1.25E-26
  9.84E-27  7.42E-27  5.98E-27  4.35E-27  3.55E-27  2.69E-27  2.03E-27  1.68E-27
  1.21E-27  1.01E-27  7.23E-28  5.66E-28  4.38E-28  3.16E-28  2.62E-28  1.82E-28
   146.01539915081148     
  0.00E+00  9.13E-11  4.39E-12  2.56E-13  4.86E-14  4.99E-15  7.42E-16  2.16E-16
  7.59E-17  2.89E-17  8.62E-18  3.59E-18  1.54E-18  7.58E-19  3.62E-19  1.62E-19
  8.71E-20  4.09E-20  1.93E-20  9.76E-21  5.54E-21  3.05E-21  1.57E-21  9.37E-22
  5.61E-22  3.17E-22  1.80E-22  9.92E-23  5.92E-23  3.29E-23  1.89E-23  1.13E-23
  6.14E-24  3.68E-24  2.00E-24  1.14E-24  6.67E-25  3.98E-25  2.53E-25  1.57E-25
  1.04E-25  7.25E-26  4.84E-26  3.44E-26  2.44E-26  1.88E-26  1.35E-26  1.03E-26
  8.19E-27  6.16E-27  4.95E-27  3.63E-27  2.96E-27  2.26E-27  1.70E-27  1.41E-27
  1.03E-27  8.47E-28  6.16E-28  4.79E-28  3.70E-28  2.68E-28  2.19E-28  1.54E-28
   148.01454532899510     
  0.00E+00  8.51E-11  4.13E-12  2.33E-13  4.52E-14  4.70E-15  6.89E-16  2.00E-16
  7.06E-17  2.67E-17  7.91E-18  3.30E-18  1.41E-18  6.95E-19  3.33E-19  1.48E-19
  8.05E-20  3.76E-20  1.78E-20  8.94E-21  5.02E-21  2.77E-21  1.40E-21  8.40E-22
  4.99E-22  2.83E-22  1.61E-22  8.85E-23  5.25E-23  2.93E-23  1.70E-23  1.00E-23
  5.54E-24  3.34E-24  1.82E-24  1.03E-24  5.97E-25  3.51E-25  2.21E-25  1.36E-25
  8.93E-26  6.09E-26  4.09E-26  2.89E-26  2.04E-26  1.58E-26  1.14E-26  8.57E-27
  6.88E-27  5.18E-27  4.10E-27  3.06E-27  2.46E-27  1.91E-27  1.43E-27  1.18E-27
  8.76E-28  7.11E-28  5.27E-28  4.06E-28  3.14E-28  2.29E-28  1.83E-28  1.31E-28
   150.01407258393456     
  0.00E+00  7.91E-11  3.80E-12  2.13E-13  4.20E-14  4.40E-15  6.37E-16  1.85E-16
  6.56E-17  2.45E-17  7.26E-18  3.02E-18  1.29E-18  6.33E-19  3.03E-19  1.35E-19
  7.42E-20  3.45E-20  1.65E-20  8.21E-21  4.57E-21  2.52E-21  1.25E-21  7.56E-22
  4.46E-22  2.53E-22  1.45E-22  7.94E-23  4.65E-23  2.61E-23  1.53E-23  8.93E-24
  5.05E-24  3.02E-24  1.68E-24  9.36E-25  5.46E-25  3.14E-25  1.97E-25  1.20E-25
  7.80E-26  5.19E-26  3.50E-26  2.47E-26  1.73E-26  1.33E-26  9.65E-27  7.28E-27
  5.82E-27  4.43E-27  3.44E-27  2.63E-27  2.08E-27  1.64E-27  1.23E-27  9.98E-28
  7.58E-28  6.07E-28  4.56E-28  3.51E-28  2.70E-28  2.00E-28  1.57E-28  1.13E-28
   152.01419136903201     
  0.00E+00  7.21E-11  3.52E-12  1.97E-13  3.90E-14  4.11E-15  5.89E-16  1.71E-16
  6.10E-17  2.25E-17  6.67E-18  2.75E-18  1.17E-18  5.77E-19  2.76E-19  1.24E-19
  6.84E-20  3.18E-20  1.53E-20  7.54E-21  4.16E-21  2.28E-21  1.12E-21  6.80E-22
  3.97E-22  2.25E-22  1.31E-22  7.12E-23  4.10E-23  2.32E-23  1.37E-23  8.04E-24
  4.59E-24  2.70E-24  1.54E-24  8.38E-25  5.01E-25  2.82E-25  1.75E-25  1.05E-25
  6.80E-26  4.46E-26  2.98E-26  2.10E-26  1.47E-26  1.12E-26  8.22E-27  6.18E-27
  4.90E-27  3.77E-27  2.89E-27  2.24E-27  1.76E-27  1.39E-27  1.05E-27  8.35E-28
  6.48E-28  5.14E-28  3.88E-28  3.00E-28  2.28E-28  1.72E-28  1.32E-28  9.66E-29
   154.01468452225689     
  0.00E+00  6.56E-11  3.31E-12  1.82E-13  3.62E-14  3.87E-15  5.48E-16  1.59E-16
  5.70E-17  2.08E-17  6.15E-18  2.51E-18  1.08E-18  5.28E-19  2.53E-19  1.15E-19
  6.31E-20  2.93E-20  1.42E-20  6.94E-21  3.78E-21  2.07E-21  1.01E-21  6.09E-22
  3.54E-22  2.00E-22  1.17E-22  6.34E-23  3.62E-23  2.06E-23  1.21E-23  7.28E-24
  4.11E-24  2.42E-24  1.40E-24  7.49E-25  4.55E-25  2.53E-25  1.55E-25  9.15E-26
  5.92E-26  3.85E-26  2.52E-26  1.79E-26  1.25E-26  9.50E-27  6.92E-27  5.25E-27
  4.10E-27  3.19E-27  2.42E-27  1.87E-27  1.47E-27  1.15E-27  8.78E-28  6.86E-28
  5.38E-28  4.24E-28  3.18E-28  2.49E-28  1.87E-28  1.42E-28  1.08E-28  7.88E-29
   156.01518052894818     
  0.00E+00  6.16E-11  3.09E-12  1.67E-13  3.36E-14  3.69E-15  5.13E-16  1.47E-16
  5.31E-17  1.91E-17  5.70E-18  2.29E-18  1.00E-18  4.85E-19  2.33E-19  1.07E-19
  5.82E-20  2.70E-20  1.31E-20  6.39E-21  3.47E-21  1.87E-21  9.17E-22  5.47E-22
  3.15E-22  1.78E-22  1.03E-22  5.64E-23  3.22E-23  1.83E-23  1.06E-23  6.50E-24
  3.66E-24  2.16E-24  1.26E-24  6.69E-25  4.07E-25  2.28E-25  1.38E-25  8.00E-26
  5.13E-26  3.34E-26  2.16E-26  1.52E-26  1.06E-26  8.01E-27  5.78E-27  4.42E-27
  3.43E-27  2.66E-27  2.01E-27  1.55E-27  1.22E-27  9.35E-28  7.19E-28  5.56E-28
  4.36E-28  3.43E-28  2.54E-28  2.01E-28  1.49E-28  1.13E-28  8.58E-29  6.20E-29
   158.01546412030308     
  0.00E+00  5.86E-11  2.88E-12  1.52E-13  3.11E-14  3.50E-15  4.77E-16  1.35E-16
  4.92E-17  1.77E-17  5.29E-18  2.08E-18  9.25E-19  4.45E-19  2.15E-19  1.00E-19
  5.34E-20  2.46E-20  1.21E-20  5.89E-21  3.19E-21  1.69E-21  8.40E-22  4.92E-22
  2.80E-22  1.59E-22  9.12E-23  5.02E-23  2.88E-23  1.61E-23  9.26E-24  5.69E-24
  3.25E-24  1.91E-24  1.12E-24  5.89E-25  3.57E-25  2.04E-25  1.21E-25  6.99E-26
  4.45E-26  2.91E-26  1.84E-26  1.29E-26  8.94E-27  6.73E-27  4.79E-27  3.70E-27
  2.85E-27  2.21E-27  1.67E-27  1.27E-27  9.98E-28  7.58E-28  5.82E-28  4.48E-28
  3.49E-28  2.74E-28  2.01E-28  1.58E-28  1.18E-28  8.81E-29  6.70E-29  4.79E-29
   160.01569464590358     
  0.00E+00  5.43E-11  2.69E-12  1.38E-13  2.87E-14  3.30E-15  4.42E-16  1.25E-16
  4.54E-17  1.63E-17  4.91E-18  1.89E-18  8.49E-19  4.06E-19  1.97E-19  9.24E-20
  4.87E-20  2.24E-20  1.11E-20  5.44E-21  2.94E-21  1.53E-21  7.68E-22  4.42E-22
  2.47E-22  1.42E-22  8.01E-23  4.47E-23  2.57E-23  1.42E-23  8.09E-24  4.95E-24
  2.86E-24  1.68E-24  9.92E-25  5.17E-25  3.09E-25  1.81E-25  1.07E-25  6.14E-26
  3.87E-26  2.52E-26  1.59E-26  1.11E-26  7.65E-27  5.67E-27  3.99E-27  3.11E-27
  2.37E-27  1.83E-27  1.39E-27  1.04E-27  8.18E-28  6.19E-28  4.72E-28  3.62E-28
  2.79E-28  2.19E-28  1.59E-28  1.25E-28  9.31E-29  6.88E-29  5.22E-29  3.72E-29
   162.01635048804357     
  0.00E+00  4.92E-11  2.52E-12  1.26E-13  2.66E-14  3.11E-15  4.11E-16  1.17E-16
  4.20E-17  1.51E-17  4.55E-18  1.72E-18  7.77E-19  3.70E-19  1.80E-19  8.52E-20
  4.45E-20  2.05E-20  1.02E-20  5.04E-21  2.71E-21  1.39E-21  7.02E-22  3.98E-22
  2.19E-22  1.28E-22  7.07E-23  3.98E-23  2.29E-23  1.26E-23  7.14E-24  4.34E-24
  2.53E-24  1.47E-24  8.81E-25  4.63E-25  2.73E-25  1.61E-25  9.50E-26  5.44E-26
  3.41E-26  2.21E-26  1.38E-26  9.66E-27  6.61E-27  4.88E-27  3.40E-27  2.62E-27
  2.01E-27  1.53E-27  1.17E-27  8.76E-28  6.80E-28  5.15E-28  3.87E-28  2.98E-28
  2.27E-28  1.77E-28  1.29E-28  9.93E-29  7.48E-29  5.46E-29  4.12E-29  2.94E-29
   164.01731480995375     
  0.00E+00  4.54E-11  2.34E-12  1.16E-13  2.45E-14  2.95E-15  3.84E-16  1.09E-16
  3.89E-17  1.40E-17  4.21E-18  1.58E-18  7.11E-19  3.38E-19  1.65E-19  7.88E-20
  4.08E-20  1.89E-20  9.34E-21  4.67E-21  2.52E-21  1.28E-21  6.44E-22  3.62E-22
  1.95E-22  1.15E-22  6.25E-23  3.55E-23  2.03E-23  1.12E-23  6.36E-24  3.83E-24
  2.24E-24  1.31E-24  7.84E-25  4.20E-25  2.47E-25  1.43E-25  8.56E-26  4.87E-26
  3.08E-26  1.96E-26  1.21E-26  8.45E-27  5.76E-27  4.24E-27  2.94E-27  2.24E-27
  1.71E-27  1.29E-27  9.89E-28  7.38E-28  5.72E-28  4.32E-28  3.22E-28  2.47E-28
  1.87E-28  1.44E-28  1.06E-28  7.98E-29  6.04E-29  4.37E-29  3.27E-29  2.34E-29
   166.01841544021909     
  0.00E+00  4.30E-11  2.17E-12  1.07E-13  2.25E-14  2.81E-15  3.59E-16  1.02E-16
  3.59E-17  1.29E-17  3.87E-18  1.45E-18  6.52E-19  3.12E-19  1.52E-19  7.31E-20
  3.77E-20  1.75E-20  8.62E-21  4.28E-21  2.34E-21  1.18E-21  5.92E-22  3.29E-22
  1.74E-22  1.04E-22  5.50E-23  3.15E-23  1.81E-23  9.90E-24  5.63E-24  3.38E-24
  1.95E-24  1.16E-24  6.87E-25  3.75E-25  2.23E-25  1.26E-25  7.63E-26  4.34E-26
  2.75E-26  1.71E-26  1.07E-26  7.34E-27  5.03E-27  3.65E-27  2.53E-27  1.90E-27
  1.45E-27  1.08E-27  8.22E-28  6.16E-28  4.74E-28  3.55E-28  2.63E-28  2.00E-28
  1.51E-28  1.14E-28  8.43E-29  6.26E-29  4.72E-29  3.41E-29  2.51E-29  1.81E-29
   168.01959832447776     
  0.00E+00  4.04E-11  2.04E-12  9.72E-14  2.06E-14  2.67E-15  3.37E-16  9.43E-17
  3.31E-17  1.19E-17  3.55E-18  1.34E-18  6.01E-19  2.90E-19  1.39E-19  6.78E-20
  3.48E-20  1.62E-20  7.92E-21  3.89E-21  2.14E-21  1.08E-21  5.42E-22  2.98E-22
  1.57E-22  9.25E-23  4.83E-23  2.77E-23  1.59E-23  8.69E-24  4.93E-24  2.95E-24
  1.68E-24  1.01E-24  5.88E-25  3.26E-25  1.96E-25  1.09E-25  6.61E-26  3.79E-26
  2.40E-26  1.49E-26  9.32E-27  6.30E-27  4.33E-27  3.11E-27  2.15E-27  1.60E-27
  1.20E-27  8.93E-28  6.70E-28  5.03E-28  3.84E-28  2.85E-28  2.10E-28  1.57E-28
  1.19E-28  8.85E-29  6.50E-29  4.78E-29  3.56E-29  2.57E-29  1.86E-29  1.33E-29
   170.02060015218225     
  0.00E+00  3.76E-11  1.92E-12  8.83E-14  1.89E-14  2.52E-15  3.15E-16  8.80E-17
  3.04E-17  1.11E-17  3.25E-18  1.24E-18  5.52E-19  2.68E-19  1.27E-19  6.26E-20
  3.22E-20  1.48E-20  7.25E-21  3.53E-21  1.93E-21  9.95E-22  4.97E-22  2.71E-22
  1.42E-22  8.18E-23  4.29E-23  2.44E-23  1.40E-23  7.64E-24  4.31E-24  2.56E-24
  1.45E-24  8.78E-25  5.00E-25  2.84E-25  1.70E-25  9.56E-26  5.66E-26  3.31E-26
  2.09E-26  1.30E-26  8.14E-27  5.44E-27  3.71E-27  2.67E-27  1.84E-27  1.36E-27
  9.97E-28  7.41E-28  5.48E-28  4.12E-28  3.12E-28  2.30E-28  1.68E-28  1.25E-28
  9.38E-29  6.92E-29  5.01E-29  3.66E-29  2.69E-29  1.94E-29  1.39E-29  9.84E-30
   172.02170225811881     
  0.00E+00  3.49E-11  1.79E-12  8.07E-14  1.73E-14  2.37E-15  2.95E-16  8.24E-17
  2.79E-17  1.03E-17  2.97E-18  1.15E-18  5.05E-19  2.46E-19  1.15E-19  5.76E-20
  2.99E-20  1.35E-20  6.62E-21  3.25E-21  1.75E-21  9.20E-22  4.59E-22  2.50E-22
  1.28E-22  7.27E-23  3.86E-23  2.17E-23  1.24E-23  6.79E-24  3.80E-24  2.25E-24
  1.28E-24  7.73E-25  4.32E-25  2.48E-25  1.50E-25  8.48E-26  4.95E-26  2.94E-26
  1.84E-26  1.15E-26  7.17E-27  4.79E-27  3.24E-27  2.31E-27  1.59E-27  1.17E-27
  8.52E-28  6.28E-28  4.60E-28  3.42E-28  2.59E-28  1.90E-28  1.39E-28  1.02E-28
  7.62E-29  5.59E-29  3.97E-29  2.90E-29  2.12E-29  1.52E-29  1.07E-29  7.55E-30
   174.02248336444831     
  0.00E+00  3.25E-11  1.67E-12  7.42E-14  1.57E-14  2.22E-15  2.76E-16  7.72E-17
  2.56E-17  9.52E-18  2.71E-18  1.06E-18  4.63E-19  2.25E-19  1.05E-19  5.29E-20
  2.78E-20  1.23E-20  6.06E-21  2.99E-21  1.60E-21  8.50E-22  4.25E-22  2.32E-22
  1.17E-22  6.51E-23  3.46E-23  1.93E-23  1.10E-23  6.05E-24  3.36E-24  1.98E-24
  1.13E-24  6.86E-25  3.84E-25  2.17E-25  1.32E-25  7.59E-26  4.43E-26  2.61E-26
  1.65E-26  1.02E-26  6.38E-27  4.30E-27  2.85E-27  2.02E-27  1.38E-27  1.02E-27
  7.42E-28  5.41E-28  3.92E-28  2.88E-28  2.18E-28  1.59E-28  1.16E-28  8.47E-29
  6.28E-29  4.59E-29  3.22E-29  2.34E-29  1.71E-29  1.21E-29  8.50E-30  5.93E-30
   176.02339279572044     
  0.00E+00  3.01E-11  1.57E-12  6.84E-14  1.43E-14  2.10E-15  2.60E-16  7.21E-17
  2.35E-17  8.85E-18  2.49E-18  9.72E-19  4.25E-19  2.07E-19  9.67E-20  4.87E-20
  2.58E-20  1.12E-20  5.56E-21  2.74E-21  1.49E-21  7.81E-22  3.91E-22  2.15E-22
  1.07E-22  5.86E-23  3.07E-23  1.71E-23  9.76E-24  5.36E-24  2.98E-24  1.72E-24
  9.93E-25  6.02E-25  3.40E-25  1.91E-25  1.16E-25  6.70E-26  3.98E-26  2.31E-26
  1.47E-26  9.10E-27  5.69E-27  3.82E-27  2.50E-27  1.77E-27  1.20E-27  8.73E-28
  6.39E-28  4.62E-28  3.33E-28  2.40E-28  1.82E-28  1.31E-28  9.58E-29  6.94E-29
  5.07E-29  3.70E-29  2.59E-29  1.84E-29  1.36E-29  9.37E-30  6.59E-30  4.57E-30
   178.01293835590795     
  0.00E+00  2.82E-11  1.47E-12  6.27E-14  1.30E-14  1.97E-15  2.47E-16  6.72E-17
  2.15E-17  8.25E-18  2.29E-18  8.95E-19  3.91E-19  1.90E-19  8.93E-20  4.49E-20
  2.39E-20  1.03E-20  5.10E-21  2.50E-21  1.37E-21  7.17E-22  3.59E-22  1.98E-22
  9.85E-23  5.27E-23  2.73E-23  1.51E-23  8.56E-24  4.73E-24  2.61E-24  1.50E-24
  8.59E-25  5.25E-25  2.95E-25  1.67E-25  1.00E-25  5.84E-26  3.50E-26  2.05E-26
  1.29E-26  8.06E-27  4.97E-27  3.35E-27  2.18E-27  1.53E-27  1.02E-27  7.46E-28
  5.44E-28  3.86E-28  2.79E-28  1.99E-28  1.49E-28  1.07E-28  7.77E-29  5.57E-29
  4.01E-29  2.92E-29  2.03E-29  1.42E-29  1.04E-29  7.15E-30  4.96E-30  3.42E-30
   180.01441554650876     
  0.00E+00  2.68E-11  1.39E-12  5.72E-14  1.18E-14  1.84E-15  2.33E-16  6.26E-17
  1.97E-17  7.67E-18  2.11E-18  8.23E-19  3.60E-19  1.75E-19  8.26E-20  4.12E-20
  2.21E-20  9.46E-21  4.67E-21  2.27E-21  1.25E-21  6.57E-22  3.29E-22  1.81E-22
  9.09E-23  4.76E-23  2.43E-23  1.32E-23  7.54E-24  4.18E-24  2.28E-24  1.31E-24
  7.36E-25  4.55E-25  2.58E-25  1.45E-25  8.59E-26  5.08E-26  3.01E-26  1.80E-26
  1.12E-26  7.07E-27  4.33E-27  2.90E-27  1.89E-27  1.32E-27  8.76E-28  6.35E-28
  4.61E-28  3.26E-28  2.35E-28  1.64E-28  1.22E-28  8.70E-29  6.30E-29  4.46E-29
  3.20E-29  2.31E-29  1.60E-29  1.10E-29  7.97E-30  5.45E-30  3.73E-30  2.56E-30
   182.01567567094969     
  0.00E+00  2.52E-11  1.30E-12  5.22E-14  1.07E-14  1.71E-15  2.19E-16  5.84E-17
  1.80E-17  7.10E-18  1.95E-18  7.55E-19  3.31E-19  1.60E-19  7.61E-20  3.74E-20
  2.03E-20  8.72E-21  4.26E-21  2.07E-21  1.13E-21  6.00E-22  3.01E-22  1.66E-22
  8.38E-23  4.34E-23  2.19E-23  1.17E-23  6.72E-24  3.69E-24  2.02E-24  1.15E-24
  6.38E-25  3.95E-25  2.27E-25  1.27E-25  7.43E-26  4.40E-26  2.62E-26  1.58E-26
  9.71E-27  6.17E-27  3.79E-27  2.52E-27  1.64E-27  1.15E-27  7.54E-28  5.46E-28
  3.95E-28  2.79E-28  1.98E-28  1.38E-28  1.02E-28  7.21E-29  5.20E-29  3.64E-29
  2.61E-29  1.86E-29  1.28E-29  8.75E-30  6.26E-30  4.26E-30  2.88E-30  1.96E-30
   184.01666845642231     
  0.00E+00  2.31E-11  1.23E-12  4.81E-14  9.66E-15  1.58E-15  2.06E-16  5.46E-17
  1.64E-17  6.56E-18  1.81E-18  6.90E-19  3.05E-19  1.46E-19  6.99E-20  3.38E-20
  1.87E-20  8.05E-21  3.89E-21  1.89E-21  1.03E-21  5.47E-22  2.75E-22  1.52E-22
  7.73E-23  3.99E-23  1.99E-23  1.04E-23  5.99E-24  3.25E-24  1.80E-24  1.02E-24
  5.58E-25  3.44E-25  1.99E-25  1.12E-25  6.56E-26  3.82E-26  2.32E-26  1.39E-26
  8.65E-27  5.45E-27  3.33E-27  2.21E-27  1.44E-27  1.01E-27  6.55E-28  4.79E-28
  3.40E-28  2.41E-28  1.70E-28  1.19E-28  8.61E-29  6.10E-29  4.34E-29  3.03E-29
  2.18E-29  1.53E-29  1.05E-29  7.13E-30  5.03E-30  3.41E-30  2.30E-30  1.54E-30
   186.01763578807902     
  0.00E+00  2.14E-11  1.16E-12  4.45E-14  8.72E-15  1.47E-15  1.95E-16  5.09E-17
  1.50E-17  6.06E-18  1.69E-18  6.31E-19  2.81E-19  1.33E-19  6.41E-20  3.06E-20
  1.73E-20  7.45E-21  3.57E-21  1.74E-21  9.43E-22  5.02E-22  2.48E-22  1.39E-22
  7.15E-23  3.69E-23  1.81E-23  9.39E-24  5.32E-24  2.87E-24  1.60E-24  9.12E-25
  4.90E-25  2.99E-25  1.76E-25  9.88E-26  5.85E-26  3.38E-26  2.06E-26  1.23E-26
  7.77E-27  4.88E-27  3.00E-27  1.96E-27  1.27E-27  8.90E-28  5.75E-28  4.18E-28
  2.95E-28  2.10E-28  1.46E-28  1.01E-28  7.39E-29  5.19E-29  3.65E-29  2.53E-29
  1.82E-29  1.27E-29  8.68E-30  5.87E-30  4.10E-30  2.76E-30  1.85E-30  1.23E-30
   188.01883420594311     
  0.00E+00  2.02E-11  1.09E-12  4.10E-14  7.87E-15  1.37E-15  1.85E-16  4.73E-17
  1.38E-17  5.58E-18  1.57E-18  5.79E-19  2.61E-19  1.22E-19  5.88E-20  2.78E-20
  1.60E-20  6.89E-21  3.28E-21  1.59E-21  8.65E-22  4.62E-22  2.23E-22  1.26E-22
  6.62E-23  3.43E-23  1.66E-23  8.40E-24  4.73E-24  2.53E-24  1.42E-24  8.09E-25
  4.32E-25  2.57E-25  1.54E-25  8.75E-26  5.18E-26  2.99E-26  1.83E-26  1.09E-26
  6.88E-27  4.34E-27  2.67E-27  1.75E-27  1.12E-27  7.80E-28  5.02E-28  3.61E-28
  2.56E-28  1.80E-28  1.26E-28  8.63E-29  6.28E-29  4.37E-29  3.07E-29  2.12E-29
  1.51E-29  1.05E-29  7.11E-30  4.77E-30  3.33E-30  2.22E-30  1.48E-30  9.69E-31
   190.02034350006460     
  0.00E+00  1.92E-11  1.03E-12  3.76E-14  7.12E-15  1.26E-15  1.74E-16  4.40E-17
  1.26E-17  5.11E-18  1.45E-18  5.35E-19  2.42E-19  1.13E-19  5.39E-20  2.55E-20
  1.47E-20  6.35E-21  3.02E-21  1.44E-21  7.87E-22  4.24E-22  2.03E-22  1.12E-22
  6.07E-23  3.17E-23  1.53E-23  7.53E-24  4.19E-24  2.22E-24  1.25E-24  7.12E-25
  3.84E-25  2.21E-25  1.32E-25  7.64E-26  4.52E-26  2.62E-26  1.60E-26  9.52E-27
  6.03E-27  3.79E-27  2.34E-27  1.52E-27  9.79E-28  6.79E-28  4.34E-28  3.10E-28
  2.18E-28  1.53E-28  1.08E-28  7.36E-29  5.32E-29  3.68E-29  2.54E-29  1.76E-29
  1.25E-29  8.63E-30  5.80E-30  3.84E-30  2.68E-30  1.77E-30  1.18E-30  7.67E-31
   192.02195482376243     
  0.00E+00  1.79E-11  9.80E-13  3.46E-14  6.46E-15  1.16E-15  1.63E-16  4.11E-17
  1.15E-17  4.67E-18  1.34E-18  4.95E-19  2.24E-19  1.04E-19  4.93E-20  2.35E-20
  1.34E-20  5.83E-21  2.78E-21  1.32E-21  7.14E-22  3.86E-22  1.85E-22  9.99E-23
  5.50E-23  2.90E-23  1.42E-23  6.91E-24  3.72E-24  1.94E-24  1.09E-24  6.29E-25
  3.43E-25  1.92E-25  1.13E-25  6.58E-26  3.91E-26  2.30E-26  1.39E-26  8.23E-27
  5.27E-27  3.30E-27  2.04E-27  1.33E-27  8.51E-28  5.84E-28  3.78E-28  2.67E-28
  1.87E-28  1.31E-28  9.23E-29  6.32E-29  4.55E-29  3.14E-29  2.16E-29  1.48E-29
  1.03E-29  7.12E-30  4.80E-30  3.18E-30  2.21E-30  1.43E-30  9.46E-31  6.13E-31
   194.02335423330197     
  0.00E+00  1.66E-11  9.26E-13  3.20E-14  5.85E-15  1.06E-15  1.52E-16  3.84E-17
  1.06E-17  4.26E-18  1.23E-18  4.58E-19  2.06E-19  9.59E-20  4.49E-20  2.16E-20
  1.22E-20  5.34E-21  2.57E-21  1.21E-21  6.51E-22  3.49E-22  1.71E-22  8.96E-23
  4.96E-23  2.62E-23  1.32E-23  6.50E-24  3.36E-24  1.73E-24  9.48E-25  5.55E-25
  3.07E-25  1.72E-25  9.93E-26  5.68E-26  3.42E-26  2.02E-26  1.24E-26  7.27E-27
  4.66E-27  2.89E-27  1.79E-27  1.16E-27  7.53E-28  5.15E-28  3.31E-28  2.31E-28
  1.62E-28  1.13E-28  8.00E-29  5.48E-29  3.91E-29  2.70E-29  1.88E-29  1.28E-29
  8.89E-30  6.03E-30  4.01E-30  2.67E-30  1.86E-30  1.22E-30  7.99E-31  5.13E-31
   196.01276165247137     
  0.00E+00  1.55E-11  8.75E-13  2.96E-14  5.28E-15  9.78E-16  1.42E-16  3.56E-17
  9.77E-18  3.89E-18  1.13E-18  4.24E-19  1.89E-19  8.84E-20  4.09E-20  1.98E-20
  1.11E-20  4.91E-21  2.37E-21  1.12E-21  6.00E-22  3.16E-22  1.56E-22  8.14E-23
  4.50E-23  2.38E-23  1.21E-23  6.11E-24  3.12E-24  1.58E-24  8.36E-25  4.84E-25
  2.72E-25  1.57E-25  8.88E-26  4.98E-26  3.03E-26  1.78E-26  1.11E-26  6.54E-27
  4.17E-27  2.58E-27  1.60E-27  1.03E-27  6.66E-28  4.61E-28  2.94E-28  2.06E-28
  1.42E-28  9.87E-29  6.97E-29  4.78E-29  3.44E-29  2.36E-29  1.64E-29  1.13E-29
  7.79E-30  5.33E-30  3.49E-30  2.31E-30  1.57E-30  1.04E-30  6.84E-31  4.50E-31
   198.01410078846436     
  0.00E+00  1.46E-11  8.31E-13  2.74E-14  4.77E-15  9.02E-16  1.32E-16  3.30E-17
  9.02E-18  3.55E-18  1.03E-18  3.93E-19  1.73E-19  8.14E-20  3.73E-20  1.82E-20
  1.01E-20  4.53E-21  2.19E-21  1.04E-21  5.52E-22  2.87E-22  1.42E-22  7.40E-23
  4.08E-23  2.18E-23  1.10E-23  5.61E-24  2.89E-24  1.45E-24  7.53E-25  4.24E-25
  2.37E-25  1.40E-25  7.93E-26  4.41E-26  2.70E-26  1.58E-26  9.84E-27  5.84E-27
  3.72E-27  2.30E-27  1.42E-27  9.24E-28  5.90E-28  4.08E-28  2.61E-28  1.82E-28
  1.25E-28  8.64E-29  6.05E-29  4.14E-29  2.98E-29  2.06E-29  1.43E-29  9.81E-30
  6.75E-30  4.65E-30  3.03E-30  2.05E-30  1.37E-30  8.90E-31  5.75E-31  3.75E-31
   200.01568659294261     
  0.00E+00  1.36E-11  7.91E-13  2.54E-14  4.33E-15  8.31E-16  1.23E-16  3.06E-17
  8.33E-18  3.24E-18  9.44E-19  3.64E-19  1.59E-19  7.51E-20  3.41E-20  1.67E-20
  9.25E-21  4.19E-21  2.00E-21  9.56E-22  5.05E-22  2.62E-22  1.28E-22  6.67E-23
  3.66E-23  1.99E-23  1.00E-23  5.07E-24  2.62E-24  1.31E-24  6.78E-25  3.80E-25
  2.06E-25  1.21E-25  6.96E-26  3.87E-26  2.38E-26  1.39E-26  8.67E-27  5.17E-27
  3.29E-27  2.04E-27  1.26E-27  8.12E-28  5.18E-28  3.62E-28  2.28E-28  1.58E-28
  1.09E-28  7.46E-29  5.25E-29  3.56E-29  2.56E-29  1.76E-29  1.23E-29  8.49E-30
  5.87E-30  4.04E-30  2.61E-30  1.76E-30  1.17E-30  7.78E-31  5.06E-31  3.21E-31
   202.01727199861875     
  0.00E+00  1.29E-11  7.54E-13  2.36E-14  3.93E-15  7.62E-16  1.14E-16  2.84E-17
  7.70E-18  2.97E-18  8.57E-19  3.36E-19  1.46E-19  6.92E-20  3.13E-20  1.53E-20
  8.50E-21  3.87E-21  1.82E-21  8.78E-22  4.61E-22  2.39E-22  1.16E-22  6.00E-23
  3.24E-23  1.81E-23  9.14E-24  4.61E-24  2.38E-24  1.17E-24  6.08E-25  3.42E-25
  1.83E-25  1.06E-25  6.05E-26  3.35E-26  2.06E-26  1.23E-26  7.64E-27  4.57E-27
  2.90E-27  1.80E-27  1.11E-27  7.18E-28  4.53E-28  3.15E-28  2.01E-28  1.38E-28
  9.54E-29  6.37E-29  4.52E-29  3.07E-29  2.21E-29  1.52E-29  1.04E-29  7.23E-30
  5.01E-30  3.54E-30  2.30E-30  1.53E-30  1.00E-30  6.58E-31  4.38E-31  2.84E-31
   204.01902186966251     
  0.00E+00  1.21E-11  7.14E-13  2.20E-14  3.57E-15  6.94E-16  1.05E-16  2.62E-17
  7.13E-18  2.72E-18  7.75E-19  3.08E-19  1.34E-19  6.35E-20  2.87E-20  1.40E-20
  7.78E-21  3.56E-21  1.65E-21  8.02E-22  4.22E-22  2.18E-22  1.05E-22  5.42E-23
  2.84E-23  1.62E-23  8.26E-24  4.24E-24  2.20E-24  1.06E-24  5.49E-25  3.03E-25
  1.64E-25  9.56E-26  5.38E-26  2.96E-26  1.78E-26  1.07E-26  6.69E-27  4.05E-27
  2.59E-27  1.60E-27  9.80E-28  6.42E-28  4.02E-28  2.78E-28  1.75E-28  1.21E-28
  8.38E-29  5.59E-29  3.90E-29  2.65E-29  1.89E-29  1.32E-29  9.11E-30  6.27E-30
  4.29E-30  3.03E-30  1.99E-30  1.35E-30  9.05E-31  5.82E-31  3.82E-31  2.43E-31
   206.02072355125580     
  0.00E+00  1.12E-11  6.75E-13  2.05E-14  3.25E-15  6.30E-16  9.64E-17  2.40E-17
  6.61E-18  2.50E-18  7.00E-19  2.82E-19  1.24E-19  5.80E-20  2.63E-20  1.28E-20
  7.12E-21  3.27E-21  1.51E-21  7.28E-22  3.88E-22  1.99E-22  9.57E-23  4.94E-23
  2.53E-23  1.45E-23  7.38E-24  3.88E-24  2.05E-24  9.75E-25  4.99E-25  2.68E-25
  1.47E-25  8.50E-26  4.91E-26  2.69E-26  1.57E-26  9.27E-27  5.82E-27  3.58E-27
  2.33E-27  1.45E-27  8.88E-28  5.75E-28  3.57E-28  2.46E-28  1.56E-28  1.07E-28
  7.40E-29  4.93E-29  3.43E-29  2.31E-29  1.63E-29  1.13E-29  7.84E-30  5.47E-30
  3.80E-30  2.64E-30  1.72E-30  1.16E-30  7.91E-31  5.22E-31  3.50E-31  2.20E-31
   208.02246892026017     
  0.00E+00  1.04E-11  6.41E-13  1.92E-14  2.96E-15  5.75E-16  8.86E-17  2.20E-17
  6.13E-18  2.29E-18  6.34E-19  2.57E-19  1.14E-19  5.29E-20  2.40E-20  1.16E-20
  6.50E-21  2.99E-21  1.38E-21  6.59E-22  3.56E-22  1.81E-22  8.66E-23  4.50E-23
  2.28E-23  1.30E-23  6.62E-24  3.48E-24  1.87E-24  9.16E-25  4.61E-25  2.40E-25
  1.28E-25  7.41E-26  4.41E-26  2.43E-26  1.44E-26  8.20E-27  5.07E-27  3.12E-27
  2.06E-27  1.31E-27  8.05E-28  5.24E-28  3.25E-28  2.17E-28  1.38E-28  9.40E-29
  6.53E-29  4.37E-29  3.02E-29  2.02E-29  1.42E-29  9.73E-30  6.67E-30  4.61E-30
  3.25E-30  2.30E-30  1.53E-30  1.02E-30  6.78E-31  4.47E-31  2.99E-31  1.96E-31
   210.01233711491642     
  0.00E+00  9.82E-12  6.09E-13  1.80E-14  2.70E-15  5.27E-16  8.15E-17  2.02E-17
  5.69E-18  2.11E-18  5.76E-19  2.34E-19  1.04E-19  4.85E-20  2.19E-20  1.06E-20
  5.96E-21  2.74E-21  1.28E-21  5.98E-22  3.26E-22  1.66E-22  7.86E-23  4.08E-23
  2.07E-23  1.16E-23  5.99E-24  3.10E-24  1.67E-24  8.43E-25  4.30E-25  2.21E-25
  1.13E-25  6.47E-26  3.82E-26  2.15E-26  1.31E-26  7.46E-27  4.49E-27  2.73E-27
  1.78E-27  1.15E-27  7.20E-28  4.74E-28  2.99E-28  1.97E-28  1.22E-28  8.33E-29
  5.67E-29  3.84E-29  2.64E-29  1.76E-29  1.24E-29  8.49E-30  5.76E-30  3.92E-30
  2.73E-30  1.91E-30  1.30E-30  8.91E-31  6.01E-31  3.89E-31  2.56E-31  1.64E-31
   212.01400084753001     
  0.00E+00  9.33E-12  5.78E-13  1.69E-14  2.47E-15  4.80E-16  7.48E-17  1.85E-17
  5.27E-18  1.93E-18  5.23E-19  2.14E-19  9.55E-20  4.48E-20  1.99E-20  9.77E-21
  5.47E-21  2.50E-21  1.18E-21  5.43E-22  2.97E-22  1.51E-22  7.17E-23  3.66E-23
  1.87E-23  1.03E-23  5.39E-24  2.78E-24  1.48E-24  7.49E-25  3.96E-25  2.06E-25
  1.02E-25  5.73E-26  3.27E-26  1.86E-26  1.15E-26  6.72E-27  4.04E-27  2.44E-27
  1.55E-27  9.98E-28  6.35E-28  4.20E-28  2.69E-28  1.79E-28  1.09E-28  7.44E-29
  4.99E-29  3.34E-29  2.30E-29  1.52E-29  1.07E-29  7.33E-30  4.95E-30  3.38E-30
  2.33E-30  1.61E-30  1.08E-30  7.37E-31  5.07E-31  3.40E-31  2.28E-31  1.44E-31
   214.01583981203240     
  0.00E+00  8.76E-12  5.47E-13  1.59E-14  2.27E-15  4.33E-16  6.86E-17  1.70E-17
  4.87E-18  1.77E-18  4.75E-19  1.94E-19  8.70E-20  4.14E-20  1.81E-20  8.94E-21
  5.01E-21  2.28E-21  1.08E-21  4.95E-22  2.70E-22  1.38E-22  6.55E-23  3.28E-23
  1.68E-23  9.09E-24  4.80E-24  2.50E-24  1.31E-24  6.55E-25  3.55E-25  1.90E-25
  9.45E-26  5.21E-26  2.88E-26  1.61E-26  9.89E-27  5.89E-27  3.60E-27  2.18E-27
  1.38E-27  8.76E-28  5.53E-28  3.70E-28  2.38E-28  1.62E-28  9.89E-29  6.62E-29
  4.38E-29  2.93E-29  1.99E-29  1.32E-29  9.27E-30  6.28E-30  4.22E-30  2.89E-30
  1.98E-30  1.38E-30  9.11E-31  6.15E-31  4.15E-31  2.79E-31  1.92E-31  1.26E-31
   216.01782115056560     
  0.00E+00  8.13E-12  5.14E-13  1.51E-14  2.09E-15  3.89E-16  6.28E-17  1.55E-17
  4.50E-18  1.62E-18  4.33E-19  1.76E-19  7.89E-20  3.82E-20  1.65E-20  8.14E-21
  4.58E-21  2.08E-21  9.93E-22  4.51E-22  2.46E-22  1.25E-22  5.97E-23  2.95E-23
  1.51E-23  8.08E-24  4.26E-24  2.23E-24  1.18E-24  5.81E-25  3.12E-25  1.71E-25
  8.63E-26  4.80E-26  2.61E-26  1.41E-26  8.62E-27  5.12E-27  3.15E-27  1.90E-27
  1.24E-27  7.74E-28  4.89E-28  3.26E-28  2.09E-28  1.44E-28  8.95E-29  5.97E-29
  3.90E-29  2.56E-29  1.73E-29  1.13E-29  8.02E-30  5.40E-30  3.60E-30  2.48E-30
  1.68E-30  1.16E-30  7.75E-31  5.25E-31  3.53E-31  2.31E-31  1.56E-31  1.02E-31
   218.01982925045988     
  0.00E+00  7.59E-12  4.83E-13  1.43E-14  1.93E-15  3.50E-16  5.74E-17  1.43E-17
  4.15E-18  1.49E-18  3.97E-19  1.60E-19  7.15E-20  3.50E-20  1.50E-20  7.37E-21
  4.18E-21  1.90E-21  9.09E-22  4.11E-22  2.23E-22  1.14E-22  5.41E-23  2.68E-23
  1.37E-23  7.25E-24  3.78E-24  1.98E-24  1.07E-24  5.22E-25  2.78E-25  1.51E-25
  7.73E-26  4.38E-26  2.39E-26  1.28E-26  7.65E-27  4.49E-27  2.76E-27  1.64E-27
  1.08E-27  6.89E-28  4.35E-28  2.89E-28  1.85E-28  1.27E-28  8.03E-29  5.36E-29
  3.49E-29  2.29E-29  1.52E-29  9.90E-30  6.94E-30  4.63E-30  3.08E-30  2.13E-30
  1.44E-30  9.76E-31  6.52E-31  4.39E-31  3.01E-31  1.99E-31  1.33E-31  8.48E-32
