   2.0212276278728090     
  0.00E+00 -5.98E-21 -3.37E-20 -7.03E-20 -1.84E-19 -3.46E-19 -4.82E-19 -6.67E-19
 -8.71E-19 -1.30E-18 -1.45E-18 -1.65E-18 -2.02E-18 -2.33E-18 -2.53E-18 -2.49E-18
 -2.94E-18 -3.00E-18 -3.12E-18 -3.04E-18 -3.28E-18 -3.57E-18 -3.51E-18 -3.66E-18
 -3.71E-18 -3.88E-18 -3.82E-18 -3.70E-18 -3.73E-18 -3.68E-18 -3.63E-18 -3.65E-18
 -3.51E-18 -3.53E-18 -3.42E-18 -3.16E-18 -3.03E-18 -2.79E-18 -2.59E-18 -2.33E-18
 -2.21E-18 -2.02E-18 -1.78E-18 -1.62E-18 -1.39E-18 -1.24E-18 -1.01E-18 -8.63E-19
 -7.33E-19 -6.10E-19 -5.08E-19 -4.10E-19 -3.43E-19 -2.78E-19 -2.20E-19 -1.75E-19
 -1.38E-19 -1.10E-19 -8.31E-20 -6.41E-20 -5.05E-20 -3.83E-20 -2.97E-20 -2.20E-20
   4.0155938952611692     
  0.00E+00 -1.44E-08 -3.79E-08 -3.24E-08 -2.70E-08 -1.99E-08 -1.28E-08 -8.96E-09
 -7.14E-09 -6.48E-09 -5.96E-09 -5.74E-09 -5.81E-09 -5.48E-09 -4.43E-09 -3.32E-09
 -3.19E-09 -2.47E-09 -1.95E-09 -1.61E-09 -1.26E-09 -1.03E-09 -7.20E-10 -4.63E-10
 -2.39E-10 -1.06E-10 -3.58E-11 -1.42E-12  1.83E-11  1.95E-11  7.51E-12 -6.30E-13
 -9.06E-12 -1.16E-11 -9.39E-12 -6.63E-12 -5.78E-12 -5.19E-12 -3.84E-12 -2.36E-12
 -1.50E-12 -1.24E-12 -1.11E-12 -9.62E-13 -7.08E-13 -6.03E-13 -5.10E-13 -4.67E-13
 -3.78E-13 -2.99E-13 -2.37E-13 -1.87E-13 -1.43E-13 -1.03E-13 -7.94E-14 -6.76E-14
 -6.10E-14 -5.38E-14 -4.45E-14 -3.69E-14 -2.96E-14 -2.34E-14 -1.93E-14 -1.50E-14
   6.0175482632651471     
  0.00E+00 -5.89E-07 -2.17E-07  8.08E-08  1.66E-08 -6.92E-08 -5.51E-08 -5.03E-08
 -3.55E-08 -2.22E-08 -1.33E-08 -5.84E-09 -2.33E-09  3.74E-10  3.25E-09  2.74E-09
  2.23E-09  7.49E-10  1.34E-10  1.01E-10  1.43E-10  1.25E-10  6.06E-11  5.57E-11
  3.26E-11  2.95E-11  1.51E-11  1.04E-11  7.26E-12  5.56E-12  4.30E-12  3.27E-12
  2.82E-12  1.79E-12  1.08E-12  6.17E-13  5.11E-13  4.26E-13  3.46E-13  2.78E-13
  2.36E-13  1.59E-13  1.12E-13  7.54E-14  4.83E-14  3.69E-14  2.73E-14  2.31E-14
  1.49E-14  1.04E-14  7.95E-15  6.35E-15  5.11E-15  4.17E-15  3.49E-15  2.16E-15
  1.32E-15  1.03E-15  8.30E-16  6.81E-16  6.21E-16  4.80E-16  4.08E-16  3.14E-16
   8.0121013006781361     
  0.00E+00  1.02E-07 -7.89E-07  5.91E-08 -3.82E-08 -1.40E-08 -8.15E-09 -3.76E-09
 -1.38E-08 -1.29E-08  3.32E-09  2.02E-10  1.64E-09  1.29E-10  2.22E-10  3.75E-10
  1.73E-10 -4.00E-12  1.28E-11  7.45E-11  5.73E-11  3.81E-11  1.69E-11  1.11E-11
  5.90E-12  3.51E-12  3.55E-12  2.09E-12  9.18E-13  7.26E-13  3.74E-13  2.37E-13
  2.29E-13  1.34E-13  1.10E-13  4.76E-14  9.67E-16 -9.29E-15 -2.91E-15  4.51E-15
  5.00E-15  1.00E-15  1.01E-15  2.46E-15  1.02E-15  7.63E-16  8.96E-16  9.47E-16
  2.81E-16  1.90E-16  8.88E-17  5.30E-17  1.10E-17  5.21E-17  6.02E-17 -6.54E-17
 -9.92E-17 -9.18E-17 -8.08E-17 -6.30E-17 -5.64E-17 -4.28E-17 -2.48E-17 -2.46E-17
   10.012243397747243     
  0.00E+00  3.82E-07 -2.46E-07  6.10E-08 -4.12E-08 -2.59E-08 -4.99E-09 -2.69E-09
 -6.12E-09  7.68E-10 -1.74E-09  1.18E-10  5.39E-10  6.52E-10  4.27E-10  2.37E-10
  1.21E-10  7.89E-11  4.81E-11  2.81E-11  1.53E-11  1.03E-11  4.13E-12  1.26E-12
  3.00E-13  5.26E-13  5.01E-13  9.10E-14  3.14E-14  4.20E-14 -7.26E-15  2.51E-14
  2.52E-15 -1.01E-14 -1.64E-14 -1.18E-14 -1.63E-14 -1.49E-14 -9.77E-15 -5.91E-15
 -5.13E-15 -4.18E-15 -3.55E-15 -2.61E-15 -1.77E-15 -1.36E-15 -9.53E-16 -6.33E-16
 -5.59E-16 -4.58E-16 -3.42E-16 -2.25E-16 -1.96E-16 -1.55E-16 -1.13E-16 -8.55E-17
 -7.06E-17 -5.04E-17 -4.13E-17 -2.99E-17 -2.17E-17 -1.67E-17 -9.54E-18 -9.19E-18
   12.011236499487735     
  0.00E+00 -3.54E-06  1.91E-07 -7.68E-08 -4.03E-08  1.95E-09  3.69E-08 -6.19E-09
 -2.02E-09  3.43E-10  1.65E-10  4.64E-10  5.93E-10  2.68E-10  1.47E-10  7.63E-11
  3.39E-11  2.74E-11  2.26E-11  1.76E-11  9.73E-12  8.43E-12  5.24E-12  2.99E-12
  2.20E-12  1.39E-12  8.21E-13  5.59E-13  3.34E-13  2.16E-13  1.37E-13  9.04E-14
  4.38E-14  2.98E-14  2.52E-14  1.67E-14  1.18E-14  7.81E-15  4.92E-15  2.53E-15
  1.79E-15  1.28E-15  9.75E-16  4.18E-16  5.76E-16  2.97E-16  2.08E-16  1.24E-16
  5.38E-17  4.24E-17  2.60E-17  2.39E-17  4.05E-17  1.35E-17  4.75E-18  9.88E-18
  2.44E-18  6.57E-18  3.37E-18  3.05E-18  1.70E-18  8.10E-20 -2.50E-19 -4.66E-19
   14.018227014620168     
  0.00E+00  4.22E-07  7.03E-08 -1.03E-07 -1.44E-07  2.95E-08  1.34E-08 -2.45E-09
  1.50E-09  1.08E-09  9.19E-10  4.42E-10  3.38E-10  1.81E-10  1.33E-10  9.90E-11
  6.37E-11  4.56E-11  2.73E-11  1.68E-11  1.24E-11  7.92E-12  4.24E-12  2.84E-12
  1.68E-12  1.22E-12  7.06E-13  4.39E-13  2.68E-13  1.72E-13  1.21E-13  7.26E-14
  4.84E-14  3.36E-14  2.25E-14  1.50E-14  1.04E-14  7.66E-15  4.90E-15  3.63E-15
  2.85E-15  2.07E-15  1.43E-15  9.98E-16  7.03E-16  5.18E-16  4.00E-16  2.62E-16
  2.11E-16  1.67E-16  1.41E-16  1.02E-16  7.79E-17  6.26E-17  4.60E-17  3.76E-17
  3.05E-17  2.22E-17  1.76E-17  1.37E-17  1.07E-17  8.19E-18  6.05E-18  4.85E-18
   16.012449174488459     
  0.00E+00  2.13E-06  8.15E-07 -1.61E-08 -1.03E-07 -1.74E-08  7.88E-09  1.36E-09
 -1.58E-09  6.20E-10  3.14E-10  2.91E-10  2.03E-10  1.68E-10  1.22E-10  7.43E-11
  5.90E-11  3.69E-11  2.26E-11  1.29E-11  9.57E-12  6.55E-12  3.96E-12  2.41E-12
  1.58E-12  1.02E-12  6.50E-13  3.98E-13  2.51E-13  1.58E-13  1.01E-13  6.56E-14
  3.97E-14  2.72E-14  1.81E-14  1.18E-14  7.57E-15  4.80E-15  3.36E-15  2.28E-15
  1.45E-15  1.17E-15  7.10E-16  4.56E-16  3.16E-16  2.29E-16  1.51E-16  1.06E-16
  7.96E-17  4.96E-17  3.95E-17  3.15E-17  2.46E-17  2.03E-17  1.40E-17  1.09E-17
  7.95E-18  6.49E-18  4.54E-18  4.06E-18  2.95E-18  2.35E-18  1.54E-18  1.39E-18
   18.017355660989999     
  0.00E+00 -1.01E-06  5.60E-08  6.24E-08 -2.97E-08  8.43E-10 -6.60E-10 -2.19E-09
 -5.95E-10 -1.93E-10  1.44E-10  1.70E-10  1.48E-10  1.25E-10  1.02E-10  6.07E-11
  4.99E-11  3.27E-11  1.93E-11  1.23E-11  8.81E-12  5.76E-12  3.68E-12  2.39E-12
  1.43E-12  1.00E-12  6.03E-13  3.67E-13  2.39E-13  1.49E-13  8.99E-14  5.70E-14
  3.68E-14  2.30E-14  1.50E-14  9.17E-15  6.12E-15  3.95E-15  2.47E-15  1.54E-15
  1.03E-15  6.12E-16  4.35E-16  2.83E-16  1.80E-16  1.16E-16  7.96E-17  3.96E-17
  2.65E-17  1.52E-17  1.42E-17  5.02E-18  4.80E-18  3.40E-18  1.79E-18  5.27E-19
 -4.58E-19 -4.58E-19 -5.76E-19 -6.73E-19 -3.16E-19 -3.55E-19 -2.25E-19 -1.49E-19
   20.019283150327841     
  0.00E+00 -4.68E-06  5.98E-07  6.50E-08 -1.66E-08 -5.12E-09 -2.89E-09 -2.63E-09
 -1.36E-09 -1.89E-10  5.88E-11  2.16E-10  1.82E-10  1.30E-10  9.64E-11  6.77E-11
  5.21E-11  3.41E-11  1.98E-11  1.25E-11  8.80E-12  5.99E-12  3.62E-12  2.32E-12
  1.47E-12  9.61E-13  6.02E-13  3.68E-13  2.33E-13  1.51E-13  9.01E-14  5.76E-14
  3.62E-14  2.36E-14  1.51E-14  9.50E-15  6.04E-15  4.07E-15  2.62E-15  1.73E-15
  1.20E-15  7.79E-16  5.33E-16  3.36E-16  2.22E-16  1.35E-16  9.67E-17  6.10E-17
  4.08E-17  2.60E-17  1.87E-17  8.76E-18  4.96E-18  4.03E-18  1.45E-18  1.20E-18
  7.04E-19  2.76E-20  7.39E-20 -3.07E-19 -7.80E-20 -2.49E-19 -4.86E-20 -1.08E-19
   22.019080939313582     
  0.00E+00  5.78E-07 -2.93E-07  7.81E-08 -2.92E-08 -8.26E-09 -8.88E-10 -2.31E-09
 -1.03E-09  3.05E-11  1.18E-10  1.98E-10  1.71E-10  1.44E-10  1.02E-10  6.79E-11
  5.03E-11  3.20E-11  2.01E-11  1.25E-11  8.98E-12  6.01E-12  3.60E-12  2.27E-12
  1.48E-12  9.99E-13  6.02E-13  3.73E-13  2.45E-13  1.50E-13  9.40E-14  6.02E-14
  3.70E-14  2.48E-14  1.54E-14  9.49E-15  6.49E-15  4.42E-15  2.66E-15  1.76E-15
  1.23E-15  8.62E-16  5.62E-16  3.90E-16  2.36E-16  1.66E-16  1.17E-16  7.70E-17
  5.17E-17  3.69E-17  2.52E-17  1.89E-17  1.35E-17  1.02E-17  7.55E-18  5.97E-18
  4.63E-18  3.58E-18  2.72E-18  2.02E-18  1.78E-18  1.32E-18  1.07E-18  8.00E-19
   24.013148899670345     
  0.00E+00  1.92E-06  2.11E-07  1.26E-07  3.92E-09 -1.02E-08 -1.56E-09 -2.30E-09
 -1.13E-09  7.66E-11  1.93E-10  1.93E-10  1.72E-10  1.40E-10  1.00E-10  6.60E-11
  5.02E-11  3.47E-11  2.08E-11  1.25E-11  8.92E-12  6.14E-12  3.70E-12  2.31E-12
  1.46E-12  9.90E-13  6.10E-13  3.67E-13  2.33E-13  1.48E-13  9.34E-14  5.94E-14
  3.63E-14  2.40E-14  1.57E-14  9.58E-15  6.25E-15  4.11E-15  2.73E-15  1.74E-15
  1.19E-15  8.03E-16  5.18E-16  3.53E-16  2.36E-16  1.54E-16  1.01E-16  6.84E-17
  4.56E-17  3.19E-17  1.98E-17  1.46E-17  9.91E-18  6.95E-18  4.87E-18  3.60E-18
  2.93E-18  2.43E-18  1.84E-18  1.58E-18  1.19E-18  9.61E-19  7.53E-19  5.66E-19
   26.011647996395887     
  0.00E+00 -6.01E-06 -8.83E-08  1.72E-07 -1.68E-09 -1.09E-08 -2.43E-09 -1.65E-09
 -9.93E-10 -1.13E-10  1.40E-10  1.56E-10  1.66E-10  1.42E-10  9.99E-11  6.67E-11
  5.27E-11  3.26E-11  2.05E-11  1.27E-11  8.92E-12  5.99E-12  3.67E-12  2.31E-12
  1.48E-12  9.94E-13  6.07E-13  3.72E-13  2.33E-13  1.47E-13  9.21E-14  5.99E-14
  3.73E-14  2.42E-14  1.55E-14  9.51E-15  6.25E-15  4.12E-15  2.62E-15  1.74E-15
  1.18E-15  7.86E-16  5.09E-16  3.50E-16  2.28E-16  1.52E-16  9.73E-17  6.49E-17
  4.48E-17  3.14E-17  2.04E-17  1.42E-17  9.52E-18  6.47E-18  4.38E-18  3.00E-18
  2.09E-18  1.44E-18  1.05E-18  6.57E-19  4.89E-19  3.24E-19  2.46E-19  1.65E-19
   28.020977254108981     
  0.00E+00  2.22E-06  4.18E-07  1.52E-07  3.35E-09 -6.64E-09 -2.27E-09 -2.24E-09
 -1.04E-09 -1.02E-10  2.45E-10  1.59E-10  1.51E-10  1.37E-10  1.00E-10  6.57E-11
  5.13E-11  3.29E-11  2.04E-11  1.26E-11  8.89E-12  6.03E-12  3.63E-12  2.37E-12
  1.48E-12  9.96E-13  6.16E-13  3.70E-13  2.37E-13  1.49E-13  9.18E-14  5.96E-14
  3.72E-14  2.41E-14  1.56E-14  9.63E-15  6.35E-15  4.18E-15  2.71E-15  1.70E-15
  1.17E-15  7.78E-16  4.99E-16  3.38E-16  2.19E-16  1.46E-16  9.58E-17  6.52E-17
  4.26E-17  2.89E-17  1.89E-17  1.19E-17  7.93E-18  5.28E-18  3.54E-18  2.23E-18
  1.52E-18  9.41E-19  6.09E-19  3.71E-19  2.58E-19  1.55E-19  1.03E-19  6.48E-20
   30.012144725052792     
  0.00E+00  8.89E-07 -3.42E-07  5.97E-08 -1.96E-08 -8.67E-09 -1.21E-09 -2.39E-09
 -7.91E-10 -1.11E-10  1.88E-10  1.75E-10  1.69E-10  1.34E-10  9.98E-11  6.66E-11
  5.16E-11  3.16E-11  2.09E-11  1.27E-11  8.66E-12  6.15E-12  3.64E-12  2.33E-12
  1.50E-12  9.74E-13  5.97E-13  3.71E-13  2.37E-13  1.49E-13  9.24E-14  5.88E-14
  3.71E-14  2.39E-14  1.54E-14  9.67E-15  6.28E-15  4.08E-15  2.66E-15  1.71E-15
  1.18E-15  7.70E-16  4.99E-16  3.39E-16  2.20E-16  1.46E-16  9.29E-17  6.17E-17
  4.09E-17  2.74E-17  1.70E-17  1.08E-17  7.21E-18  4.57E-18  2.97E-18  1.77E-18
  1.17E-18  6.91E-19  4.28E-19  2.61E-19  1.46E-19  7.74E-20  4.58E-20  2.38E-20
   32.015487561634636     
  0.00E+00 -2.83E-06  7.05E-07 -2.45E-08  6.75E-09 -9.30E-09 -1.94E-09 -2.64E-09
 -1.12E-09 -2.60E-11  1.23E-10  2.03E-10  1.95E-10  1.30E-10  1.00E-10  6.78E-11
  5.27E-11  3.31E-11  1.98E-11  1.28E-11  8.77E-12  5.94E-12  3.68E-12  2.32E-12
  1.47E-12  9.91E-13  6.02E-13  3.70E-13  2.39E-13  1.49E-13  9.20E-14  5.90E-14
  3.64E-14  2.39E-14  1.53E-14  9.52E-15  6.31E-15  4.09E-15  2.68E-15  1.70E-15
  1.16E-15  7.67E-16  4.94E-16  3.34E-16  2.15E-16  1.44E-16  9.15E-17  6.13E-17
  4.01E-17  2.58E-17  1.69E-17  1.04E-17  6.83E-18  4.20E-18  2.67E-18  1.56E-18
  9.99E-19  6.18E-19  3.49E-19  2.10E-19  1.22E-19  6.05E-20  3.03E-20  1.40E-20
   34.015657541174647     
  0.00E+00  1.70E-06  5.17E-07 -3.26E-08  1.10E-08 -1.32E-08 -3.04E-09 -2.20E-09
 -1.34E-09 -2.91E-11  2.31E-10  1.93E-10  1.67E-10  1.32E-10  9.95E-11  6.54E-11
  5.06E-11  3.30E-11  2.09E-11  1.26E-11  8.84E-12  6.05E-12  3.63E-12  2.34E-12
  1.50E-12  9.97E-13  6.06E-13  3.69E-13  2.37E-13  1.49E-13  9.18E-14  5.86E-14
  3.67E-14  2.38E-14  1.54E-14  9.47E-15  6.24E-15  4.09E-15  2.66E-15  1.71E-15
  1.14E-15  7.66E-16  4.87E-16  3.31E-16  2.14E-16  1.44E-16  9.10E-17  6.07E-17
  4.00E-17  2.60E-17  1.66E-17  1.03E-17  6.70E-18  4.17E-18  2.60E-18  1.60E-18
  9.90E-19  5.88E-19  3.40E-19  1.99E-19  1.06E-19  5.36E-20  2.03E-20  5.54E-21
   36.016540193639258     
  0.00E+00 -1.53E-06 -3.37E-08  2.99E-08 -1.99E-08 -2.07E-08 -1.56E-09 -2.95E-09
 -1.23E-09 -1.90E-10  1.48E-10  1.96E-10  1.74E-10  1.42E-10  9.77E-11  6.59E-11
  5.31E-11  3.18E-11  2.03E-11  1.27E-11  8.81E-12  5.85E-12  3.59E-12  2.32E-12
  1.47E-12  9.67E-13  6.06E-13  3.69E-13  2.38E-13  1.46E-13  9.27E-14  5.85E-14
  3.67E-14  2.39E-14  1.54E-14  9.47E-15  6.15E-15  4.07E-15  2.64E-15  1.70E-15
  1.14E-15  7.62E-16  4.92E-16  3.32E-16  2.14E-16  1.42E-16  9.04E-17  6.02E-17
  3.94E-17  2.58E-17  1.63E-17  1.03E-17  6.59E-18  4.01E-18  2.51E-18  1.53E-18
  9.38E-19  5.60E-19  3.10E-19  1.80E-19  9.60E-20  4.61E-20  1.80E-20  3.19E-21
   38.015110552460683     
  0.00E+00 -1.87E-07  1.95E-07  8.37E-08  7.62E-09 -1.84E-09 -3.55E-09 -1.97E-09
 -1.16E-09 -5.60E-11  1.72E-10  1.88E-10  1.82E-10  1.31E-10  9.88E-11  6.61E-11
  5.17E-11  3.39E-11  2.02E-11  1.25E-11  8.89E-12  5.95E-12  3.65E-12  2.31E-12
  1.48E-12  9.74E-13  6.07E-13  3.68E-13  2.36E-13  1.49E-13  9.20E-14  5.87E-14
  3.66E-14  2.39E-14  1.53E-14  9.53E-15  6.23E-15  4.10E-15  2.61E-15  1.70E-15
  1.14E-15  7.53E-16  4.91E-16  3.27E-16  2.12E-16  1.42E-16  8.96E-17  5.98E-17
  3.91E-17  2.56E-17  1.62E-17  1.01E-17  6.40E-18  3.94E-18  2.45E-18  1.48E-18
  9.05E-19  5.40E-19  2.90E-19  1.60E-19  8.57E-20  3.80E-20  8.47E-21 -2.90E-21
   40.012819898455028     
  0.00E+00  7.99E-07  1.67E-07  8.41E-08  6.97E-10 -8.18E-09 -3.75E-09 -2.57E-09
 -1.22E-09 -5.17E-11  2.05E-10  1.66E-10  1.64E-10  1.29E-10  1.02E-10  6.71E-11
  4.98E-11  3.26E-11  2.07E-11  1.23E-11  8.98E-12  5.96E-12  3.71E-12  2.33E-12
  1.48E-12  9.90E-13  5.99E-13  3.72E-13  2.34E-13  1.50E-13  9.15E-14  5.89E-14
  3.63E-14  2.38E-14  1.54E-14  9.43E-15  6.18E-15  4.06E-15  2.63E-15  1.69E-15
  1.14E-15  7.54E-16  4.88E-16  3.26E-16  2.11E-16  1.41E-16  9.02E-17  5.93E-17
  3.89E-17  2.55E-17  1.62E-17  1.01E-17  6.47E-18  3.98E-18  2.44E-18  1.47E-18
  8.93E-19  5.15E-19  2.89E-19  1.59E-19  8.00E-20  3.60E-20  7.87E-21 -3.46E-21
   42.014869684977860     
  0.00E+00 -3.13E-06 -1.00E-07  6.89E-08 -1.29E-08 -6.88E-09  8.26E-10 -2.73E-09
 -1.07E-09  5.29E-11  1.37E-10  1.58E-10  1.68E-10  1.31E-10  1.02E-10  6.85E-11
  4.87E-11  3.32E-11  2.04E-11  1.27E-11  8.69E-12  6.11E-12  3.69E-12  2.30E-12
  1.48E-12  9.80E-13  6.12E-13  3.69E-13  2.34E-13  1.45E-13  9.15E-14  5.89E-14
  3.65E-14  2.38E-14  1.53E-14  9.47E-15  6.18E-15  4.06E-15  2.62E-15  1.68E-15
  1.14E-15  7.55E-16  4.88E-16  3.25E-16  2.10E-16  1.41E-16  8.95E-17  5.92E-17
  3.91E-17  2.55E-17  1.60E-17  1.01E-17  6.47E-18  3.96E-18  2.41E-18  1.46E-18
  8.92E-19  5.08E-19  2.84E-19  1.56E-19  7.95E-20  3.31E-20  7.44E-21 -2.98E-21
   44.014606268313464     
  0.00E+00  6.23E-07 -2.89E-07  9.38E-08  4.64E-09 -7.26E-09  1.77E-11 -2.80E-09
 -9.42E-10 -6.04E-11  7.69E-11  1.79E-10  1.67E-10  1.36E-10  9.82E-11  6.39E-11
  4.85E-11  3.27E-11  2.01E-11  1.27E-11  9.06E-12  6.05E-12  3.64E-12  2.30E-12
  1.46E-12  9.86E-13  5.98E-13  3.74E-13  2.32E-13  1.49E-13  9.07E-14  5.89E-14
  3.70E-14  2.38E-14  1.54E-14  9.44E-15  6.19E-15  4.07E-15  2.63E-15  1.69E-15
  1.13E-15  7.57E-16  4.87E-16  3.25E-16  2.09E-16  1.41E-16  8.90E-17  5.95E-17
  3.89E-17  2.54E-17  1.61E-17  1.00E-17  6.46E-18  3.93E-18  2.44E-18  1.44E-18
  8.86E-19  5.17E-19  2.86E-19  1.55E-19  8.27E-20  3.73E-20  9.36E-21 -3.18E-21
   46.014997171668547     
  0.00E+00 -6.32E-07  1.08E-07  1.44E-07  5.92E-09 -2.09E-09 -2.17E-09 -1.72E-09
 -9.02E-10  1.18E-11  1.35E-10  1.97E-10  1.55E-10  1.34E-10  9.77E-11  6.64E-11
  5.09E-11  3.33E-11  2.06E-11  1.27E-11  8.88E-12  5.93E-12  3.61E-12  2.32E-12
  1.48E-12  9.84E-13  6.09E-13  3.71E-13  2.35E-13  1.48E-13  9.16E-14  5.84E-14
  3.63E-14  2.38E-14  1.54E-14  9.43E-15  6.13E-15  4.06E-15  2.64E-15  1.68E-15
  1.14E-15  7.54E-16  4.85E-16  3.27E-16  2.10E-16  1.41E-16  8.95E-17  5.93E-17
  3.89E-17  2.55E-17  1.61E-17  1.00E-17  6.43E-18  3.99E-18  2.44E-18  1.44E-18
  8.97E-19  5.24E-19  2.94E-19  1.64E-19  8.48E-20  3.57E-20  9.31E-21 -3.23E-21
   48.023061465411686     
  0.00E+00 -2.30E-06  2.77E-07  1.54E-07 -5.02E-10 -4.17E-09 -1.26E-09 -3.12E-09
 -1.09E-09  2.96E-11  1.90E-10  1.71E-10  1.64E-10  1.42E-10  9.96E-11  7.07E-11
  4.94E-11  3.18E-11  2.06E-11  1.30E-11  8.99E-12  6.04E-12  3.63E-12  2.32E-12
  1.47E-12  9.79E-13  5.99E-13  3.70E-13  2.35E-13  1.47E-13  9.19E-14  5.82E-14
  3.65E-14  2.37E-14  1.53E-14  9.49E-15  6.16E-15  4.03E-15  2.62E-15  1.68E-15
  1.14E-15  7.54E-16  4.86E-16  3.26E-16  2.11E-16  1.41E-16  8.94E-17  5.93E-17
  3.89E-17  2.55E-17  1.61E-17  1.01E-17  6.47E-18  3.98E-18  2.46E-18  1.47E-18
  9.00E-19  5.23E-19  2.95E-19  1.59E-19  8.59E-20  3.72E-20  1.04E-20 -2.23E-21
   50.022952978596898     
  0.00E+00  8.34E-07  3.94E-07  9.93E-08 -8.20E-11 -9.50E-09 -1.48E-09 -2.16E-09
 -1.18E-09  5.49E-11  2.08E-10  1.52E-10  1.84E-10  1.43E-10  1.01E-10  6.31E-11
  4.95E-11  3.30E-11  2.00E-11  1.28E-11  8.85E-12  6.07E-12  3.66E-12  2.33E-12
  1.50E-12  9.91E-13  6.04E-13  3.68E-13  2.38E-13  1.48E-13  9.29E-14  5.90E-14
  3.67E-14  2.39E-14  1.53E-14  9.43E-15  6.22E-15  4.05E-15  2.61E-15  1.69E-15
  1.14E-15  7.54E-16  4.87E-16  3.26E-16  2.11E-16  1.41E-16  8.92E-17  5.96E-17
  3.88E-17  2.56E-17  1.61E-17  1.00E-17  6.43E-18  3.96E-18  2.44E-18  1.47E-18
  9.06E-19  5.17E-19  2.89E-19  1.65E-19  8.42E-20  3.87E-20  1.11E-20 -1.18E-21
   52.013477321470987     
  0.00E+00 -5.34E-07  2.53E-07  2.48E-08 -6.02E-09 -8.68E-09 -2.69E-09 -3.15E-09
 -1.20E-09  4.07E-11  1.37E-10  1.76E-10  1.56E-10  1.38E-10  9.48E-11  6.41E-11
  5.15E-11  3.20E-11  2.07E-11  1.27E-11  8.93E-12  6.07E-12  3.64E-12  2.31E-12
  1.50E-12  9.91E-13  6.06E-13  3.67E-13  2.34E-13  1.50E-13  9.17E-14  5.83E-14
  3.66E-14  2.38E-14  1.53E-14  9.45E-15  6.19E-15  4.08E-15  2.63E-15  1.68E-15
  1.13E-15  7.57E-16  4.88E-16  3.27E-16  2.11E-16  1.41E-16  8.95E-17  5.93E-17
  3.91E-17  2.55E-17  1.61E-17  9.98E-18  6.42E-18  3.98E-18  2.44E-18  1.47E-18
  8.99E-19  5.19E-19  2.91E-19  1.62E-19  8.31E-20  3.68E-20  1.07E-20 -1.45E-21
   54.018683766080834     
  0.00E+00 -1.90E-06  5.33E-07  2.10E-09  5.40E-09 -1.12E-08 -3.33E-09 -1.91E-09
 -1.22E-09  2.12E-11  2.32E-10  2.18E-10  1.66E-10  1.40E-10  9.14E-11  7.00E-11
  5.18E-11  3.42E-11  2.05E-11  1.28E-11  9.25E-12  5.96E-12  3.63E-12  2.34E-12
  1.50E-12  9.97E-13  6.00E-13  3.69E-13  2.37E-13  1.47E-13  9.04E-14  5.88E-14
  3.65E-14  2.39E-14  1.54E-14  9.43E-15  6.17E-15  4.05E-15  2.61E-15  1.69E-15
  1.14E-15  7.57E-16  4.89E-16  3.26E-16  2.11E-16  1.41E-16  8.96E-17  5.93E-17
  3.89E-17  2.53E-17  1.61E-17  1.01E-17  6.46E-18  3.97E-18  2.43E-18  1.48E-18
  8.98E-19  5.21E-19  2.87E-19  1.63E-19  8.51E-20  3.85E-20  1.14E-20 -1.76E-21
   56.013705268456391     
  0.00E+00  1.40E-06  2.53E-07  3.14E-08 -2.79E-11 -7.82E-09 -2.58E-09 -2.88E-09
 -1.24E-09  8.44E-11  8.38E-11  2.09E-10  1.72E-10  1.29E-10  9.82E-11  6.71E-11
  5.31E-11  3.28E-11  2.00E-11  1.28E-11  8.60E-12  5.99E-12  3.65E-12  2.29E-12
  1.49E-12  1.01E-12  6.19E-13  3.70E-13  2.34E-13  1.46E-13  9.03E-14  5.86E-14
  3.65E-14  2.40E-14  1.52E-14  9.37E-15  6.20E-15  4.06E-15  2.61E-15  1.68E-15
  1.14E-15  7.51E-16  4.87E-16  3.26E-16  2.11E-16  1.41E-16  8.97E-17  5.96E-17
  3.90E-17  2.53E-17  1.62E-17  1.01E-17  6.43E-18  4.01E-18  2.46E-18  1.48E-18
  9.07E-19  5.21E-19  2.90E-19  1.64E-19  8.65E-20  3.69E-20  1.00E-20 -1.94E-21
   58.023036548069285     
  0.00E+00 -1.66E-06  8.00E-08  5.07E-08 -7.69E-09 -1.15E-08 -1.88E-09 -2.31E-09
 -9.50E-10 -1.42E-11  2.23E-10  1.79E-10  1.93E-10  1.42E-10  9.95E-11  6.63E-11
  5.26E-11  3.36E-11  2.05E-11  1.27E-11  8.90E-12  5.93E-12  3.62E-12  2.30E-12
  1.44E-12  1.00E-12  5.94E-13  3.72E-13  2.34E-13  1.49E-13  8.99E-14  5.81E-14
  3.65E-14  2.40E-14  1.53E-14  9.42E-15  6.18E-15  4.06E-15  2.60E-15  1.68E-15
  1.14E-15  7.55E-16  4.88E-16  3.25E-16  2.11E-16  1.41E-16  8.94E-17  5.95E-17
  3.88E-17  2.53E-17  1.62E-17  1.00E-17  6.44E-18  3.98E-18  2.45E-18  1.46E-18
  9.02E-19  5.21E-19  2.92E-19  1.59E-19  8.27E-20  3.70E-20  1.04E-20 -7.37E-22
   60.013050583194314     
  0.00E+00 -1.20E-06 -5.11E-08  3.19E-08  1.09E-08 -1.44E-08 -2.12E-09 -2.60E-09
 -7.82E-10 -2.06E-11  1.47E-10  1.80E-10  1.43E-10  1.43E-10  9.69E-11  6.35E-11
  5.28E-11  3.25E-11  2.03E-11  1.24E-11  8.95E-12  6.05E-12  3.56E-12  2.30E-12
  1.48E-12  9.97E-13  6.07E-13  3.70E-13  2.34E-13  1.48E-13  9.16E-14  5.86E-14
  3.67E-14  2.38E-14  1.54E-14  9.46E-15  6.12E-15  4.04E-15  2.59E-15  1.68E-15
  1.14E-15  7.57E-16  4.89E-16  3.26E-16  2.10E-16  1.41E-16  8.96E-17  5.95E-17
  3.89E-17  2.54E-17  1.62E-17  1.00E-17  6.47E-18  3.96E-18  2.44E-18  1.46E-18
  9.07E-19  5.22E-19  2.89E-19  1.63E-19  8.55E-20  3.72E-20  1.14E-20 -1.85E-21
   62.018363370855887     
  0.00E+00  7.26E-07 -2.17E-09  5.21E-09 -5.65E-09 -7.33E-09 -2.21E-09 -2.40E-09
 -9.49E-10  1.66E-10  2.02E-10  1.96E-10  1.92E-10  1.34E-10  9.74E-11  6.75E-11
  5.23E-11  3.25E-11  2.07E-11  1.26E-11  8.88E-12  6.06E-12  3.61E-12  2.34E-12
  1.47E-12  9.89E-13  5.96E-13  3.71E-13  2.34E-13  1.49E-13  9.30E-14  5.84E-14
  3.63E-14  2.41E-14  1.52E-14  9.41E-15  6.20E-15  4.06E-15  2.59E-15  1.68E-15
  1.14E-15  7.56E-16  4.90E-16  3.27E-16  2.10E-16  1.41E-16  8.95E-17  5.97E-17
  3.90E-17  2.54E-17  1.62E-17  1.00E-17  6.45E-18  3.96E-18  2.45E-18  1.46E-18
  9.00E-19  5.22E-19  2.92E-19  1.59E-19  8.24E-20  3.75E-20  9.37E-21 -2.04E-21
   64.013427305126001     
  0.00E+00 -2.66E-06 -9.52E-08  2.46E-08  6.65E-11 -6.47E-09 -1.33E-09 -2.62E-09
 -1.24E-09  8.31E-11  2.25E-10  2.01E-10  1.65E-10  1.32E-10  9.49E-11  7.11E-11
  5.23E-11  3.32E-11  2.03E-11  1.25E-11  8.79E-12  6.00E-12  3.67E-12  2.32E-12
  1.50E-12  9.89E-13  6.14E-13  3.71E-13  2.36E-13  1.46E-13  9.23E-14  5.86E-14
  3.65E-14  2.41E-14  1.54E-14  9.41E-15  6.20E-15  4.05E-15  2.61E-15  1.69E-15
  1.14E-15  7.56E-16  4.88E-16  3.27E-16  2.10E-16  1.41E-16  8.96E-17  5.95E-17
  3.90E-17  2.54E-17  1.62E-17  1.00E-17  6.45E-18  3.95E-18  2.44E-18  1.46E-18
  9.00E-19  5.22E-19  2.89E-19  1.61E-19  8.33E-20  3.68E-20  9.92E-21 -2.42E-21
   66.019831170378865     
  0.00E+00  1.96E-08  2.21E-08  7.22E-08  5.21E-09 -8.45E-09 -8.49E-10 -2.55E-09
 -1.08E-09  8.52E-11  1.68E-10  1.73E-10  1.75E-10  1.27E-10  9.65E-11  6.40E-11
  5.24E-11  3.33E-11  2.00E-11  1.21E-11  9.00E-12  6.10E-12  3.70E-12  2.33E-12
  1.48E-12  1.01E-12  5.98E-13  3.72E-13  2.33E-13  1.48E-13  9.10E-14  5.89E-14
  3.63E-14  2.38E-14  1.53E-14  9.50E-15  6.16E-15  4.06E-15  2.60E-15  1.69E-15
  1.14E-15  7.52E-16  4.89E-16  3.26E-16  2.10E-16  1.41E-16  8.93E-17  5.95E-17
  3.90E-17  2.55E-17  1.62E-17  1.00E-17  6.46E-18  3.95E-18  2.45E-18  1.46E-18
  9.04E-19  5.17E-19  2.92E-19  1.61E-19  8.47E-20  3.58E-20  1.19E-20 -1.79E-21
   68.014261245293170     
  0.00E+00  4.16E-08  2.96E-07  9.54E-08 -3.51E-09 -1.44E-08 -2.73E-09 -2.49E-09
 -8.54E-10  9.28E-12  4.89E-11  1.40E-10  1.71E-10  1.29E-10  1.02E-10  6.50E-11
  5.03E-11  3.19E-11  2.10E-11  1.23E-11  8.79E-12  6.00E-12  3.71E-12  2.33E-12
  1.50E-12  9.98E-13  6.09E-13  3.68E-13  2.37E-13  1.49E-13  9.11E-14  5.92E-14
  3.63E-14  2.36E-14  1.54E-14  9.48E-15  6.19E-15  4.05E-15  2.62E-15  1.69E-15
  1.14E-15  7.53E-16  4.88E-16  3.26E-16  2.10E-16  1.40E-16  8.92E-17  5.94E-17
  3.89E-17  2.55E-17  1.62E-17  1.00E-17  6.42E-18  3.99E-18  2.45E-18  1.46E-18
  9.00E-19  5.23E-19  2.95E-19  1.64E-19  8.41E-20  3.54E-20  9.68E-21 -1.92E-21
   70.020504801134848     
  0.00E+00 -2.18E-06  4.52E-07  5.56E-08 -3.36E-09 -1.81E-09 -2.27E-09 -2.53E-09
 -8.00E-10  2.48E-11  1.56E-10  1.72E-10  1.65E-10  1.38E-10  9.63E-11  6.81E-11
  5.07E-11  3.29E-11  2.07E-11  1.27E-11  8.71E-12  6.00E-12  3.69E-12  2.29E-12
  1.48E-12  9.97E-13  6.10E-13  3.63E-13  2.34E-13  1.47E-13  9.18E-14  5.84E-14
  3.68E-14  2.38E-14  1.53E-14  9.44E-15  6.20E-15  4.06E-15  2.60E-15  1.69E-15
  1.13E-15  7.54E-16  4.89E-16  3.26E-16  2.10E-16  1.41E-16  8.93E-17  5.92E-17
  3.88E-17  2.53E-17  1.62E-17  9.97E-18  6.46E-18  3.95E-18  2.45E-18  1.46E-18
  9.06E-19  5.17E-19  2.90E-19  1.64E-19  8.43E-20  3.64E-20  1.04E-20 -2.10E-21
   72.015100426888665     
  0.00E+00  1.15E-06  3.91E-07 -3.13E-09  1.04E-09  4.78E-10 -1.52E-09 -2.53E-09
 -8.32E-10  8.57E-11  1.83E-10  2.61E-10  1.56E-10  1.33E-10  9.59E-11  6.62E-11
  4.94E-11  3.30E-11  1.98E-11  1.27E-11  9.17E-12  5.92E-12  3.63E-12  2.33E-12
  1.47E-12  9.89E-13  5.96E-13  3.71E-13  2.37E-13  1.48E-13  9.22E-14  5.85E-14
  3.62E-14  2.42E-14  1.53E-14  9.49E-15  6.15E-15  4.08E-15  2.63E-15  1.68E-15
  1.15E-15  7.56E-16  4.87E-16  3.27E-16  2.09E-16  1.41E-16  8.93E-17  5.92E-17
  3.90E-17  2.54E-17  1.62E-17  1.01E-17  6.48E-18  3.97E-18  2.43E-18  1.46E-18
  8.97E-19  5.13E-19  2.94E-19  1.60E-19  8.63E-20  3.81E-20  9.20E-21 -1.31E-21
   74.022162950983301     
  0.00E+00 -5.39E-07  2.59E-07 -1.69E-08  3.55E-09 -8.00E-09 -3.28E-09 -2.38E-09
 -9.74E-10 -1.71E-10  1.31E-10  2.68E-10  1.80E-10  1.37E-10  1.02E-10  6.77E-11
  5.15E-11  3.17E-11  2.08E-11  1.29E-11  8.79E-12  6.00E-12  3.66E-12  2.26E-12
  1.48E-12  9.70E-13  6.07E-13  3.72E-13  2.36E-13  1.47E-13  9.26E-14  5.77E-14
  3.67E-14  2.41E-14  1.54E-14  9.44E-15  6.18E-15  4.06E-15  2.61E-15  1.69E-15
  1.13E-15  7.56E-16  4.87E-16  3.25E-16  2.10E-16  1.40E-16  8.93E-17  5.91E-17
  3.88E-17  2.53E-17  1.62E-17  1.00E-17  6.45E-18  3.96E-18  2.43E-18  1.46E-18
  8.91E-19  5.27E-19  2.92E-19  1.62E-19  8.30E-20  3.73E-20  1.15E-20 -2.07E-21
   76.019504890194298     
  0.00E+00 -1.79E-06  3.45E-07  1.17E-08 -1.91E-09 -6.25E-09 -3.43E-10 -2.60E-09
 -1.08E-09 -8.51E-12  1.52E-10  1.93E-10  1.53E-10  1.24E-10  1.02E-10  6.46E-11
  5.13E-11  3.34E-11  2.01E-11  1.28E-11  8.94E-12  5.89E-12  3.67E-12  2.31E-12
  1.48E-12  9.87E-13  5.96E-13  3.71E-13  2.36E-13  1.48E-13  9.25E-14  5.82E-14
  3.70E-14  2.39E-14  1.54E-14  9.52E-15  6.21E-15  4.04E-15  2.62E-15  1.68E-15
  1.14E-15  7.52E-16  4.87E-16  3.26E-16  2.10E-16  1.41E-16  8.93E-17  5.92E-17
  3.89E-17  2.54E-17  1.61E-17  1.00E-17  6.47E-18  3.99E-18  2.46E-18  1.47E-18
  9.15E-19  5.17E-19  2.84E-19  1.62E-19  8.47E-20  3.73E-20  9.38E-21 -1.61E-21
   78.018288399615344     
  0.00E+00  1.34E-06  7.73E-08  2.76E-08 -3.16E-09 -8.57E-09  8.08E-10 -2.55E-09
 -9.79E-10 -8.55E-11  1.76E-10  1.34E-10  1.64E-10  1.37E-10  9.91E-11  6.78E-11
  5.14E-11  3.25E-11  2.08E-11  1.27E-11  9.01E-12  6.00E-12  3.62E-12  2.31E-12
  1.49E-12  9.77E-13  6.06E-13  3.73E-13  2.37E-13  1.49E-13  9.20E-14  5.82E-14
  3.66E-14  2.39E-14  1.53E-14  9.40E-15  6.16E-15  4.06E-15  2.60E-15  1.69E-15
  1.14E-15  7.54E-16  4.87E-16  3.27E-16  2.11E-16  1.41E-16  8.95E-17  5.95E-17
  3.90E-17  2.55E-17  1.61E-17  1.01E-17  6.48E-18  3.95E-18  2.46E-18  1.47E-18
  8.93E-19  5.22E-19  2.94E-19  1.59E-19  8.93E-20  3.82E-20  1.03E-20 -1.40E-21
   80.016671384655652     
  0.00E+00 -2.01E-06 -9.69E-08 -9.55E-10  4.72E-09 -4.75E-09 -3.63E-09 -2.97E-09
 -8.14E-10 -7.55E-11  1.77E-10  1.48E-10  1.66E-10  1.39E-10  1.02E-10  6.79E-11
  5.08E-11  3.39E-11  2.01E-11  1.28E-11  8.89E-12  6.17E-12  3.64E-12  2.33E-12
  1.50E-12  9.82E-13  6.15E-13  3.69E-13  2.36E-13  1.48E-13  9.23E-14  5.86E-14
  3.68E-14  2.40E-14  1.53E-14  9.46E-15  6.13E-15  4.05E-15  2.61E-15  1.69E-15
  1.13E-15  7.58E-16  4.90E-16  3.26E-16  2.10E-16  1.41E-16  8.91E-17  5.96E-17
  3.89E-17  2.55E-17  1.62E-17  1.01E-17  6.45E-18  3.96E-18  2.45E-18  1.46E-18
  8.99E-19  5.17E-19  2.96E-19  1.66E-19  8.52E-20  3.70E-20  1.19E-20 -2.46E-21
   82.015637026620013     
  0.00E+00 -1.23E-06 -1.51E-07 -3.49E-08  2.87E-09 -1.58E-08 -3.66E-09 -1.84E-09
 -6.68E-10  2.89E-11  1.09E-10  1.72E-10  1.74E-10  1.40E-10  1.00E-10  6.42E-11
  5.14E-11  3.18E-11  2.08E-11  1.25E-11  8.97E-12  5.94E-12  3.71E-12  2.37E-12
  1.51E-12  1.00E-12  5.96E-13  3.68E-13  2.38E-13  1.46E-13  9.23E-14  5.82E-14
  3.64E-14  2.38E-14  1.52E-14  9.42E-15  6.15E-15  4.05E-15  2.59E-15  1.68E-15
  1.14E-15  7.55E-16  4.85E-16  3.26E-16  2.10E-16  1.41E-16  8.93E-17  5.95E-17
  3.89E-17  2.55E-17  1.60E-17  1.00E-17  6.42E-18  3.96E-18  2.45E-18  1.47E-18
  9.01E-19  5.22E-19  2.93E-19  1.59E-19  8.28E-20  3.89E-20  9.05E-21 -2.85E-21
   84.016076795226255     
  0.00E+00  8.02E-07  8.53E-08 -1.99E-08 -1.11E-08 -1.10E-08 -2.16E-09 -2.41E-09
 -5.90E-10 -7.49E-11  2.63E-10  1.67E-10  1.91E-10  1.34E-10  9.97E-11  6.77E-11
  5.13E-11  3.18E-11  2.02E-11  1.25E-11  8.97E-12  6.12E-12  3.67E-12  2.30E-12
  1.50E-12  9.76E-13  6.04E-13  3.66E-13  2.34E-13  1.47E-13  9.21E-14  5.86E-14
  3.64E-14  2.37E-14  1.53E-14  9.43E-15  6.19E-15  4.08E-15  2.62E-15  1.69E-15
  1.13E-15  7.53E-16  4.87E-16  3.27E-16  2.10E-16  1.41E-16  8.92E-17  5.95E-17
  3.89E-17  2.54E-17  1.62E-17  1.01E-17  6.42E-18  3.98E-18  2.44E-18  1.48E-18
  8.94E-19  5.20E-19  2.92E-19  1.62E-19  8.48E-20  3.65E-20  1.04E-20 -1.73E-21
   86.017711897796275     
  0.00E+00 -2.66E-06  1.00E-07  3.60E-08  6.45E-09 -1.28E-08 -2.84E-09 -2.85E-09
 -6.25E-10 -3.32E-12  1.71E-10  1.72E-10  1.69E-10  1.27E-10  9.98E-11  6.76E-11
  5.23E-11  3.25E-11  2.06E-11  1.29E-11  9.06E-12  5.88E-12  3.59E-12  2.33E-12
  1.50E-12  9.82E-13  6.01E-13  3.73E-13  2.38E-13  1.50E-13  9.25E-14  5.84E-14
  3.63E-14  2.37E-14  1.52E-14  9.40E-15  6.18E-15  4.05E-15  2.61E-15  1.69E-15
  1.14E-15  7.51E-16  4.89E-16  3.27E-16  2.10E-16  1.41E-16  8.95E-17  5.93E-17
  3.89E-17  2.55E-17  1.62E-17  1.00E-17  6.39E-18  3.94E-18  2.45E-18  1.47E-18
  9.08E-19  5.15E-19  2.85E-19  1.59E-19  8.39E-20  3.80E-20  1.04E-20 -1.39E-21
   88.020127822144545     
  0.00E+00  1.10E-07  2.23E-07  7.21E-08  1.08E-09 -6.36E-09 -2.95E-09 -3.00E-09
 -7.92E-10 -9.30E-11  1.47E-10  1.92E-10  1.67E-10  1.19E-10  9.84E-11  6.37E-11
  5.22E-11  3.29E-11  2.00E-11  1.28E-11  8.88E-12  6.00E-12  3.60E-12  2.35E-12
  1.45E-12  9.95E-13  6.09E-13  3.72E-13  2.41E-13  1.47E-13  9.18E-14  5.89E-14
  3.62E-14  2.37E-14  1.54E-14  9.42E-15  6.17E-15  4.07E-15  2.60E-15  1.69E-15
  1.14E-15  7.52E-16  4.88E-16  3.27E-16  2.10E-16  1.41E-16  8.94E-17  5.92E-17
  3.89E-17  2.53E-17  1.62E-17  1.00E-17  6.41E-18  3.97E-18  2.44E-18  1.47E-18
  9.00E-19  5.21E-19  2.84E-19  1.58E-19  8.48E-20  3.80E-20  1.04E-20 -1.84E-21
   90.022864777919963     
  0.00E+00  3.72E-07  4.63E-07  5.41E-08 -2.34E-09 -5.49E-09 -1.90E-09 -1.73E-09
 -8.31E-10 -1.68E-11  1.97E-10  1.93E-10  1.76E-10  1.29E-10  1.00E-10  7.01E-11
  4.94E-11  3.28E-11  2.07E-11  1.27E-11  8.87E-12  6.06E-12  3.66E-12  2.30E-12
  1.49E-12  9.85E-13  6.06E-13  3.72E-13  2.38E-13  1.47E-13  9.17E-14  5.84E-14
  3.64E-14  2.37E-14  1.53E-14  9.38E-15  6.18E-15  4.04E-15  2.62E-15  1.69E-15
  1.14E-15  7.53E-16  4.87E-16  3.25E-16  2.10E-16  1.41E-16  8.95E-17  5.93E-17
  3.90E-17  2.54E-17  1.63E-17  1.01E-17  6.44E-18  3.95E-18  2.46E-18  1.47E-18
  8.97E-19  5.14E-19  2.91E-19  1.66E-19  8.24E-20  3.76E-20  1.05E-20 -1.74E-21
   92.013643113988351     
  0.00E+00 -2.19E-06  4.43E-07  1.30E-08  1.77E-09 -6.82E-09 -7.20E-10 -2.78E-09
 -6.74E-10  4.46E-11  1.26E-10  1.83E-10  1.70E-10  1.32E-10  9.83E-11  6.49E-11
  5.23E-11  3.18E-11  2.09E-11  1.27E-11  8.78E-12  6.12E-12  3.72E-12  2.32E-12
  1.46E-12  9.90E-13  5.95E-13  3.75E-13  2.36E-13  1.48E-13  9.22E-14  5.83E-14
  3.60E-14  2.38E-14  1.53E-14  9.41E-15  6.19E-15  4.05E-15  2.64E-15  1.68E-15
  1.13E-15  7.56E-16  4.88E-16  3.25E-16  2.11E-16  1.41E-16  8.92E-17  5.94E-17
  3.91E-17  2.54E-17  1.60E-17  1.00E-17  6.43E-18  3.98E-18  2.47E-18  1.47E-18
  9.06E-19  5.14E-19  2.90E-19  1.62E-19  8.28E-20  3.71E-20  9.03E-21 -2.26E-21
   94.015670415952158     
  0.00E+00  1.15E-06  3.35E-07  9.84E-09  8.03E-10 -1.50E-09 -1.01E-09 -2.16E-09
 -7.06E-10 -8.50E-11  1.79E-10  1.51E-10  1.54E-10  1.35E-10  9.46E-11  6.45E-11
  5.17E-11  3.31E-11  1.96E-11  1.27E-11  9.05E-12  6.08E-12  3.73E-12  2.31E-12
  1.50E-12  9.78E-13  6.06E-13  3.70E-13  2.33E-13  1.48E-13  9.24E-14  5.81E-14
  3.68E-14  2.38E-14  1.53E-14  9.53E-15  6.19E-15  4.07E-15  2.62E-15  1.68E-15
  1.14E-15  7.55E-16  4.86E-16  3.27E-16  2.10E-16  1.40E-16  8.94E-17  5.96E-17
  3.87E-17  2.55E-17  1.61E-17  1.01E-17  6.41E-18  3.98E-18  2.44E-18  1.46E-18
  8.97E-19  5.15E-19  2.91E-19  1.60E-19  8.22E-20  3.70E-20  1.14E-20 -1.47E-21
   96.018952638944441     
  0.00E+00 -6.06E-07  9.07E-08  4.01E-08 -2.91E-09  1.83E-09 -1.65E-09 -3.23E-09
 -8.50E-10 -1.65E-11  1.69E-10  1.41E-10  1.83E-10  1.23E-10  9.56E-11  7.13E-11
  5.37E-11  3.21E-11  2.10E-11  1.30E-11  8.89E-12  6.01E-12  3.69E-12  2.36E-12
  1.49E-12  9.82E-13  6.02E-13  3.67E-13  2.35E-13  1.48E-13  9.19E-14  5.89E-14
  3.69E-14  2.37E-14  1.53E-14  9.48E-15  6.19E-15  4.04E-15  2.61E-15  1.69E-15
  1.14E-15  7.54E-16  4.88E-16  3.26E-16  2.10E-16  1.41E-16  8.95E-17  5.94E-17
  3.89E-17  2.54E-17  1.61E-17  9.97E-18  6.40E-18  3.97E-18  2.43E-18  1.46E-18
  9.03E-19  5.20E-19  2.90E-19  1.61E-19  8.57E-20  3.71E-20  1.01E-20 -2.25E-21
   98.022564442034067     
  0.00E+00 -1.97E-06  1.33E-07  5.05E-08 -3.83E-09 -4.27E-09 -1.77E-09 -1.90E-09
 -7.48E-10 -1.20E-10  1.59E-10  1.63E-10  1.64E-10  1.22E-10  9.72E-11  6.14E-11
  5.25E-11  3.24E-11  2.02E-11  1.29E-11  8.80E-12  6.04E-12  3.66E-12  2.27E-12
  1.48E-12  9.94E-13  6.09E-13  3.70E-13  2.31E-13  1.48E-13  9.13E-14  5.82E-14
  3.71E-14  2.37E-14  1.53E-14  9.38E-15  6.19E-15  4.06E-15  2.62E-15  1.68E-15
  1.13E-15  7.54E-16  4.89E-16  3.26E-16  2.11E-16  1.41E-16  8.94E-17  5.94E-17
  3.89E-17  2.53E-17  1.62E-17  1.01E-17  6.41E-18  3.98E-18  2.44E-18  1.46E-18
  9.09E-19  5.16E-19  2.93E-19  1.57E-19  8.30E-20  3.76E-20  9.31E-21 -1.72E-21
   100.01430704147901     
  0.00E+00  1.12E-06 -5.97E-08  9.03E-09  6.91E-09 -1.14E-08 -1.38E-09 -2.81E-09
 -5.02E-10  9.39E-11  1.71E-10  1.92E-10  1.60E-10  1.38E-10  9.64E-11  6.81E-11
  5.29E-11  3.25E-11  2.06E-11  1.28E-11  9.01E-12  5.94E-12  3.65E-12  2.34E-12
  1.49E-12  9.83E-13  5.98E-13  3.71E-13  2.38E-13  1.48E-13  9.17E-14  5.83E-14
  3.67E-14  2.37E-14  1.54E-14  9.36E-15  6.20E-15  4.06E-15  2.63E-15  1.68E-15
  1.13E-15  7.55E-16  4.86E-16  3.26E-16  2.11E-16  1.41E-16  8.93E-17  5.93E-17
  3.90E-17  2.53E-17  1.61E-17  1.01E-17  6.45E-18  3.93E-18  2.46E-18  1.46E-18
  9.01E-19  5.17E-19  2.91E-19  1.60E-19  8.24E-20  3.53E-20  1.17E-20 -2.16E-21
   102.01882216038022     
  0.00E+00 -2.05E-06 -1.65E-07 -3.68E-08 -1.17E-09 -1.00E-08 -2.47E-09 -2.40E-09
 -3.45E-10 -2.21E-11  5.20E-11  2.00E-10  1.96E-10  1.38E-10  9.62E-11  6.81E-11
  5.36E-11  3.21E-11  2.08E-11  1.27E-11  8.70E-12  6.00E-12  3.63E-12  2.31E-12
  1.48E-12  9.98E-13  6.09E-13  3.66E-13  2.34E-13  1.47E-13  9.23E-14  5.85E-14
  3.66E-14  2.38E-14  1.52E-14  9.43E-15  6.18E-15  4.07E-15  2.61E-15  1.68E-15
  1.15E-15  7.60E-16  4.89E-16  3.25E-16  2.10E-16  1.40E-16  8.94E-17  5.92E-17
  3.88E-17  2.54E-17  1.61E-17  1.00E-17  6.48E-18  3.93E-18  2.44E-18  1.46E-18
  8.96E-19  5.23E-19  2.86E-19  1.63E-19  8.36E-20  3.74E-20  9.68E-21 -3.28E-21
   104.01202706594255     
  0.00E+00 -1.23E-06  5.14E-09 -3.29E-08 -4.25E-09 -1.39E-09 -3.30E-09 -2.68E-09
 -5.83E-10  7.88E-11  1.77E-10  1.97E-10  1.49E-10  1.37E-10  9.78E-11  6.63E-11
  5.47E-11  3.23E-11  1.97E-11  1.23E-11  9.12E-12  5.84E-12  3.60E-12  2.31E-12
  1.49E-12  9.89E-13  6.04E-13  3.65E-13  2.39E-13  1.49E-13  9.28E-14  5.80E-14
  3.67E-14  2.39E-14  1.55E-14  9.55E-15  6.19E-15  4.04E-15  2.63E-15  1.69E-15
  1.14E-15  7.59E-16  4.89E-16  3.27E-16  2.10E-16  1.41E-16  8.95E-17  5.96E-17
  3.89E-17  2.54E-17  1.61E-17  1.01E-17  6.46E-18  3.96E-18  2.45E-18  1.45E-18
  8.95E-19  5.17E-19  2.90E-19  1.61E-19  8.76E-20  3.38E-20  1.15E-20 -4.19E-21
   106.01701329383803     
  0.00E+00  8.78E-07  2.35E-07  1.90E-08  7.65E-10 -1.31E-08 -1.30E-09 -2.41E-09
 -7.32E-10 -2.93E-12  1.53E-10  1.96E-10  1.54E-10  1.36E-10  9.83E-11  6.71E-11
  5.33E-11  3.19E-11  2.07E-11  1.23E-11  9.03E-12  5.90E-12  3.62E-12  2.34E-12
  1.47E-12  9.75E-13  6.00E-13  3.69E-13  2.35E-13  1.48E-13  9.22E-14  5.86E-14
  3.63E-14  2.39E-14  1.53E-14  9.43E-15  6.19E-15  4.07E-15  2.63E-15  1.69E-15
  1.13E-15  7.54E-16  4.88E-16  3.26E-16  2.10E-16  1.40E-16  8.91E-17  5.96E-17
  3.89E-17  2.54E-17  1.62E-17  1.00E-17  6.43E-18  3.96E-18  2.45E-18  1.45E-18
  8.99E-19  5.20E-19  2.89E-19  1.63E-19  8.03E-20  3.47E-20  1.04E-20 -2.47E-21
   108.02250832030910     
  0.00E+00 -2.46E-06  3.45E-07  6.09E-08  4.75E-09 -8.88E-09 -2.00E-09 -2.42E-09
 -7.14E-10  6.22E-11  2.06E-10  1.71E-10  1.67E-10  1.30E-10  9.85E-11  6.32E-11
  5.14E-11  3.10E-11  2.05E-11  1.25E-11  8.83E-12  6.14E-12  3.61E-12  2.28E-12
  1.47E-12  9.89E-13  6.06E-13  3.72E-13  2.35E-13  1.48E-13  9.17E-14  5.78E-14
  3.65E-14  2.38E-14  1.54E-14  9.50E-15  6.15E-15  4.06E-15  2.62E-15  1.69E-15
  1.14E-15  7.54E-16  4.87E-16  3.26E-16  2.10E-16  1.41E-16  8.94E-17  5.94E-17
  3.90E-17  2.54E-17  1.62E-17  1.00E-17  6.47E-18  3.95E-18  2.45E-18  1.46E-18
  9.02E-19  5.23E-19  2.94E-19  1.59E-19  8.43E-20  3.75E-20  1.03E-20 -2.39E-21
   110.01595820096531     
  0.00E+00  2.62E-07  3.04E-07  5.49E-08 -6.40E-09 -9.47E-09 -2.29E-09 -2.56E-09
 -7.77E-10  6.29E-11  2.38E-10  1.45E-10  1.72E-10  1.27E-10  9.79E-11  6.97E-11
  5.28E-11  3.16E-11  2.04E-11  1.24E-11  8.99E-12  6.02E-12  3.60E-12  2.33E-12
  1.46E-12  9.99E-13  6.01E-13  3.71E-13  2.36E-13  1.48E-13  9.22E-14  5.85E-14
  3.64E-14  2.36E-14  1.53E-14  9.46E-15  6.16E-15  4.07E-15  2.62E-15  1.68E-15
  1.14E-15  7.55E-16  4.87E-16  3.26E-16  2.10E-16  1.41E-16  8.94E-17  5.96E-17
  3.89E-17  2.55E-17  1.61E-17  1.00E-17  6.45E-18  3.98E-18  2.45E-18  1.47E-18
  8.99E-19  5.27E-19  2.97E-19  1.59E-19  8.40E-20  3.53E-20  1.04E-20 -2.22E-21
   112.02182434772368     
  0.00E+00  5.02E-07  4.74E-07  3.14E-08 -2.38E-09 -1.55E-09  3.05E-11 -2.53E-09
 -8.01E-10 -1.71E-11  1.17E-10  1.45E-10  1.81E-10  1.25E-10  9.57E-11  6.83E-11
  4.94E-11  3.39E-11  2.00E-11  1.25E-11  8.91E-12  6.00E-12  3.60E-12  2.31E-12
  1.47E-12  1.00E-12  6.08E-13  3.68E-13  2.36E-13  1.49E-13  9.23E-14  5.83E-14
  3.65E-14  2.38E-14  1.53E-14  9.40E-15  6.21E-15  4.05E-15  2.63E-15  1.68E-15
  1.14E-15  7.53E-16  4.89E-16  3.26E-16  2.10E-16  1.41E-16  8.95E-17  5.98E-17
  3.88E-17  2.55E-17  1.62E-17  1.00E-17  6.41E-18  3.95E-18  2.45E-18  1.47E-18
  8.97E-19  5.18E-19  2.95E-19  1.63E-19  8.22E-20  3.90E-20  9.91E-21 -3.25E-21
   114.01697518974935     
  0.00E+00 -2.23E-06  3.48E-07  3.60E-08  5.05E-09 -6.92E-09 -3.26E-09 -2.66E-09
 -6.68E-10  1.09E-10  1.55E-10  1.79E-10  1.65E-10  1.36E-10  9.63E-11  6.41E-11
  5.30E-11  3.20E-11  2.14E-11  1.27E-11  9.10E-12  5.99E-12  3.59E-12  2.32E-12
  1.46E-12  9.94E-13  6.07E-13  3.69E-13  2.36E-13  1.46E-13  9.12E-14  5.92E-14
  3.61E-14  2.39E-14  1.53E-14  9.43E-15  6.21E-15  4.07E-15  2.61E-15  1.68E-15
  1.14E-15  7.54E-16  4.87E-16  3.26E-16  2.10E-16  1.41E-16  8.98E-17  5.94E-17
  3.90E-17  2.54E-17  1.61E-17  1.00E-17  6.45E-18  3.97E-18  2.43E-18  1.47E-18
  8.99E-19  5.25E-19  2.90E-19  1.60E-19  8.30E-20  3.56E-20  1.11E-20 -2.62E-21
   116.01186741371606     
  0.00E+00  1.09E-06  1.17E-07  6.98E-08  2.07E-09 -5.24E-09 -4.82E-09 -2.41E-09
 -5.29E-10 -1.88E-11  2.05E-10  1.84E-10  1.91E-10  1.33E-10  9.97E-11  6.52E-11
  5.18E-11  3.32E-11  1.94E-11  1.25E-11  8.84E-12  5.97E-12  3.61E-12  2.31E-12
  1.48E-12  9.88E-13  6.03E-13  3.69E-13  2.33E-13  1.49E-13  9.12E-14  5.81E-14
  3.64E-14  2.39E-14  1.53E-14  9.40E-15  6.19E-15  4.06E-15  2.60E-15  1.69E-15
  1.14E-15  7.54E-16  4.89E-16  3.26E-16  2.10E-16  1.41E-16  8.97E-17  5.93E-17
  3.90E-17  2.53E-17  1.61E-17  1.00E-17  6.47E-18  3.97E-18  2.43E-18  1.47E-18
  9.01E-19  5.23E-19  2.90E-19  1.60E-19  8.35E-20  3.72E-20  1.04E-20 -1.63E-21
   118.01954307563676     
  0.00E+00 -7.49E-07 -6.35E-08  8.08E-08 -4.39E-09 -3.61E-09 -1.30E-09 -2.34E-09
 -6.42E-10 -1.47E-10  1.63E-10  1.60E-10  1.57E-10  1.33E-10  1.00E-10  6.84E-11
  5.06E-11  3.29E-11  2.10E-11  1.23E-11  9.01E-12  6.02E-12  3.62E-12  2.30E-12
  1.45E-12  1.00E-12  5.99E-13  3.73E-13  2.38E-13  1.47E-13  9.18E-14  5.86E-14
  3.67E-14  2.38E-14  1.54E-14  9.51E-15  6.19E-15  4.04E-15  2.62E-15  1.70E-15
  1.13E-15  7.52E-16  4.89E-16  3.26E-16  2.11E-16  1.40E-16  8.93E-17  5.92E-17
  3.88E-17  2.56E-17  1.62E-17  1.00E-17  6.43E-18  3.98E-18  2.45E-18  1.46E-18
  8.99E-19  5.12E-19  2.93E-19  1.60E-19  8.16E-20  3.79E-20  1.03E-20 -1.18E-21
   120.01548905410577     
  0.00E+00 -2.15E-06 -3.77E-08  3.64E-08  6.30E-10 -3.13E-09 -6.66E-10 -2.47E-09
 -7.11E-10 -2.87E-11  1.67E-10  1.61E-10  1.82E-10  1.22E-10  1.00E-10  6.59E-11
  5.07E-11  3.20E-11  2.03E-11  1.25E-11  8.99E-12  6.06E-12  3.59E-12  2.31E-12
  1.45E-12  1.00E-12  6.00E-13  3.73E-13  2.36E-13  1.49E-13  9.16E-14  5.86E-14
  3.66E-14  2.39E-14  1.53E-14  9.36E-15  6.19E-15  4.05E-15  2.61E-15  1.68E-15
  1.14E-15  7.55E-16  4.88E-16  3.25E-16  2.11E-16  1.41E-16  8.93E-17  5.92E-17
  3.92E-17  2.55E-17  1.61E-17  1.01E-17  6.45E-18  3.97E-18  2.44E-18  1.46E-18
  9.03E-19  5.16E-19  2.95E-19  1.62E-19  8.22E-20  3.78E-20  1.00E-20 -1.70E-21
   122.01182640950074     
  0.00E+00  1.06E-06 -9.81E-09 -1.94E-08  3.05E-09 -4.36E-10 -1.61E-09 -2.62E-09
 -6.04E-10 -3.78E-11  2.02E-10  2.00E-10  1.66E-10  1.38E-10  1.03E-10  6.71E-11
  4.99E-11  3.23E-11  2.08E-11  1.26E-11  8.98E-12  6.10E-12  3.61E-12  2.38E-12
  1.46E-12  9.91E-13  6.07E-13  3.75E-13  2.34E-13  1.48E-13  9.14E-14  5.83E-14
  3.67E-14  2.39E-14  1.52E-14  9.49E-15  6.20E-15  4.08E-15  2.60E-15  1.68E-15
  1.14E-15  7.58E-16  4.90E-16  3.28E-16  2.10E-16  1.41E-16  8.93E-17  5.94E-17
  3.88E-17  2.55E-17  1.62E-17  9.99E-18  6.47E-18  3.94E-18  2.43E-18  1.45E-18
  8.95E-19  5.21E-19  2.89E-19  1.63E-19  8.41E-20  3.65E-20  1.04E-20 -2.57E-21
   124.02069882397409     
  0.00E+00 -2.02E-06 -4.91E-08 -2.27E-08 -9.29E-09 -7.39E-09 -1.17E-09 -3.00E-09
 -7.14E-10  2.25E-11  1.75E-10  2.21E-10  1.50E-10  1.35E-10  1.02E-10  6.74E-11
  5.06E-11  3.31E-11  2.07E-11  1.27E-11  8.74E-12  6.11E-12  3.73E-12  2.30E-12
  1.48E-12  9.90E-13  6.04E-13  3.70E-13  2.36E-13  1.47E-13  9.23E-14  5.94E-14
  3.64E-14  2.38E-14  1.53E-14  9.44E-15  6.19E-15  4.05E-15  2.61E-15  1.68E-15
  1.14E-15  7.56E-16  4.89E-16  3.25E-16  2.10E-16  1.41E-16  8.91E-17  5.96E-17
  3.88E-17  2.54E-17  1.62E-17  1.01E-17  6.44E-18  3.94E-18  2.47E-18  1.47E-18
  9.01E-19  5.22E-19  2.88E-19  1.59E-19  8.32E-20  3.66E-20  9.92E-21 -2.02E-21
   126.01774369094289     
  0.00E+00 -1.25E-06  2.18E-07  2.32E-08  7.28E-09 -5.90E-09 -6.58E-10 -1.93E-09
 -8.85E-10 -9.32E-11  7.29E-11  1.87E-10  1.74E-10  1.36E-10  9.88E-11  6.51E-11
  5.04E-11  3.10E-11  1.97E-11  1.26E-11  9.04E-12  6.00E-12  3.69E-12  2.29E-12
  1.49E-12  9.81E-13  6.10E-13  3.67E-13  2.34E-13  1.48E-13  9.21E-14  5.86E-14
  3.64E-14  2.38E-14  1.53E-14  9.48E-15  6.19E-15  4.03E-15  2.61E-15  1.69E-15
  1.14E-15  7.55E-16  4.88E-16  3.27E-16  2.10E-16  1.41E-16  8.90E-17  5.96E-17
  3.89E-17  2.53E-17  1.62E-17  1.00E-17  6.43E-18  3.99E-18  2.44E-18  1.48E-18
  9.01E-19  5.24E-19  2.91E-19  1.63E-19  8.49E-20  3.68E-20  1.16E-20 -2.16E-21
   128.01502362305155     
  0.00E+00  1.08E-06  4.24E-07  6.63E-08  2.42E-09 -2.04E-09 -1.42E-09 -2.26E-09
 -9.58E-10 -4.78E-11  7.93E-11  1.61E-10  1.71E-10  1.41E-10  1.01E-10  6.65E-11
  4.94E-11  3.36E-11  2.04E-11  1.24E-11  8.84E-12  6.08E-12  3.59E-12  2.32E-12
  1.46E-12  9.87E-13  6.00E-13  3.69E-13  2.39E-13  1.49E-13  9.16E-14  5.87E-14
  3.69E-14  2.36E-14  1.53E-14  9.51E-15  6.21E-15  4.07E-15  2.62E-15  1.68E-15
  1.14E-15  7.56E-16  4.88E-16  3.28E-16  2.10E-16  1.41E-16  8.90E-17  5.92E-17
  3.90E-17  2.55E-17  1.62E-17  1.00E-17  6.42E-18  3.96E-18  2.45E-18  1.48E-18
  8.97E-19  5.20E-19  2.95E-19  1.62E-19  8.41E-20  3.70E-20  1.05E-20 -1.23E-21
   130.01285309990487     
  0.00E+00 -2.30E-06  4.22E-07  6.59E-08 -3.03E-09 -6.86E-09 -2.73E-09 -2.72E-09
 -9.18E-10  5.64E-11  2.66E-10  1.83E-10  1.64E-10  1.43E-10  1.01E-10  6.72E-11
  5.08E-11  3.14E-11  2.07E-11  1.26E-11  8.71E-12  5.99E-12  3.64E-12  2.33E-12
  1.47E-12  9.96E-13  5.97E-13  3.75E-13  2.35E-13  1.47E-13  9.21E-14  5.85E-14
  3.67E-14  2.38E-14  1.54E-14  9.51E-15  6.16E-15  4.07E-15  2.62E-15  1.68E-15
  1.14E-15  7.55E-16  4.88E-16  3.24E-16  2.11E-16  1.41E-16  8.92E-17  5.93E-17
  3.89E-17  2.56E-17  1.62E-17  1.01E-17  6.42E-18  3.97E-18  2.45E-18  1.47E-18
  8.99E-19  5.16E-19  2.91E-19  1.60E-19  8.48E-20  3.64E-20  9.34E-21 -1.31E-21
   132.02301981223536     
  0.00E+00  2.44E-07  3.08E-07  5.11E-08 -1.77E-09 -1.36E-08 -3.00E-09 -3.02E-09
 -7.56E-10 -1.21E-10  4.48E-11  2.04E-10  1.59E-10  1.33E-10  9.89E-11  6.80E-11
  5.09E-11  3.21E-11  2.07E-11  1.27E-11  9.09E-12  5.97E-12  3.69E-12  2.33E-12
  1.46E-12  9.96E-13  6.09E-13  3.71E-13  2.36E-13  1.49E-13  9.25E-14  5.89E-14
  3.67E-14  2.41E-14  1.52E-14  9.48E-15  6.17E-15  4.09E-15  2.63E-15  1.68E-15
  1.13E-15  7.54E-16  4.87E-16  3.27E-16  2.10E-16  1.41E-16  8.94E-17  5.95E-17
  3.87E-17  2.55E-17  1.61E-17  1.00E-17  6.46E-18  3.94E-18  2.44E-18  1.46E-18
  9.00E-19  5.16E-19  2.89E-19  1.65E-19  8.26E-20  3.75E-20  1.13E-20 -2.06E-21
   134.02173914646539     
  0.00E+00  5.89E-07  2.94E-07  6.24E-08  2.00E-09 -1.41E-08 -2.50E-09 -1.88E-09
 -6.74E-10 -5.88E-11  2.69E-10  1.94E-10  1.71E-10  1.35E-10  9.82E-11  6.45E-11
  5.11E-11  3.21E-11  2.00E-11  1.25E-11  8.99E-12  5.79E-12  3.64E-12  2.33E-12
  1.50E-12  9.92E-13  6.00E-13  3.69E-13  2.38E-13  1.47E-13  9.22E-14  5.86E-14
  3.64E-14  2.41E-14  1.54E-14  9.49E-15  6.20E-15  4.05E-15  2.61E-15  1.69E-15
  1.14E-15  7.57E-16  4.87E-16  3.26E-16  2.10E-16  1.41E-16  8.95E-17  5.95E-17
  3.91E-17  2.55E-17  1.60E-17  1.00E-17  6.43E-18  3.98E-18  2.45E-18  1.47E-18
  8.98E-19  5.22E-19  2.88E-19  1.61E-19  8.48E-20  3.80E-20  9.38E-21 -7.42E-22
   136.02009692679084     
  0.00E+00 -2.32E-06  1.70E-07  1.02E-07  3.09E-09 -1.27E-09 -2.26E-09 -2.75E-09
 -7.76E-10 -8.79E-11  1.25E-10  1.53E-10  1.75E-10  1.32E-10  1.00E-10  6.79E-11
  5.26E-11  3.33E-11  2.08E-11  1.26E-11  8.82E-12  5.74E-12  3.65E-12  2.30E-12
  1.50E-12  9.93E-13  6.01E-13  3.70E-13  2.37E-13  1.49E-13  9.20E-14  5.82E-14
  3.68E-14  2.37E-14  1.53E-14  9.48E-15  6.16E-15  4.05E-15  2.61E-15  1.68E-15
  1.14E-15  7.57E-16  4.89E-16  3.26E-16  2.10E-16  1.41E-16  8.95E-17  5.93E-17
  3.90E-17  2.55E-17  1.61E-17  1.01E-17  6.45E-18  3.97E-18  2.44E-18  1.47E-18
  9.02E-19  5.16E-19  2.91E-19  1.58E-19  8.21E-20  3.72E-20  1.04E-20 -9.89E-22
   138.01817134086150     
  0.00E+00  8.72E-07 -8.97E-08  1.17E-07 -7.03E-09 -6.62E-09 -3.07E-09 -2.19E-09
 -9.13E-10 -1.45E-10  1.67E-10  1.40E-10  1.69E-10  1.39E-10  1.04E-10  6.76E-11
  4.93E-11  3.30E-11  1.98E-11  1.27E-11  8.93E-12  6.08E-12  3.74E-12  2.33E-12
  1.48E-12  9.98E-13  6.12E-13  3.71E-13  2.36E-13  1.47E-13  9.10E-14  5.84E-14
  3.64E-14  2.36E-14  1.54E-14  9.52E-15  6.17E-15  4.05E-15  2.61E-15  1.68E-15
  1.13E-15  7.56E-16  4.85E-16  3.26E-16  2.10E-16  1.41E-16  8.94E-17  5.96E-17
  3.88E-17  2.55E-17  1.61E-17  9.99E-18  6.48E-18  3.98E-18  2.44E-18  1.47E-18
  9.02E-19  5.17E-19  2.88E-19  1.64E-19  8.33E-20  3.82E-20  1.03E-20 -1.20E-21
   140.01677466316511     
  0.00E+00 -8.57E-07 -1.51E-07  7.68E-08  1.29E-10 -6.40E-09 -1.67E-09 -3.22E-09
 -8.75E-10 -1.56E-11  2.17E-10  1.92E-10  1.70E-10  1.42E-10  9.92E-11  6.41E-11
  5.06E-11  3.20E-11  2.06E-11  1.27E-11  8.96E-12  6.18E-12  3.72E-12  2.32E-12
  1.47E-12  9.81E-13  6.06E-13  3.67E-13  2.36E-13  1.47E-13  9.14E-14  5.87E-14
  3.60E-14  2.39E-14  1.54E-14  9.50E-15  6.15E-15  4.07E-15  2.60E-15  1.69E-15
  1.14E-15  7.54E-16  4.90E-16  3.26E-16  2.10E-16  1.41E-16  8.91E-17  5.97E-17
  3.89E-17  2.54E-17  1.61E-17  1.00E-17  6.41E-18  3.92E-18  2.45E-18  1.47E-18
  8.97E-19  5.19E-19  2.89E-19  1.63E-19  8.06E-20  3.80E-20  1.18E-20 -2.61E-21
   142.01627413107968     
  0.00E+00 -2.24E-06  2.55E-08  1.91E-08  9.21E-09 -1.77E-09 -5.26E-10 -1.79E-09
 -8.49E-10 -6.95E-11  1.56E-10  2.50E-10  1.72E-10  1.28E-10  9.26E-11  6.79E-11
  5.18E-11  3.38E-11  2.07E-11  1.28E-11  8.88E-12  6.02E-12  3.65E-12  2.31E-12
  1.48E-12  9.86E-13  5.93E-13  3.75E-13  2.38E-13  1.49E-13  9.18E-14  5.87E-14
  3.68E-14  2.39E-14  1.53E-14  9.46E-15  6.15E-15  4.07E-15  2.61E-15  1.69E-15
  1.14E-15  7.56E-16  4.85E-16  3.27E-16  2.10E-16  1.40E-16  8.92E-17  5.95E-17
  3.89E-17  2.54E-17  1.61E-17  1.00E-17  6.37E-18  3.96E-18  2.43E-18  1.48E-18
  8.96E-19  5.21E-19  2.88E-19  1.58E-19  8.06E-20  3.73E-20  9.05E-21 -3.31E-21
   144.01603979654573     
  0.00E+00  9.83E-07  1.22E-07  4.52E-09 -4.90E-09  2.74E-10 -2.55E-09 -2.79E-09
 -1.08E-09  4.78E-11  1.95E-10  2.23E-10  1.80E-10  1.29E-10  9.63E-11  6.73E-11
  5.28E-11  3.20E-11  2.03E-11  1.27E-11  9.17E-12  6.13E-12  3.70E-12  2.33E-12
  1.49E-12  1.00E-12  6.06E-13  3.71E-13  2.34E-13  1.48E-13  9.15E-14  5.89E-14
  3.65E-14  2.39E-14  1.53E-14  9.49E-15  6.20E-15  4.04E-15  2.61E-15  1.69E-15
  1.14E-15  7.56E-16  4.88E-16  3.25E-16  2.11E-16  1.41E-16  8.92E-17  5.92E-17
  3.89E-17  2.54E-17  1.62E-17  1.01E-17  6.41E-18  3.95E-18  2.44E-18  1.47E-18
  9.06E-19  5.27E-19  2.88E-19  1.61E-19  8.31E-20  3.68E-20  1.11E-20 -1.02E-21
   146.01539915081148     
  0.00E+00 -1.90E-06  1.76E-07  4.03E-08 -4.93E-09 -1.72E-11 -1.29E-09 -2.51E-09
 -1.11E-09 -5.30E-11  1.91E-10  1.40E-10  1.77E-10  1.28E-10  9.78E-11  6.53E-11
  5.30E-11  3.25E-11  2.04E-11  1.27E-11  8.73E-12  6.04E-12  3.74E-12  2.32E-12
  1.47E-12  9.83E-13  6.07E-13  3.68E-13  2.35E-13  1.47E-13  9.21E-14  5.84E-14
  3.63E-14  2.40E-14  1.53E-14  9.46E-15  6.20E-15  4.07E-15  2.60E-15  1.68E-15
  1.13E-15  7.55E-16  4.87E-16  3.26E-16  2.10E-16  1.40E-16  8.92E-17  5.92E-17
  3.89E-17  2.54E-17  1.61E-17  1.01E-17  6.44E-18  3.97E-18  2.46E-18  1.46E-18
  8.93E-19  5.15E-19  2.92E-19  1.61E-19  8.44E-20  3.90E-20  9.23E-21 -4.63E-22
   148.01454532899510     
  0.00E+00 -1.09E-06  3.68E-07  7.54E-08  8.62E-09 -8.92E-09 -1.55E-09 -2.66E-09
 -9.22E-10 -1.54E-11  1.28E-10  1.17E-10  1.50E-10  1.35E-10  9.71E-11  6.93E-11
  5.10E-11  3.22E-11  2.04E-11  1.27E-11  8.88E-12  5.90E-12  3.68E-12  2.32E-12
  1.49E-12  9.78E-13  6.09E-13  3.71E-13  2.35E-13  1.50E-13  9.13E-14  5.91E-14
  3.62E-14  2.40E-14  1.52E-14  9.49E-15  6.20E-15  4.06E-15  2.60E-15  1.68E-15
  1.14E-15  7.59E-16  4.87E-16  3.27E-16  2.11E-16  1.41E-16  8.95E-17  5.94E-17
  3.90E-17  2.54E-17  1.62E-17  9.98E-18  6.46E-18  3.95E-18  2.43E-18  1.47E-18
  9.08E-19  5.31E-19  2.90E-19  1.63E-19  8.21E-20  3.92E-20  1.06E-20 -1.25E-21
   150.01407258393456     
  0.00E+00  1.20E-06  5.05E-07  7.15E-08 -9.33E-09 -5.58E-09 -4.40E-09 -2.41E-09
 -7.92E-10  9.99E-11  1.53E-10  1.59E-10  1.98E-10  1.37E-10  9.87E-11  6.29E-11
  5.32E-11  3.28E-11  2.04E-11  1.24E-11  8.87E-12  5.93E-12  3.62E-12  2.31E-12
  1.49E-12  9.82E-13  6.01E-13  3.71E-13  2.40E-13  1.47E-13  9.14E-14  5.85E-14
  3.68E-14  2.39E-14  1.53E-14  9.49E-15  6.16E-15  4.05E-15  2.62E-15  1.68E-15
  1.14E-15  7.58E-16  4.89E-16  3.25E-16  2.11E-16  1.41E-16  8.96E-17  5.94E-17
  3.89E-17  2.55E-17  1.61E-17  1.01E-17  6.46E-18  3.96E-18  2.44E-18  1.48E-18
  8.98E-19  5.15E-19  2.90E-19  1.58E-19  8.34E-20  4.00E-20  1.05E-20 -2.06E-21
   152.01419136903201     
  0.00E+00 -2.17E-06  3.71E-07  5.28E-08  3.33E-09 -1.17E-08 -1.21E-09 -2.34E-09
 -8.04E-10  5.15E-11  1.46E-10  1.77E-10  1.29E-10  1.38E-10  9.48E-11  6.66E-11
  5.38E-11  3.20E-11  2.03E-11  1.25E-11  8.87E-12  6.11E-12  3.62E-12  2.28E-12
  1.47E-12  9.85E-13  6.00E-13  3.68E-13  2.33E-13  1.48E-13  9.22E-14  5.92E-14
  3.71E-14  2.37E-14  1.54E-14  9.51E-15  6.18E-15  4.07E-15  2.61E-15  1.68E-15
  1.13E-15  7.55E-16  4.87E-16  3.27E-16  2.10E-16  1.41E-16  8.97E-17  5.94E-17
  3.89E-17  2.54E-17  1.62E-17  1.01E-17  6.45E-18  3.97E-18  2.46E-18  1.47E-18
  8.97E-19  5.24E-19  2.92E-19  1.66E-19  8.31E-20  3.64E-20  1.09E-20 -2.05E-21
   154.01468452225689     
  0.00E+00  2.87E-07  1.25E-07  6.60E-08  3.92E-09 -7.23E-09  7.78E-10 -2.59E-09
 -9.47E-10  9.01E-11  2.04E-10  1.61E-10  2.00E-10  1.31E-10  9.61E-11  7.04E-11
  5.17E-11  3.38E-11  2.06E-11  1.25E-11  8.97E-12  6.04E-12  3.65E-12  2.33E-12
  1.48E-12  9.93E-13  6.04E-13  3.69E-13  2.35E-13  1.47E-13  9.19E-14  5.82E-14
  3.63E-14  2.37E-14  1.53E-14  9.55E-15  6.19E-15  4.05E-15  2.62E-15  1.69E-15
  1.14E-15  7.55E-16  4.87E-16  3.26E-16  2.11E-16  1.41E-16  8.95E-17  5.94E-17
  3.89E-17  2.54E-17  1.61E-17  1.00E-17  6.44E-18  3.96E-18  2.45E-18  1.47E-18
  9.10E-19  5.18E-19  2.95E-19  1.59E-19  7.84E-20  3.77E-20  1.05E-20 -3.79E-22
   156.01518052894818     
  0.00E+00  4.73E-07  1.20E-07  1.10E-07 -1.44E-09 -1.35E-08 -1.85E-09 -2.52E-09
 -9.82E-10 -7.93E-11  1.02E-10  1.70E-10  1.41E-10  1.33E-10  1.02E-10  6.36E-11
  5.17E-11  3.27E-11  2.03E-11  1.25E-11  8.67E-12  5.99E-12  3.67E-12  2.35E-12
  1.51E-12  9.86E-13  6.09E-13  3.68E-13  2.33E-13  1.49E-13  9.29E-14  5.92E-14
  3.69E-14  2.39E-14  1.54E-14  9.44E-15  6.18E-15  4.04E-15  2.61E-15  1.69E-15
  1.14E-15  7.54E-16  4.87E-16  3.27E-16  2.12E-16  1.41E-16  8.95E-17  5.93E-17
  3.88E-17  2.55E-17  1.61E-17  1.00E-17  6.44E-18  3.96E-18  2.45E-18  1.47E-18
  8.95E-19  5.26E-19  2.98E-19  1.60E-19  8.42E-20  3.71E-20  9.57E-21 -1.12E-21
   158.01546412030308     
  0.00E+00 -2.48E-06 -1.08E-08  1.35E-07 -6.05E-10 -1.18E-08 -2.76E-09 -2.70E-09
 -1.08E-09  6.44E-11  1.62E-10  1.93E-10  1.57E-10  1.34E-10  9.53E-11  6.84E-11
  5.03E-11  3.41E-11  2.07E-11  1.28E-11  8.72E-12  6.18E-12  3.64E-12  2.30E-12
  1.47E-12  9.76E-13  5.96E-13  3.76E-13  2.35E-13  1.48E-13  9.30E-14  5.83E-14
  3.62E-14  2.40E-14  1.53E-14  9.52E-15  6.24E-15  4.08E-15  2.63E-15  1.68E-15
  1.14E-15  7.56E-16  4.89E-16  3.27E-16  2.12E-16  1.40E-16  8.91E-17  5.93E-17
  3.89E-17  2.54E-17  1.61E-17  1.01E-17  6.49E-18  3.98E-18  2.44E-18  1.48E-18
  9.03E-19  5.26E-19  2.94E-19  1.62E-19  8.23E-20  3.29E-20  9.02E-21 -2.54E-21
   160.01569464590358     
  0.00E+00  7.51E-07 -1.30E-07  1.05E-07 -5.52E-09 -3.50E-09 -2.27E-09 -2.42E-09
 -1.16E-09 -1.26E-11  1.73E-10  1.85E-10  1.77E-10  1.45E-10  9.18E-11  6.54E-11
  5.07E-11  3.16E-11  2.00E-11  1.26E-11  8.78E-12  5.98E-12  3.62E-12  2.29E-12
  1.50E-12  9.80E-13  6.11E-13  3.72E-13  2.33E-13  1.47E-13  9.22E-14  5.87E-14
  3.68E-14  2.38E-14  1.53E-14  9.49E-15  6.20E-15  4.07E-15  2.60E-15  1.68E-15
  1.14E-15  7.55E-16  4.87E-16  3.24E-16  2.11E-16  1.41E-16  8.95E-17  5.92E-17
  3.91E-17  2.53E-17  1.62E-17  1.01E-17  6.47E-18  3.96E-18  2.46E-18  1.48E-18
  8.94E-19  5.26E-19  2.92E-19  1.61E-19  8.10E-20  3.67E-20  1.28E-20 -3.72E-21
   162.01635048804357     
  0.00E+00 -9.76E-07 -7.97E-08  5.18E-08  8.54E-09 -2.35E-09 -2.49E-09 -2.49E-09
 -9.32E-10  6.13E-11  6.94E-11  1.53E-10  1.85E-10  1.34E-10  9.85E-11  6.53E-11
  5.09E-11  3.26E-11  2.08E-11  1.23E-11  8.81E-12  5.94E-12  3.69E-12  2.33E-12
  1.48E-12  1.00E-12  6.04E-13  3.72E-13  2.33E-13  1.48E-13  9.17E-14  5.85E-14
  3.64E-14  2.38E-14  1.53E-14  9.44E-15  6.16E-15  4.04E-15  2.61E-15  1.68E-15
  1.13E-15  7.53E-16  4.88E-16  3.26E-16  2.10E-16  1.41E-16  8.95E-17  5.93E-17
  3.89E-17  2.55E-17  1.62E-17  9.98E-18  6.42E-18  3.98E-18  2.44E-18  1.46E-18
  9.01E-19  5.22E-19  2.94E-19  1.61E-19  8.43E-20  3.77E-20  9.23E-21 -4.09E-21
   164.01731480995375     
  0.00E+00 -2.28E-06  1.99E-07  3.26E-08 -2.85E-09 -7.76E-09 -3.36E-09 -2.27E-09
 -7.98E-10 -1.37E-11  2.36E-10  1.34E-10  1.63E-10  1.28E-10  9.98E-11  6.96E-11
  5.11E-11  3.16E-11  1.99E-11  1.24E-11  8.78E-12  6.01E-12  3.69E-12  2.31E-12
  1.48E-12  1.01E-12  6.04E-13  3.69E-13  2.36E-13  1.48E-13  9.15E-14  5.86E-14
  3.63E-14  2.39E-14  1.53E-14  9.45E-15  6.18E-15  4.05E-15  2.63E-15  1.68E-15
  1.14E-15  7.53E-16  4.87E-16  3.27E-16  2.10E-16  1.41E-16  8.94E-17  5.95E-17
  3.87E-17  2.54E-17  1.61E-17  1.01E-17  6.40E-18  3.96E-18  2.43E-18  1.45E-18
  9.00E-19  5.20E-19  2.91E-19  1.61E-19  8.31E-20  3.81E-20  1.05E-20 -2.13E-21
   166.01841544021909     
  0.00E+00  1.10E-06  3.47E-07  5.77E-08 -8.82E-09 -9.57E-09 -3.01E-09 -2.55E-09
 -1.04E-09 -8.80E-12  2.45E-10  1.44E-10  1.81E-10  1.24E-10  9.93E-11  6.59E-11
  5.09E-11  3.24E-11  2.09E-11  1.23E-11  9.04E-12  5.82E-12  3.61E-12  2.32E-12
  1.46E-12  9.86E-13  5.95E-13  3.70E-13  2.38E-13  1.47E-13  9.20E-14  5.87E-14
  3.64E-14  2.39E-14  1.52E-14  9.45E-15  6.14E-15  4.07E-15  2.61E-15  1.68E-15
  1.14E-15  7.59E-16  4.88E-16  3.28E-16  2.10E-16  1.41E-16  8.96E-17  5.95E-17
  3.90E-17  2.55E-17  1.61E-17  1.01E-17  6.39E-18  3.94E-18  2.43E-18  1.45E-18
  9.01E-19  5.17E-19  2.86E-19  1.61E-19  8.51E-20  3.73E-20  9.85E-21 -2.38E-21
   168.01959832447776     
  0.00E+00 -1.74E-06  2.92E-07  8.15E-08  1.20E-08 -1.21E-09 -1.80E-09 -3.03E-09
 -1.38E-09  5.20E-11  1.66E-10  1.76E-10  1.75E-10  1.20E-10  1.01E-10  6.47E-11
  5.05E-11  3.29E-11  2.02E-11  1.24E-11  8.70E-12  5.96E-12  3.61E-12  2.31E-12
  1.47E-12  9.80E-13  6.14E-13  3.72E-13  2.37E-13  1.48E-13  9.22E-14  5.77E-14
  3.67E-14  2.38E-14  1.54E-14  9.47E-15  6.16E-15  4.06E-15  2.63E-15  1.69E-15
  1.14E-15  7.59E-16  4.89E-16  3.26E-16  2.11E-16  1.41E-16  8.91E-17  5.95E-17
  3.90E-17  2.54E-17  1.61E-17  1.00E-17  6.44E-18  3.98E-18  2.46E-18  1.47E-18
  8.89E-19  5.21E-19  2.90E-19  1.62E-19  8.42E-20  3.67E-20  1.10E-20 -2.07E-21
   170.02060015218225     
  0.00E+00 -1.00E-06  4.47E-07  6.74E-08  8.35E-10 -1.85E-09 -1.09E-09 -2.25E-09
 -1.28E-09 -1.12E-10  1.64E-10  2.00E-10  1.59E-10  1.34E-10  1.00E-10  6.93E-11
  5.23E-11  3.27E-11  2.07E-11  1.27E-11  8.92E-12  6.11E-12  3.67E-12  2.28E-12
  1.45E-12  9.87E-13  6.03E-13  3.71E-13  2.38E-13  1.48E-13  9.14E-14  5.85E-14
  3.68E-14  2.36E-14  1.53E-14  9.49E-15  6.23E-15  4.05E-15  2.62E-15  1.68E-15
  1.13E-15  7.54E-16  4.87E-16  3.24E-16  2.11E-16  1.40E-16  8.91E-17  5.97E-17
  3.90E-17  2.54E-17  1.61E-17  1.00E-17  6.48E-18  3.96E-18  2.45E-18  1.47E-18
  9.11E-19  5.17E-19  2.96E-19  1.62E-19  8.39E-20  3.85E-20  9.88E-21 -2.13E-21
   172.02170225811881     
  0.00E+00  1.36E-06  3.82E-07  3.79E-08 -1.14E-08 -1.17E-08 -1.43E-09 -2.18E-09
 -9.72E-10  3.16E-11  1.65E-10  2.05E-10  1.73E-10  1.34E-10  1.01E-10  6.48E-11
  5.15E-11  3.18E-11  1.99E-11  1.26E-11  8.93E-12  6.09E-12  3.65E-12  2.33E-12
  1.47E-12  9.87E-13  5.98E-13  3.76E-13  2.35E-13  1.48E-13  9.12E-14  5.81E-14
  3.65E-14  2.36E-14  1.53E-14  9.47E-15  6.21E-15  4.07E-15  2.62E-15  1.68E-15
  1.14E-15  7.56E-16  4.88E-16  3.26E-16  2.11E-16  1.41E-16  8.94E-17  5.95E-17
  3.89E-17  2.55E-17  1.61E-17  1.00E-17  6.49E-18  3.97E-18  2.45E-18  1.46E-18
  8.89E-19  5.23E-19  2.96E-19  1.61E-19  8.21E-20  3.75E-20  1.02E-20 -3.57E-21
   174.02248336444831     
  0.00E+00 -2.14E-06  1.89E-07  4.24E-08  1.01E-08 -5.83E-09 -1.71E-09 -2.62E-09
 -8.91E-10  3.47E-11  1.20E-10  2.01E-10  1.73E-10  1.31E-10  1.01E-10  6.58E-11
  5.25E-11  3.31E-11  2.07E-11  1.24E-11  8.95E-12  5.94E-12  3.64E-12  2.33E-12
  1.48E-12  9.86E-13  6.05E-13  3.75E-13  2.36E-13  1.47E-13  9.18E-14  5.84E-14
  3.66E-14  2.38E-14  1.54E-14  9.50E-15  6.17E-15  4.04E-15  2.63E-15  1.68E-15
  1.14E-15  7.53E-16  4.85E-16  3.26E-16  2.10E-16  1.40E-16  8.92E-17  5.92E-17
  3.90E-17  2.55E-17  1.62E-17  1.01E-17  6.49E-18  3.94E-18  2.44E-18  1.46E-18
  9.06E-19  5.18E-19  2.92E-19  1.60E-19  8.52E-20  3.55E-20  1.12E-20 -2.45E-21
   176.02339279572044     
  0.00E+00  1.17E-07 -7.97E-08  8.76E-08 -6.84E-09 -9.15E-09 -3.60E-10 -2.91E-09
 -8.80E-10 -1.30E-10  2.00E-10  1.86E-10  1.55E-10  1.23E-10  9.93E-11  6.92E-11
  5.03E-11  3.30E-11  2.06E-11  1.24E-11  8.97E-12  6.01E-12  3.64E-12  2.34E-12
  1.46E-12  9.82E-13  6.09E-13  3.72E-13  2.35E-13  1.48E-13  9.04E-14  5.79E-14
  3.63E-14  2.38E-14  1.52E-14  9.40E-15  6.16E-15  4.05E-15  2.62E-15  1.69E-15
  1.14E-15  7.55E-16  4.91E-16  3.27E-16  2.10E-16  1.41E-16  8.92E-17  5.94E-17
  3.88E-17  2.55E-17  1.62E-17  1.00E-17  6.42E-18  3.96E-18  2.43E-18  1.47E-18
  9.07E-19  5.20E-19  2.88E-19  1.60E-19  8.21E-20  3.65E-20  1.03E-20 -2.26E-21
   178.01293835590795     
  0.00E+00  3.90E-07 -4.14E-08  1.27E-07  2.96E-10 -5.52E-09 -1.99E-09 -2.13E-09
 -1.05E-09 -1.13E-10  1.72E-10  1.55E-10  1.85E-10  1.23E-10  1.02E-10  6.45E-11
  5.05E-11  3.21E-11  2.02E-11  1.24E-11  8.75E-12  6.12E-12  3.66E-12  2.34E-12
  1.48E-12  9.91E-13  6.03E-13  3.79E-13  2.37E-13  1.47E-13  9.08E-14  5.87E-14
  3.64E-14  2.37E-14  1.52E-14  9.49E-15  6.19E-15  4.08E-15  2.63E-15  1.68E-15
  1.13E-15  7.55E-16  4.84E-16  3.25E-16  2.10E-16  1.41E-16  8.95E-17  5.94E-17
  3.89E-17  2.55E-17  1.61E-17  1.00E-17  6.46E-18  3.95E-18  2.44E-18  1.46E-18
  8.93E-19  5.17E-19  2.93E-19  1.63E-19  8.19E-20  3.71E-20  1.10E-20 -2.02E-21
   180.01441554650876     
  0.00E+00 -2.66E-06  8.18E-09  1.11E-07  4.09E-09 -1.51E-08 -3.14E-09 -2.75E-09
 -1.25E-09 -2.13E-10  1.64E-10  1.35E-10  1.73E-10  1.42E-10  1.03E-10  6.69E-11
  5.07E-11  3.36E-11  2.02E-11  1.24E-11  9.28E-12  5.93E-12  3.65E-12  2.29E-12
  1.48E-12  9.98E-13  6.04E-13  3.69E-13  2.36E-13  1.49E-13  9.25E-14  5.84E-14
  3.66E-14  2.37E-14  1.54E-14  9.42E-15  6.17E-15  4.06E-15  2.61E-15  1.69E-15
  1.14E-15  7.54E-16  4.86E-16  3.27E-16  2.11E-16  1.41E-16  8.94E-17  5.95E-17
  3.89E-17  2.54E-17  1.61E-17  1.00E-17  6.47E-18  3.96E-18  2.47E-18  1.47E-18
  8.98E-19  5.17E-19  2.92E-19  1.62E-19  8.26E-20  3.68E-20  9.51E-21 -2.54E-21
   182.01567567094969     
  0.00E+00  6.02E-07 -7.59E-08  6.63E-08 -2.82E-09 -1.01E-08 -1.29E-09 -2.19E-09
 -1.27E-09 -1.93E-11  1.05E-10  1.52E-10  1.70E-10  1.39E-10  9.98E-11  6.62E-11
  5.13E-11  3.24E-11  2.04E-11  1.25E-11  8.83E-12  6.17E-12  3.64E-12  2.35E-12
  1.48E-12  9.76E-13  6.02E-13  3.69E-13  2.36E-13  1.47E-13  9.25E-14  5.85E-14
  3.63E-14  2.38E-14  1.54E-14  9.51E-15  6.18E-15  4.06E-15  2.61E-15  1.69E-15
  1.14E-15  7.58E-16  4.87E-16  3.26E-16  2.10E-16  1.41E-16  8.92E-17  5.94E-17
  3.91E-17  2.53E-17  1.62E-17  1.01E-17  6.47E-18  3.97E-18  2.44E-18  1.47E-18
  9.03E-19  5.20E-19  2.89E-19  1.60E-19  8.53E-20  3.86E-20  1.07E-20 -2.82E-21
   184.01666845642231     
  0.00E+00 -9.27E-07  1.63E-07  4.68E-08  5.98E-09 -1.19E-08 -3.17E-09 -3.12E-09
 -1.29E-09 -1.69E-10  2.27E-10  1.80E-10  1.55E-10  1.30E-10  9.92E-11  6.73E-11
  5.09E-11  3.33E-11  2.09E-11  1.30E-11  8.79E-12  5.92E-12  3.63E-12  2.27E-12
  1.49E-12  9.77E-13  6.07E-13  3.68E-13  2.35E-13  1.47E-13  9.22E-14  5.76E-14
  3.68E-14  2.37E-14  1.53E-14  9.48E-15  6.25E-15  4.04E-15  2.62E-15  1.68E-15
  1.13E-15  7.57E-16  4.87E-16  3.27E-16  2.10E-16  1.41E-16  8.93E-17  5.93E-17
  3.88E-17  2.54E-17  1.62E-17  9.97E-18  6.46E-18  4.00E-18  2.44E-18  1.46E-18
  8.99E-19  5.18E-19  2.86E-19  1.62E-19  8.43E-20  3.83E-20  1.10E-20 -2.07E-21
   186.01763578807902     
  0.00E+00 -2.23E-06  3.63E-07  6.47E-08 -1.18E-08 -7.32E-09 -2.74E-09 -1.83E-09
 -1.25E-09 -1.53E-10  1.31E-11  1.76E-10  1.54E-10  1.30E-10  9.91E-11  6.72E-11
  5.07E-11  3.16E-11  2.01E-11  1.31E-11  8.97E-12  5.89E-12  3.65E-12  2.34E-12
  1.48E-12  9.96E-13  6.03E-13  3.73E-13  2.38E-13  1.49E-13  9.21E-14  5.89E-14
  3.65E-14  2.38E-14  1.53E-14  9.44E-15  6.19E-15  4.08E-15  2.62E-15  1.68E-15
  1.14E-15  7.56E-16  4.89E-16  3.26E-16  2.11E-16  1.41E-16  8.93E-17  5.96E-17
  3.89E-17  2.54E-17  1.61E-17  1.01E-17  6.45E-18  3.95E-18  2.45E-18  1.46E-18
  9.03E-19  5.17E-19  2.89E-19  1.60E-19  8.42E-20  3.97E-20  1.00E-20 -1.90E-21
   188.01883420594311     
  0.00E+00  1.22E-06  4.83E-07  7.80E-08  5.72E-09 -7.92E-09  6.15E-10 -2.80E-09
 -1.13E-09 -3.58E-12  1.82E-10  1.60E-10  1.79E-10  1.26E-10  9.71E-11  6.51E-11
  4.92E-11  3.28E-11  2.04E-11  1.26E-11  8.95E-12  6.10E-12  3.66E-12  2.31E-12
  1.47E-12  9.92E-13  6.02E-13  3.71E-13  2.36E-13  1.48E-13  9.22E-14  5.86E-14
  3.68E-14  2.40E-14  1.53E-14  9.44E-15  6.15E-15  4.06E-15  2.61E-15  1.68E-15
  1.14E-15  7.54E-16  4.87E-16  3.26E-16  2.10E-16  1.41E-16  8.90E-17  5.97E-17
  3.90E-17  2.54E-17  1.61E-17  1.01E-17  6.42E-18  3.98E-18  2.44E-18  1.47E-18
  8.95E-19  5.16E-19  2.92E-19  1.60E-19  8.05E-20  3.85E-20  9.48E-21 -1.38E-21
   190.02034350006460     
  0.00E+00 -1.54E-06  3.02E-07  5.15E-08  7.49E-09 -9.97E-09 -1.78E-09 -2.54E-09
 -1.03E-09 -8.20E-11  2.76E-10  1.80E-10  1.60E-10  1.21E-10  9.57E-11  6.60E-11
  4.96E-11  3.37E-11  2.04E-11  1.25E-11  8.76E-12  6.00E-12  3.64E-12  2.27E-12
  1.48E-12  9.97E-13  6.04E-13  3.73E-13  2.36E-13  1.46E-13  9.28E-14  5.88E-14
  3.63E-14  2.39E-14  1.55E-14  9.36E-15  6.19E-15  4.04E-15  2.61E-15  1.68E-15
  1.14E-15  7.52E-16  4.86E-16  3.26E-16  2.09E-16  1.41E-16  8.95E-17  5.92E-17
  3.88E-17  2.54E-17  1.61E-17  1.00E-17  6.41E-18  3.98E-18  2.46E-18  1.46E-18
  8.93E-19  5.20E-19  2.91E-19  1.61E-19  8.24E-20  3.71E-20  1.14E-20 -1.31E-21
   192.02195482376243     
  0.00E+00 -9.25E-07  2.97E-07  8.44E-09 -1.49E-08 -9.42E-10 -4.20E-09 -2.53E-09
 -1.05E-09 -1.61E-11  1.52E-10  2.15E-10  1.79E-10  1.28E-10  9.62E-11  6.96E-11
  5.25E-11  3.34E-11  2.06E-11  1.26E-11  8.93E-12  6.02E-12  3.64E-12  2.36E-12
  1.47E-12  1.01E-12  6.03E-13  3.71E-13  2.35E-13  1.48E-13  9.16E-14  5.83E-14
  3.66E-14  2.39E-14  1.53E-14  9.48E-15  6.16E-15  4.06E-15  2.62E-15  1.69E-15
  1.14E-15  7.57E-16  4.86E-16  3.26E-16  2.10E-16  1.41E-16  8.96E-17  5.92E-17
  3.89E-17  2.55E-17  1.61E-17  1.00E-17  6.45E-18  3.97E-18  2.44E-18  1.45E-18
  9.07E-19  5.18E-19  2.91E-19  1.63E-19  8.31E-20  3.68E-20  1.03E-20 -1.87E-21
   194.02335423330197     
  0.00E+00  1.37E-06  2.29E-07  2.13E-09  7.04E-09  4.59E-10 -2.79E-09 -2.56E-09
 -1.07E-09 -1.73E-11  1.19E-10  2.02E-10  1.73E-10  1.31E-10  9.74E-11  6.66E-11
  5.06E-11  3.30E-11  2.03E-11  1.25E-11  8.98E-12  6.09E-12  3.66E-12  2.28E-12
  1.47E-12  9.92E-13  6.09E-13  3.71E-13  2.32E-13  1.49E-13  9.18E-14  5.84E-14
  3.67E-14  2.39E-14  1.52E-14  9.46E-15  6.20E-15  4.06E-15  2.61E-15  1.69E-15
  1.13E-15  7.57E-16  4.88E-16  3.28E-16  2.10E-16  1.41E-16  8.93E-17  5.96E-17
  3.90E-17  2.53E-17  1.61E-17  1.00E-17  6.47E-18  3.98E-18  2.43E-18  1.46E-18
  9.01E-19  5.24E-19  2.92E-19  1.62E-19  8.32E-20  3.65E-20  9.03E-21 -1.21E-21
   196.01276165247137     
  0.00E+00 -2.20E-06 -5.52E-08  5.24E-08  9.94E-09 -6.89E-09 -1.56E-09 -2.38E-09
 -1.04E-09 -9.41E-11  2.78E-10  1.59E-10  1.76E-10  1.34E-10  9.83E-11  6.29E-11
  5.31E-11  3.29E-11  2.05E-11  1.26E-11  8.70E-12  6.03E-12  3.67E-12  2.35E-12
  1.47E-12  9.82E-13  6.00E-13  3.70E-13  2.38E-13  1.48E-13  9.19E-14  5.80E-14
  3.66E-14  2.37E-14  1.53E-14  9.47E-15  6.17E-15  4.07E-15  2.60E-15  1.69E-15
  1.13E-15  7.57E-16  4.86E-16  3.27E-16  2.10E-16  1.40E-16  8.92E-17  5.93E-17
  3.88E-17  2.54E-17  1.62E-17  1.00E-17  6.44E-18  3.95E-18  2.46E-18  1.46E-18
  9.01E-19  5.15E-19  2.91E-19  1.59E-19  8.41E-20  3.74E-20  9.03E-21 -1.60E-21
   198.01410078846436     
  0.00E+00 -2.54E-08 -1.29E-07  9.59E-08 -1.35E-08 -1.31E-08 -1.85E-09 -2.61E-09
 -1.18E-09 -3.11E-11  1.25E-10  1.52E-10  1.80E-10  1.26E-10  9.83E-11  6.81E-11
  5.22E-11  3.40E-11  2.06E-11  1.27E-11  9.06E-12  5.97E-12  3.68E-12  2.32E-12
  1.48E-12  9.93E-13  6.02E-13  3.71E-13  2.33E-13  1.48E-13  9.15E-14  5.91E-14
  3.64E-14  2.36E-14  1.53E-14  9.47E-15  6.16E-15  4.06E-15  2.60E-15  1.68E-15
  1.14E-15  7.57E-16  4.85E-16  3.24E-16  2.11E-16  1.41E-16  8.95E-17  5.95E-17
  3.89E-17  2.53E-17  1.61E-17  1.00E-17  6.44E-18  3.98E-18  2.43E-18  1.46E-18
  9.03E-19  5.22E-19  2.93E-19  1.61E-19  8.20E-20  3.79E-20  1.10E-20 -2.15E-21
   200.01568659294261     
  0.00E+00  2.50E-07 -6.53E-08  9.33E-08  5.47E-09 -1.04E-08 -1.76E-09 -2.32E-09
 -1.44E-09 -7.81E-11  1.60E-10  1.92E-10  1.71E-10  1.27E-10  9.55E-11  6.84E-11
  5.40E-11  3.26E-11  2.03E-11  1.27E-11  8.94E-12  6.02E-12  3.69E-12  2.31E-12
  1.48E-12  9.81E-13  6.04E-13  3.71E-13  2.37E-13  1.47E-13  9.23E-14  5.82E-14
  3.62E-14  2.38E-14  1.52E-14  9.45E-15  6.23E-15  4.07E-15  2.60E-15  1.69E-15
  1.14E-15  7.54E-16  4.90E-16  3.26E-16  2.11E-16  1.41E-16  8.95E-17  5.98E-17
  3.90E-17  2.54E-17  1.62E-17  1.00E-17  6.44E-18  3.95E-18  2.46E-18  1.46E-18
  8.95E-19  5.22E-19  2.92E-19  1.63E-19  8.24E-20  3.68E-20  1.04E-20 -2.06E-21
   202.01727199861875     
  0.00E+00 -2.76E-06  1.59E-07  5.96E-08 -2.13E-09 -6.50E-09 -7.20E-10 -2.68E-09
 -1.39E-09  7.83E-11  2.24E-10  2.08E-10  1.56E-10  1.37E-10  9.44E-11  6.63E-11
  5.35E-11  3.31E-11  2.02E-11  1.28E-11  8.83E-12  5.90E-12  3.63E-12  2.31E-12
  1.51E-12  9.83E-13  6.04E-13  3.73E-13  2.38E-13  1.48E-13  9.14E-14  5.86E-14
  3.67E-14  2.38E-14  1.53E-14  9.42E-15  6.18E-15  4.04E-15  2.62E-15  1.70E-15
  1.14E-15  7.56E-16  4.88E-16  3.25E-16  2.11E-16  1.41E-16  8.96E-17  5.96E-17
  3.88E-17  2.54E-17  1.62E-17  1.00E-17  6.44E-18  3.97E-18  2.45E-18  1.47E-18
  8.98E-19  5.21E-19  2.93E-19  1.58E-19  8.30E-20  3.69E-20  1.03E-20 -1.76E-21
   204.01902186966251     
  0.00E+00  5.66E-07  1.32E-07  4.37E-08 -1.35E-09 -1.81E-08 -6.23E-10 -2.53E-09
 -1.14E-09 -2.15E-12  1.31E-10  1.74E-10  1.74E-10  1.38E-10  9.76E-11  6.55E-11
  5.21E-11  3.27E-11  2.06E-11  1.24E-11  9.03E-12  5.96E-12  3.60E-12  2.27E-12
  1.51E-12  9.91E-13  6.05E-13  3.69E-13  2.38E-13  1.48E-13  9.14E-14  5.91E-14
  3.71E-14  2.38E-14  1.52E-14  9.47E-15  6.19E-15  4.06E-15  2.61E-15  1.68E-15
  1.13E-15  7.52E-16  4.86E-16  3.28E-16  2.10E-16  1.41E-16  8.91E-17  5.94E-17
  3.89E-17  2.54E-17  1.61E-17  1.01E-17  6.45E-18  3.97E-18  2.43E-18  1.48E-18
  9.08E-19  5.19E-19  2.96E-19  1.62E-19  8.52E-20  3.97E-20  1.01E-20 -7.51E-22
   206.02072355125580     
  0.00E+00 -8.25E-07  3.23E-07  6.01E-08  6.06E-09 -1.20E-08 -1.45E-09 -2.77E-09
 -9.37E-10 -4.80E-12  1.35E-10  1.35E-10  1.59E-10  1.35E-10  9.86E-11  6.77E-11
  4.94E-11  3.25E-11  2.07E-11  1.23E-11  8.92E-12  5.98E-12  3.64E-12  2.33E-12
  1.50E-12  9.96E-13  6.04E-13  3.70E-13  2.36E-13  1.49E-13  9.20E-14  5.85E-14
  3.63E-14  2.40E-14  1.54E-14  9.41E-15  6.22E-15  4.04E-15  2.60E-15  1.68E-15
  1.14E-15  7.54E-16  4.88E-16  3.26E-16  2.10E-16  1.41E-16  8.91E-17  5.94E-17
  3.88E-17  2.54E-17  1.62E-17  1.00E-17  6.44E-18  3.98E-18  2.45E-18  1.47E-18
  8.95E-19  5.19E-19  2.96E-19  1.63E-19  8.17E-20  3.80E-20  1.01E-20 -1.02E-21
   208.02246892026017     
  0.00E+00 -2.12E-06  5.15E-07  6.98E-08 -8.00E-09 -9.94E-09 -2.61E-09 -2.04E-09
 -1.03E-09  1.71E-11  1.32E-10  1.39E-10  1.89E-10  1.37E-10  9.92E-11  6.49E-11
  5.05E-11  3.31E-11  2.01E-11  1.28E-11  8.94E-12  6.07E-12  3.63E-12  2.31E-12
  1.47E-12  1.00E-12  6.08E-13  3.68E-13  2.35E-13  1.47E-13  9.15E-14  5.85E-14
  3.67E-14  2.41E-14  1.55E-14  9.54E-15  6.15E-15  4.05E-15  2.62E-15  1.69E-15
  1.13E-15  7.53E-16  4.85E-16  3.28E-16  2.10E-16  1.41E-16  8.92E-17  5.94E-17
  3.91E-17  2.54E-17  1.62E-17  1.00E-17  6.43E-18  3.95E-18  2.45E-18  1.46E-18
  9.06E-19  5.21E-19  2.94E-19  1.61E-19  8.37E-20  3.93E-20  1.05E-20 -1.66E-21
   210.01233711491642     
  0.00E+00  1.40E-06  3.93E-07  3.53E-08  1.20E-08 -4.30E-09 -2.09E-09 -2.26E-09
 -1.11E-09  1.04E-10  1.87E-10  2.01E-10  1.40E-10  1.40E-10  1.04E-10  6.71E-11
  5.13E-11  3.30E-11  2.05E-11  1.28E-11  8.96E-12  6.11E-12  3.63E-12  2.34E-12
  1.47E-12  9.82E-13  6.02E-13  3.69E-13  2.36E-13  1.49E-13  9.21E-14  5.82E-14
  3.65E-14  2.37E-14  1.52E-14  9.49E-15  6.17E-15  4.08E-15  2.61E-15  1.68E-15
  1.13E-15  7.54E-16  4.89E-16  3.26E-16  2.10E-16  1.41E-16  8.96E-17  5.94E-17
  3.88E-17  2.54E-17  1.62E-17  1.00E-17  6.45E-18  3.98E-18  2.44E-18  1.45E-18
  8.98E-19  5.21E-19  2.90E-19  1.63E-19  8.53E-20  3.46E-20  9.82E-21 -2.66E-21
   212.01400084753001     
  0.00E+00 -1.44E-06  2.15E-07 -1.80E-08 -1.03E-08 -5.97E-09 -2.05E-09 -3.03E-09
 -9.55E-10  1.27E-10  1.05E-10  2.18E-10  1.79E-10  1.29E-10  1.03E-10  6.87E-11
  4.98E-11  3.31E-11  2.07E-11  1.28E-11  9.04E-12  6.03E-12  3.65E-12  2.32E-12
  1.49E-12  9.74E-13  6.06E-13  3.69E-13  2.34E-13  1.47E-13  9.26E-14  5.87E-14
  3.65E-14  2.37E-14  1.53E-14  9.47E-15  6.16E-15  4.05E-15  2.62E-15  1.68E-15
  1.14E-15  7.59E-16  4.89E-16  3.28E-16  2.10E-16  1.40E-16  8.94E-17  5.93E-17
  3.88E-17  2.55E-17  1.62E-17  1.01E-17  6.42E-18  3.94E-18  2.46E-18  1.45E-18
  9.05E-19  5.19E-19  2.88E-19  1.57E-19  8.65E-20  3.64E-20  1.06E-20 -2.89E-21
   214.01583981203240     
  0.00E+00 -9.08E-07  5.53E-08 -3.28E-08 -4.73E-09 -6.44E-09 -3.98E-09 -2.64E-09
 -1.03E-09  2.47E-11  2.11E-10  1.65E-10  1.72E-10  1.33E-10  9.98E-11  6.47E-11
  5.34E-11  3.42E-11  2.00E-11  1.26E-11  8.99E-12  5.97E-12  3.61E-12  2.30E-12
  1.48E-12  9.82E-13  6.03E-13  3.72E-13  2.35E-13  1.48E-13  9.23E-14  5.78E-14
  3.65E-14  2.39E-14  1.52E-14  9.51E-15  6.17E-15  4.07E-15  2.62E-15  1.69E-15
  1.14E-15  7.52E-16  4.89E-16  3.25E-16  2.09E-16  1.40E-16  8.92E-17  5.94E-17
  3.91E-17  2.54E-17  1.63E-17  9.98E-18  6.42E-18  3.97E-18  2.44E-18  1.44E-18
  9.07E-19  5.26E-19  2.90E-19  1.65E-19  8.21E-20  3.75E-20  9.85E-21 -2.29E-21
   216.01782115056560     
  0.00E+00  1.31E-06  7.52E-08  6.75E-09  1.64E-08 -2.80E-09 -2.23E-09 -2.17E-09
 -1.17E-09  2.64E-11  1.55E-10  1.07E-10  1.68E-10  1.34E-10  9.93E-11  6.65E-11
  4.98E-11  3.50E-11  2.10E-11  1.24E-11  8.91E-12  5.95E-12  3.55E-12  2.34E-12
  1.49E-12  9.82E-13  5.99E-13  3.70E-13  2.37E-13  1.48E-13  9.18E-14  5.88E-14
  3.64E-14  2.38E-14  1.53E-14  9.41E-15  6.20E-15  4.06E-15  2.63E-15  1.68E-15
  1.14E-15  7.51E-16  4.88E-16  3.26E-16  2.09E-16  1.41E-16  8.94E-17  5.96E-17
  3.88E-17  2.55E-17  1.61E-17  1.01E-17  6.48E-18  3.94E-18  2.46E-18  1.46E-18
  8.84E-19  5.14E-19  2.93E-19  1.59E-19  8.30E-20  3.58E-20  1.09E-20 -2.24E-21
   218.01982925045988     
  0.00E+00 -2.33E-06 -1.36E-07  5.53E-08 -1.24E-08 -6.22E-09 -1.16E-09 -2.40E-09
 -1.12E-09 -2.52E-11  9.75E-11  1.28E-10  1.59E-10  1.35E-10  9.86E-11  6.69E-11
  5.21E-11  3.16E-11  2.00E-11  1.24E-11  8.71E-12  6.03E-12  3.62E-12  2.26E-12
  1.49E-12  9.87E-13  6.05E-13  3.68E-13  2.38E-13  1.46E-13  9.15E-14  5.85E-14
  3.66E-14  2.38E-14  1.54E-14  9.44E-15  6.17E-15  4.06E-15  2.62E-15  1.68E-15
  1.14E-15  7.52E-16  4.86E-16  3.26E-16  2.10E-16  1.41E-16  8.95E-17  5.95E-17
  3.90E-17  2.53E-17  1.60E-17  1.00E-17  6.48E-18  3.96E-18  2.43E-18  1.48E-18
  9.01E-19  5.14E-19  2.95E-19  1.61E-19  8.48E-20  3.83E-20  1.07E-20 -2.03E-21
