   2.0212276278728090     
  0.00E+00 -1.09E-18 -6.16E-18 -1.28E-17 -3.34E-17 -6.26E-17 -8.70E-17 -1.20E-16
 -1.57E-16 -2.33E-16 -2.59E-16 -2.96E-16 -3.64E-16 -4.20E-16 -4.57E-16 -4.51E-16
 -5.34E-16 -5.44E-16 -5.68E-16 -5.53E-16 -5.99E-16 -6.52E-16 -6.43E-16 -6.72E-16
 -6.81E-16 -7.13E-16 -7.02E-16 -6.80E-16 -6.86E-16 -6.75E-16 -6.66E-16 -6.69E-16
 -6.43E-16 -6.45E-16 -6.24E-16 -5.76E-16 -5.50E-16 -5.05E-16 -4.68E-16 -4.20E-16
 -3.96E-16 -3.62E-16 -3.18E-16 -2.89E-16 -2.46E-16 -2.18E-16 -1.78E-16 -1.51E-16
 -1.28E-16 -1.06E-16 -8.83E-17 -7.10E-17 -5.93E-17 -4.78E-17 -3.78E-17 -2.99E-17
 -2.34E-17 -1.86E-17 -1.40E-17 -1.08E-17 -8.47E-18 -6.41E-18 -4.94E-18 -3.64E-18
   4.0155938952611692     
  0.00E+00 -3.19E-08 -6.98E-08 -3.68E-08 -2.60E-08 -1.09E-07 -1.49E-07 -1.20E-07
 -1.30E-07 -1.70E-07 -1.38E-07 -1.25E-07 -1.18E-07 -1.05E-07 -9.49E-08 -7.55E-08
 -7.78E-08 -6.62E-08 -5.55E-08 -4.45E-08 -3.73E-08 -2.91E-08 -2.25E-08 -1.83E-08
 -1.41E-08 -1.12E-08 -8.00E-09 -6.05E-09 -4.86E-09 -3.74E-09 -2.78E-09 -2.11E-09
 -1.62E-09 -1.31E-09 -1.04E-09 -7.26E-10 -4.92E-10 -3.19E-10 -2.56E-10 -2.13E-10
 -1.68E-10 -1.18E-10 -8.85E-11 -8.18E-11 -7.90E-11 -7.19E-11 -5.71E-11 -4.89E-11
 -4.11E-11 -3.77E-11 -3.17E-11 -2.43E-11 -1.89E-11 -1.50E-11 -1.29E-11 -1.07E-11
 -8.91E-12 -7.82E-12 -6.29E-12 -5.52E-12 -4.75E-12 -4.09E-12 -3.44E-12 -2.74E-12
   6.0175482632651471     
  0.00E+00 -7.36E-07  6.27E-07 -6.81E-07 -4.40E-08 -5.20E-07 -7.26E-08 -2.40E-07
 -1.27E-07 -3.88E-08 -2.11E-08  2.85E-08  4.95E-08  1.19E-08  2.87E-08  4.05E-08
  2.19E-08  2.23E-09  4.90E-09  6.80E-09  4.22E-09  3.22E-09  1.69E-09  7.15E-10
  1.15E-09  9.06E-10  4.70E-10  3.40E-10  2.52E-10  1.54E-10  9.11E-11  6.52E-11
  4.19E-11  4.28E-11  4.68E-11  2.06E-11  1.32E-11  1.21E-11  1.03E-11  5.10E-12
  4.90E-12  3.72E-12  2.54E-12  2.10E-12  1.82E-12  1.17E-12  3.72E-13  3.15E-13
  2.53E-13  2.89E-13  2.01E-13  3.53E-14  6.08E-14  5.36E-14  5.45E-14  4.58E-14
  3.43E-14  2.37E-14  3.13E-14  1.99E-14  1.72E-14  1.42E-14  1.16E-14  1.04E-14
   8.0121013006781361     
  0.00E+00 -5.13E-07  5.12E-07  2.41E-08 -1.12E-07 -2.73E-08 -1.36E-07 -8.56E-08
  2.09E-08  2.52E-09  2.06E-08  1.94E-08  2.67E-08  2.27E-08  1.97E-08  1.46E-08
  1.38E-08  8.92E-09  6.20E-09  4.41E-09  3.48E-09  2.56E-09  1.81E-09  1.20E-09
  8.94E-10  6.22E-10  4.33E-10  2.78E-10  2.04E-10  1.29E-10  8.94E-11  5.86E-11
  4.00E-11  2.82E-11  1.92E-11  1.26E-11  8.68E-12  6.40E-12  3.93E-12  2.73E-12
  1.81E-12  1.40E-12  8.48E-13  7.09E-13  3.93E-13  3.63E-13  2.01E-13  1.83E-13
  1.34E-13  1.02E-13  7.98E-14  5.08E-14  4.60E-14  2.86E-14  2.30E-14  1.65E-14
  1.14E-14  7.74E-15  4.17E-15  3.31E-15  2.03E-15  2.15E-15  1.25E-15  1.44E-15
   10.012243397747243     
  0.00E+00 -1.67E-06  3.60E-07  2.94E-07  1.06E-07 -2.18E-07 -6.50E-08 -1.68E-07
 -4.96E-08 -1.41E-08  1.13E-08  2.42E-08  2.62E-08  2.41E-08  2.00E-08  1.63E-08
  1.28E-08  9.72E-09  6.89E-09  4.44E-09  3.62E-09  2.72E-09  1.80E-09  1.20E-09
  8.65E-10  6.19E-10  4.03E-10  2.70E-10  1.87E-10  1.25E-10  8.19E-11  5.70E-11
  3.70E-11  2.57E-11  1.74E-11  1.15E-11  7.80E-12  5.41E-12  3.79E-12  2.54E-12
  1.79E-12  1.25E-12  8.33E-13  5.83E-13  3.85E-13  2.73E-13  1.86E-13  1.26E-13
  8.60E-14  5.90E-14  4.02E-14  2.53E-14  1.69E-14  1.18E-14  7.91E-15  5.18E-15
  2.99E-15  2.16E-15  1.43E-15  1.03E-15  7.23E-16  6.97E-16  4.18E-16  3.13E-16
   12.011236499487735     
  0.00E+00 -3.68E-06 -1.18E-07  6.37E-07 -2.43E-07 -2.27E-08 -6.21E-08 -8.92E-08
 -5.76E-08 -5.83E-09  2.19E-08  2.36E-08  2.50E-08  2.27E-08  1.96E-08  1.44E-08
  1.31E-08  9.25E-09  6.70E-09  4.62E-09  3.51E-09  2.62E-09  1.81E-09  1.23E-09
  8.51E-10  6.14E-10  4.13E-10  2.71E-10  1.87E-10  1.23E-10  8.11E-11  5.64E-11
  3.74E-11  2.58E-11  1.78E-11  1.15E-11  8.00E-12  5.60E-12  3.80E-12  2.57E-12
  1.81E-12  1.27E-12  8.53E-13  5.98E-13  4.00E-13  2.80E-13  1.87E-13  1.30E-13
  8.95E-14  5.93E-14  3.93E-14  2.53E-14  1.65E-14  1.05E-14  6.57E-15  4.06E-15
  2.56E-15  1.56E-15  8.11E-16  3.92E-16  1.79E-16  3.04E-17 -6.14E-17 -8.73E-17
   14.018227014620168     
  0.00E+00 -1.46E-06  3.52E-07  7.64E-07 -1.72E-08 -3.15E-07 -1.42E-07 -1.37E-07
 -4.25E-08 -4.69E-09  2.01E-08  2.25E-08  2.54E-08  2.09E-08  1.94E-08  1.50E-08
  1.30E-08  9.19E-09  6.61E-09  4.62E-09  3.55E-09  2.61E-09  1.76E-09  1.24E-09
  8.72E-10  6.12E-10  4.06E-10  2.73E-10  1.84E-10  1.24E-10  8.21E-11  5.68E-11
  3.74E-11  2.60E-11  1.78E-11  1.16E-11  8.06E-12  5.58E-12  3.77E-12  2.59E-12
  1.83E-12  1.27E-12  8.73E-13  6.08E-13  4.08E-13  2.90E-13  1.93E-13  1.35E-13
  9.32E-14  6.32E-14  4.24E-14  2.76E-14  1.91E-14  1.24E-14  8.11E-15  5.32E-15
  3.45E-15  2.19E-15  1.35E-15  8.59E-16  5.20E-16  2.94E-16  1.45E-16  5.41E-17
   16.012449174488459     
  0.00E+00  8.04E-07  6.89E-07  2.60E-07  5.72E-08 -7.40E-08 -1.08E-07 -1.20E-07
 -3.04E-08  9.64E-09  1.74E-08  2.29E-08  2.45E-08  2.34E-08  1.93E-08  1.51E-08
  1.29E-08  9.39E-09  6.48E-09  4.57E-09  3.54E-09  2.62E-09  1.74E-09  1.22E-09
  8.55E-10  6.18E-10  4.11E-10  2.69E-10  1.85E-10  1.24E-10  8.34E-11  5.60E-11
  3.76E-11  2.59E-11  1.78E-11  1.14E-11  8.04E-12  5.53E-12  3.78E-12  2.56E-12
  1.82E-12  1.27E-12  8.68E-13  6.08E-13  4.09E-13  2.87E-13  1.91E-13  1.32E-13
  9.21E-14  6.18E-14  4.16E-14  2.74E-14  1.85E-14  1.21E-14  7.79E-15  5.02E-15
  3.32E-15  2.11E-15  1.32E-15  8.52E-16  5.44E-16  3.21E-16  1.96E-16  9.66E-17
   18.017355660989999     
  0.00E+00 -2.38E-06  4.71E-07 -3.26E-08 -2.57E-07 -1.34E-07 -8.67E-08 -1.30E-07
 -4.00E-08 -9.93E-09  1.60E-08  2.04E-08  2.53E-08  2.41E-08  1.93E-08  1.56E-08
  1.31E-08  9.37E-09  6.63E-09  4.57E-09  3.52E-09  2.68E-09  1.76E-09  1.22E-09
  8.70E-10  6.22E-10  4.05E-10  2.69E-10  1.83E-10  1.25E-10  8.33E-11  5.68E-11
  3.75E-11  2.60E-11  1.78E-11  1.16E-11  8.00E-12  5.58E-12  3.80E-12  2.56E-12
  1.82E-12  1.27E-12  8.62E-13  6.03E-13  4.07E-13  2.86E-13  1.90E-13  1.31E-13
  8.93E-14  6.12E-14  4.05E-14  2.63E-14  1.76E-14  1.12E-14  7.18E-15  4.45E-15
  2.85E-15  1.74E-15  9.93E-16  5.86E-16  3.24E-16  1.55E-16  5.30E-17 -2.81E-19
   20.019283150327841     
  0.00E+00  1.10E-06  1.11E-06  3.19E-08 -6.03E-08 -1.85E-07 -5.74E-08 -1.11E-07
 -4.22E-08  8.62E-11  2.16E-08  1.84E-08  2.32E-08  2.23E-08  1.93E-08  1.42E-08
  1.31E-08  8.94E-09  6.69E-09  4.55E-09  3.64E-09  2.66E-09  1.78E-09  1.23E-09
  8.59E-10  6.18E-10  4.10E-10  2.68E-10  1.87E-10  1.24E-10  8.31E-11  5.61E-11
  3.73E-11  2.59E-11  1.76E-11  1.16E-11  8.02E-12  5.54E-12  3.77E-12  2.57E-12
  1.82E-12  1.27E-12  8.60E-13  6.03E-13  4.07E-13  2.86E-13  1.89E-13  1.31E-13
  8.99E-14  6.08E-14  4.01E-14  2.61E-14  1.76E-14  1.11E-14  7.12E-15  4.43E-15
  2.81E-15  1.68E-15  9.70E-16  5.55E-16  3.17E-16  1.30E-16  4.00E-17 -6.81E-18
   22.019080939313582     
  0.00E+00  1.15E-07  2.08E-06  1.94E-07 -7.76E-09 -2.54E-07 -6.88E-08 -1.22E-07
 -4.28E-08 -3.09E-09  1.85E-08  1.91E-08  2.52E-08  2.12E-08  1.94E-08  1.47E-08
  1.33E-08  9.59E-09  6.67E-09  4.60E-09  3.58E-09  2.66E-09  1.77E-09  1.24E-09
  8.54E-10  6.13E-10  4.07E-10  2.69E-10  1.83E-10  1.24E-10  8.26E-11  5.59E-11
  3.74E-11  2.58E-11  1.76E-11  1.16E-11  8.04E-12  5.56E-12  3.78E-12  2.56E-12
  1.82E-12  1.27E-12  8.59E-13  6.06E-13  4.09E-13  2.84E-13  1.89E-13  1.31E-13
  8.96E-14  6.06E-14  4.04E-14  2.62E-14  1.75E-14  1.11E-14  7.17E-15  4.45E-15
  2.83E-15  1.69E-15  9.85E-16  5.72E-16  3.12E-16  1.48E-16  4.35E-17 -6.50E-18
   24.013148899670345     
  0.00E+00 -8.03E-07  1.68E-06  6.04E-08 -1.61E-07 -3.24E-07 -6.98E-08 -1.27E-07
 -4.24E-08 -4.50E-09  1.24E-08  2.16E-08  2.42E-08  2.16E-08  1.94E-08  1.54E-08
  1.33E-08  8.93E-09  6.60E-09  4.57E-09  3.58E-09  2.59E-09  1.76E-09  1.23E-09
  8.52E-10  6.20E-10  4.07E-10  2.69E-10  1.88E-10  1.23E-10  8.24E-11  5.62E-11
  3.77E-11  2.60E-11  1.78E-11  1.17E-11  8.08E-12  5.55E-12  3.76E-12  2.55E-12
  1.82E-12  1.26E-12  8.58E-13  6.04E-13  4.06E-13  2.86E-13  1.89E-13  1.31E-13
  8.96E-14  6.09E-14  4.04E-14  2.62E-14  1.75E-14  1.11E-14  7.17E-15  4.41E-15
  2.82E-15  1.68E-15  9.99E-16  5.63E-16  3.13E-16  1.37E-16  3.72E-17 -9.39E-18
   26.011647996395887     
  0.00E+00  1.91E-06  9.96E-07 -2.85E-07  2.68E-08 -1.87E-07 -5.10E-08 -1.31E-07
 -4.67E-08  5.61E-09  2.18E-08  2.49E-08  2.53E-08  2.06E-08  1.93E-08  1.49E-08
  1.28E-08  9.46E-09  6.57E-09  4.50E-09  3.57E-09  2.66E-09  1.77E-09  1.24E-09
  8.58E-10  6.15E-10  4.12E-10  2.71E-10  1.86E-10  1.25E-10  8.27E-11  5.56E-11
  3.71E-11  2.60E-11  1.75E-11  1.17E-11  7.97E-12  5.54E-12  3.79E-12  2.55E-12
  1.82E-12  1.27E-12  8.60E-13  6.01E-13  4.06E-13  2.85E-13  1.89E-13  1.31E-13
  8.95E-14  6.10E-14  4.04E-14  2.61E-14  1.74E-14  1.11E-14  7.14E-15  4.40E-15
  2.84E-15  1.70E-15  9.78E-16  5.59E-16  2.98E-16  1.45E-16  4.42E-17 -1.25E-17
   28.020977254108981     
  0.00E+00 -2.00E-06  1.19E-06 -3.38E-07 -1.81E-07 -1.26E-07 -5.29E-08 -1.15E-07
 -5.61E-08  2.78E-09  8.79E-09  2.44E-08  2.77E-08  2.15E-08  1.90E-08  1.51E-08
  1.32E-08  9.42E-09  6.61E-09  4.59E-09  3.58E-09  2.62E-09  1.78E-09  1.20E-09
  8.47E-10  6.18E-10  4.00E-10  2.71E-10  1.86E-10  1.24E-10  8.34E-11  5.57E-11
  3.74E-11  2.59E-11  1.77E-11  1.15E-11  7.94E-12  5.53E-12  3.75E-12  2.55E-12
  1.81E-12  1.27E-12  8.58E-13  6.02E-13  4.09E-13  2.85E-13  1.89E-13  1.31E-13
  8.97E-14  6.11E-14  4.03E-14  2.62E-14  1.74E-14  1.11E-14  7.14E-15  4.45E-15
  2.83E-15  1.70E-15  9.74E-16  5.67E-16  3.05E-16  1.35E-16  4.16E-17 -6.13E-18
   30.012144725052792     
  0.00E+00 -1.28E-07  7.39E-07  1.09E-07  3.89E-08 -2.18E-07 -1.09E-07 -1.27E-07
 -5.80E-08  5.95E-09  1.59E-08  2.13E-08  2.39E-08  2.21E-08  1.92E-08  1.48E-08
  1.31E-08  9.71E-09  6.50E-09  4.53E-09  3.68E-09  2.59E-09  1.76E-09  1.22E-09
  8.47E-10  6.26E-10  4.12E-10  2.71E-10  1.84E-10  1.24E-10  8.30E-11  5.60E-11
  3.74E-11  2.59E-11  1.77E-11  1.16E-11  8.02E-12  5.56E-12  3.78E-12  2.56E-12
  1.82E-12  1.27E-12  8.60E-13  6.03E-13  4.07E-13  2.84E-13  1.88E-13  1.31E-13
  9.01E-14  6.12E-14  4.02E-14  2.61E-14  1.74E-14  1.11E-14  7.11E-15  4.46E-15
  2.82E-15  1.72E-15  9.68E-16  5.62E-16  2.98E-16  1.42E-16  3.88E-17 -3.96E-18
   32.015487561634636     
  0.00E+00  3.79E-07  5.53E-08  6.61E-07 -4.92E-09 -1.13E-07 -8.94E-08 -1.14E-07
 -4.57E-08  2.22E-09  2.18E-08  2.04E-08  2.10E-08  2.26E-08  1.94E-08  1.46E-08
  1.28E-08  9.39E-09  6.85E-09  4.50E-09  3.62E-09  2.68E-09  1.74E-09  1.21E-09
  8.56E-10  6.16E-10  4.11E-10  2.69E-10  1.84E-10  1.24E-10  8.32E-11  5.60E-11
  3.74E-11  2.61E-11  1.77E-11  1.15E-11  7.95E-12  5.56E-12  3.73E-12  2.57E-12
  1.81E-12  1.27E-12  8.55E-13  6.02E-13  4.06E-13  2.85E-13  1.89E-13  1.31E-13
  8.94E-14  6.12E-14  4.03E-14  2.61E-14  1.74E-14  1.12E-14  7.10E-15  4.43E-15
  2.82E-15  1.67E-15  9.76E-16  5.54E-16  3.00E-16  1.37E-16  3.84E-17 -1.09E-17
   34.015657541174647     
  0.00E+00 -3.13E-06 -4.84E-08  7.74E-07 -2.19E-07 -9.97E-09 -4.92E-08 -1.36E-07
 -3.04E-08  3.31E-09  9.87E-09  2.02E-08  2.48E-08  2.23E-08  1.92E-08  1.52E-08
  1.34E-08  9.35E-09  6.46E-09  4.56E-09  3.58E-09  2.64E-09  1.77E-09  1.22E-09
  8.40E-10  6.15E-10  4.07E-10  2.72E-10  1.85E-10  1.24E-10  8.30E-11  5.63E-11
  3.73E-11  2.60E-11  1.77E-11  1.16E-11  7.98E-12  5.57E-12  3.75E-12  2.56E-12
  1.83E-12  1.26E-12  8.64E-13  6.03E-13  4.06E-13  2.86E-13  1.90E-13  1.31E-13
  8.91E-14  6.10E-14  4.02E-14  2.62E-14  1.74E-14  1.11E-14  7.08E-15  4.37E-15
  2.80E-15  1.68E-15  9.87E-16  5.66E-16  3.01E-16  1.38E-16  3.95E-17 -9.52E-18
   36.016540193639258     
  0.00E+00  5.69E-07  8.95E-07  4.54E-07  8.58E-08  1.47E-07 -8.88E-08 -1.04E-07
 -3.48E-08  1.37E-08  1.85E-08  1.94E-08  2.37E-08  2.08E-08  1.95E-08  1.51E-08
  1.27E-08  9.74E-09  6.65E-09  4.52E-09  3.61E-09  2.73E-09  1.80E-09  1.22E-09
  8.59E-10  6.32E-10  4.09E-10  2.70E-10  1.83E-10  1.25E-10  8.20E-11  5.64E-11
  3.73E-11  2.59E-11  1.76E-11  1.16E-11  8.03E-12  5.56E-12  3.76E-12  2.55E-12
  1.81E-12  1.27E-12  8.57E-13  5.99E-13  4.06E-13  2.85E-13  1.89E-13  1.31E-13
  8.96E-14  6.12E-14  4.03E-14  2.60E-14  1.74E-14  1.12E-14  7.15E-15  4.37E-15
  2.81E-15  1.67E-15  9.89E-16  5.63E-16  3.04E-16  1.43E-16  3.78E-17 -1.02E-17
   38.015110552460683     
  0.00E+00 -1.18E-07  9.96E-07  1.79E-07 -2.14E-07 -2.96E-07 -1.22E-08 -1.49E-07
 -4.24E-08  3.89E-09  1.52E-08  2.04E-08  2.27E-08  2.23E-08  1.95E-08  1.50E-08
  1.31E-08  9.12E-09  6.68E-09  4.60E-09  3.56E-09  2.67E-09  1.76E-09  1.23E-09
  8.55E-10  6.28E-10  4.05E-10  2.72E-10  1.84E-10  1.24E-10  8.27E-11  5.61E-11
  3.74E-11  2.59E-11  1.77E-11  1.15E-11  7.94E-12  5.52E-12  3.79E-12  2.55E-12
  1.81E-12  1.27E-12  8.61E-13  6.04E-13  4.06E-13  2.85E-13  1.90E-13  1.31E-13
  8.98E-14  6.11E-14  4.03E-14  2.61E-14  1.75E-14  1.12E-14  7.15E-15  4.42E-15
  2.83E-15  1.66E-15  9.85E-16  5.62E-16  2.94E-16  1.35E-16  4.03E-17 -9.26E-18
   40.012819898455028     
  0.00E+00 -1.72E-06  1.19E-06  2.60E-07 -1.05E-07 -1.59E-07 -7.56E-09 -1.17E-07
 -3.88E-08  3.92E-09  1.24E-08  2.34E-08  2.55E-08  2.28E-08  1.86E-08  1.48E-08
  1.35E-08  9.48E-09  6.52E-09  4.67E-09  3.54E-09  2.67E-09  1.73E-09  1.22E-09
  8.53E-10  6.18E-10  4.11E-10  2.70E-10  1.86E-10  1.23E-10  8.30E-11  5.60E-11
  3.75E-11  2.60E-11  1.77E-11  1.16E-11  8.00E-12  5.55E-12  3.76E-12  2.56E-12
  1.82E-12  1.27E-12  8.62E-13  6.02E-13  4.07E-13  2.85E-13  1.89E-13  1.32E-13
  8.97E-14  6.10E-14  4.04E-14  2.62E-14  1.74E-14  1.11E-14  7.15E-15  4.44E-15
  2.80E-15  1.69E-15  9.76E-16  5.58E-16  2.97E-16  1.40E-16  4.40E-17 -7.36E-18
   42.014869684977860     
  0.00E+00  1.81E-06  1.63E-06  4.24E-07  9.51E-08 -1.68E-07 -1.71E-07 -1.12E-07
 -4.69E-08 -6.85E-09  1.88E-08  2.46E-08  2.50E-08  2.22E-08  1.87E-08  1.46E-08
  1.38E-08  9.32E-09  6.60E-09  4.55E-09  3.65E-09  2.61E-09  1.74E-09  1.23E-09
  8.55E-10  6.23E-10  4.03E-10  2.71E-10  1.87E-10  1.26E-10  8.33E-11  5.58E-11
  3.74E-11  2.59E-11  1.77E-11  1.15E-11  7.99E-12  5.55E-12  3.77E-12  2.57E-12
  1.82E-12  1.27E-12  8.61E-13  6.06E-13  4.08E-13  2.84E-13  1.89E-13  1.31E-13
  8.92E-14  6.09E-14  4.05E-14  2.61E-14  1.73E-14  1.11E-14  7.14E-15  4.44E-15
  2.83E-15  1.68E-15  9.83E-16  5.59E-16  2.97E-16  1.41E-16  3.58E-17 -1.28E-17
   44.014606268313464     
  0.00E+00 -8.66E-07  2.01E-06  2.49E-07 -1.26E-07 -1.38E-07 -1.50E-07 -1.10E-07
 -5.71E-08  1.63E-09  2.56E-08  2.16E-08  2.47E-08  2.15E-08  1.94E-08  1.55E-08
  1.39E-08  9.44E-09  6.73E-09  4.55E-09  3.50E-09  2.63E-09  1.76E-09  1.23E-09
  8.61E-10  6.19E-10  4.12E-10  2.67E-10  1.88E-10  1.23E-10  8.39E-11  5.59E-11
  3.69E-11  2.59E-11  1.76E-11  1.16E-11  7.97E-12  5.54E-12  3.76E-12  2.55E-12
  1.83E-12  1.26E-12  8.62E-13  6.05E-13  4.08E-13  2.84E-13  1.89E-13  1.31E-13
  8.97E-14  6.10E-14  4.02E-14  2.60E-14  1.73E-14  1.12E-14  7.09E-15  4.47E-15
  2.84E-15  1.68E-15  9.86E-16  5.64E-16  2.95E-16  1.35E-16  3.69E-17 -9.27E-18
   46.014997171668547     
  0.00E+00 -1.04E-06  1.27E-06 -1.47E-07 -1.14E-07 -2.93E-07 -7.43E-08 -1.61E-07
 -5.75E-08 -3.60E-09  1.92E-08  1.98E-08  2.65E-08  2.22E-08  1.96E-08  1.51E-08
  1.32E-08  9.28E-09  6.56E-09  4.53E-09  3.57E-09  2.69E-09  1.78E-09  1.22E-09
  8.54E-10  6.21E-10  4.04E-10  2.70E-10  1.86E-10  1.24E-10  8.28E-11  5.64E-11
  3.76E-11  2.59E-11  1.76E-11  1.16E-11  8.05E-12  5.55E-12  3.75E-12  2.57E-12
  1.81E-12  1.27E-12  8.63E-13  6.01E-13  4.08E-13  2.85E-13  1.89E-13  1.31E-13
  8.95E-14  6.08E-14  4.05E-14  2.62E-14  1.74E-14  1.11E-14  7.17E-15  4.47E-15
  2.83E-15  1.68E-15  9.76E-16  5.53E-16  2.96E-16  1.44E-16  4.44E-17 -6.41E-18
   48.023061465411686     
  0.00E+00  1.13E-06  4.26E-07 -2.29E-07 -2.73E-08 -2.37E-07 -1.04E-07 -9.27E-08
 -4.73E-08 -4.29E-09  1.41E-08  2.29E-08  2.52E-08  2.07E-08  1.92E-08  1.41E-08
  1.37E-08  9.69E-09  6.56E-09  4.42E-09  3.53E-09  2.63E-09  1.77E-09  1.22E-09
  8.58E-10  6.23E-10  4.11E-10  2.70E-10  1.85E-10  1.25E-10  8.28E-11  5.65E-11
  3.73E-11  2.60E-11  1.77E-11  1.15E-11  8.01E-12  5.58E-12  3.77E-12  2.56E-12
  1.81E-12  1.27E-12  8.63E-13  6.02E-13  4.06E-13  2.84E-13  1.89E-13  1.31E-13
  8.97E-14  6.09E-14  4.05E-14  2.59E-14  1.73E-14  1.11E-14  7.08E-15  4.43E-15
  2.83E-15  1.68E-15  9.73E-16  5.72E-16  2.96E-16  1.41E-16  4.01E-17 -8.60E-18
   50.022952978596898     
  0.00E+00 -2.48E-06  6.87E-07  1.86E-07 -9.78E-08 -8.60E-08 -9.55E-08 -1.43E-07
 -3.92E-08 -6.63E-09  1.27E-08  2.53E-08  2.24E-08  2.05E-08  1.90E-08  1.57E-08
  1.36E-08  9.37E-09  6.75E-09  4.50E-09  3.58E-09  2.62E-09  1.75E-09  1.22E-09
  8.40E-10  6.15E-10  4.08E-10  2.72E-10  1.83E-10  1.24E-10  8.20E-11  5.58E-11
  3.72E-11  2.59E-11  1.77E-11  1.16E-11  7.94E-12  5.56E-12  3.78E-12  2.55E-12
  1.81E-12  1.27E-12  8.59E-13  6.03E-13  4.06E-13  2.85E-13  1.89E-13  1.31E-13
  8.99E-14  6.07E-14  4.03E-14  2.61E-14  1.74E-14  1.11E-14  7.17E-15  4.42E-15
  2.81E-15  1.70E-15  9.88E-16  5.51E-16  3.01E-16  1.34E-16  3.81E-17 -1.27E-17
   52.013477321470987     
  0.00E+00 -9.27E-07  2.65E-07  7.42E-07 -1.46E-08 -1.45E-07 -4.83E-08 -9.27E-08
 -4.02E-08 -5.87E-09  1.98E-08  2.21E-08  2.63E-08  2.15E-08  2.01E-08  1.55E-08
  1.31E-08  9.65E-09  6.53E-09  4.54E-09  3.55E-09  2.62E-09  1.76E-09  1.23E-09
  8.43E-10  6.16E-10  4.07E-10  2.73E-10  1.86E-10  1.23E-10  8.29E-11  5.65E-11
  3.73E-11  2.59E-11  1.77E-11  1.16E-11  7.99E-12  5.53E-12  3.76E-12  2.57E-12
  1.82E-12  1.26E-12  8.59E-13  6.01E-13  4.06E-13  2.84E-13  1.89E-13  1.31E-13
  8.91E-14  6.08E-14  4.03E-14  2.63E-14  1.75E-14  1.11E-14  7.16E-15  4.42E-15
  2.83E-15  1.69E-15  9.82E-16  5.62E-16  3.02E-16  1.40E-16  3.95E-17 -1.15E-17
   54.018683766080834     
  0.00E+00  1.76E-07  1.80E-07  8.79E-07 -1.51E-07 -6.36E-08 -2.20E-08 -1.52E-07
 -3.92E-08 -4.19E-09  9.47E-09  1.72E-08  2.50E-08  2.10E-08  2.08E-08  1.42E-08
  1.30E-08  9.03E-09  6.59E-09  4.50E-09  3.43E-09  2.67E-09  1.77E-09  1.21E-09
  8.42E-10  6.12E-10  4.11E-10  2.71E-10  1.84E-10  1.25E-10  8.41E-11  5.60E-11
  3.74E-11  2.59E-11  1.76E-11  1.16E-11  8.00E-12  5.56E-12  3.78E-12  2.55E-12
  1.82E-12  1.26E-12  8.57E-13  6.04E-13  4.07E-13  2.85E-13  1.89E-13  1.31E-13
  8.96E-14  6.12E-14  4.03E-14  2.60E-14  1.73E-14  1.11E-14  7.18E-15  4.41E-15
  2.83E-15  1.68E-15  9.94E-16  5.58E-16  2.97E-16  1.35E-16  3.68E-17 -1.06E-17
   56.013705268456391     
  0.00E+00 -2.83E-06  2.96E-07  6.02E-07 -5.22E-08 -1.68E-07 -4.79E-08 -1.03E-07
 -3.70E-08 -9.47E-09  2.53E-08  1.81E-08  2.40E-08  2.28E-08  1.95E-08  1.48E-08
  1.27E-08  9.41E-09  6.76E-09  4.51E-09  3.68E-09  2.66E-09  1.76E-09  1.24E-09
  8.48E-10  6.04E-10  3.98E-10  2.70E-10  1.87E-10  1.26E-10  8.42E-11  5.61E-11
  3.74E-11  2.57E-11  1.78E-11  1.17E-11  7.98E-12  5.54E-12  3.79E-12  2.56E-12
  1.82E-12  1.27E-12  8.61E-13  6.02E-13  4.07E-13  2.84E-13  1.88E-13  1.31E-13
  8.95E-14  6.12E-14  4.02E-14  2.60E-14  1.75E-14  1.10E-14  7.08E-15  4.39E-15
  2.80E-15  1.69E-15  9.83E-16  5.51E-16  2.92E-16  1.41E-16  4.12E-17 -9.48E-18
   58.023036548069285     
  0.00E+00  6.59E-07  1.53E-06  4.33E-07  7.29E-08 -7.19E-08 -7.59E-08 -1.34E-07
 -5.61E-08 -1.02E-09  1.10E-08  2.18E-08  2.09E-08  2.07E-08  1.92E-08  1.50E-08
  1.29E-08  9.19E-09  6.61E-09  4.54E-09  3.57E-09  2.68E-09  1.78E-09  1.23E-09
  8.75E-10  6.10E-10  4.15E-10  2.69E-10  1.86E-10  1.23E-10  8.45E-11  5.66E-11
  3.74E-11  2.58E-11  1.77E-11  1.16E-11  7.99E-12  5.55E-12  3.80E-12  2.57E-12
  1.82E-12  1.27E-12  8.59E-13  6.05E-13  4.07E-13  2.85E-13  1.89E-13  1.31E-13
  8.99E-14  6.12E-14  4.03E-14  2.61E-14  1.74E-14  1.11E-14  7.11E-15  4.45E-15
  2.81E-15  1.68E-15  9.75E-16  5.68E-16  3.04E-16  1.40E-16  4.00E-17 -1.45E-17
   60.013050583194314     
  0.00E+00  3.89E-08  1.64E-06  5.85E-07 -2.38E-07  1.65E-10 -7.18E-08 -1.18E-07
 -6.59E-08 -8.17E-10  1.87E-08  2.17E-08  2.81E-08  2.04E-08  1.97E-08  1.56E-08
  1.28E-08  9.51E-09  6.66E-09  4.64E-09  3.54E-09  2.63E-09  1.80E-09  1.23E-09
  8.54E-10  6.12E-10  4.06E-10  2.71E-10  1.87E-10  1.24E-10  8.31E-11  5.61E-11
  3.71E-11  2.59E-11  1.76E-11  1.15E-11  8.06E-12  5.57E-12  3.81E-12  2.57E-12
  1.81E-12  1.26E-12  8.58E-13  6.04E-13  4.08E-13  2.85E-13  1.88E-13  1.31E-13
  8.97E-14  6.11E-14  4.03E-14  2.61E-14  1.73E-14  1.11E-14  7.14E-15  4.45E-15
  2.80E-15  1.68E-15  9.87E-16  5.55E-16  2.94E-16  1.39E-16  3.56E-17 -1.02E-17
   62.018363370855887     
  0.00E+00 -1.70E-06  1.30E-06  8.03E-07  7.70E-10 -1.74E-07 -7.14E-08 -1.28E-07
 -5.52E-08 -1.58E-08  1.33E-08  1.99E-08  2.12E-08  2.21E-08  1.97E-08  1.48E-08
  1.29E-08  9.51E-09  6.52E-09  4.56E-09  3.57E-09  2.63E-09  1.78E-09  1.21E-09
  8.58E-10  6.17E-10  4.13E-10  2.70E-10  1.87E-10  1.23E-10  8.17E-11  5.63E-11
  3.76E-11  2.56E-11  1.78E-11  1.16E-11  7.96E-12  5.55E-12  3.81E-12  2.57E-12
  1.82E-12  1.27E-12  8.55E-13  6.02E-13  4.07E-13  2.85E-13  1.89E-13  1.30E-13
  8.95E-14  6.10E-14  4.03E-14  2.61E-14  1.74E-14  1.11E-14  7.12E-15  4.43E-15
  2.82E-15  1.68E-15  9.76E-16  5.68E-16  3.06E-16  1.38E-16  4.36E-17 -9.25E-18
   64.013427305126001     
  0.00E+00  1.76E-06  1.76E-06  6.20E-07 -8.91E-08 -1.95E-07 -1.01E-07 -1.17E-07
 -3.61E-08 -9.52E-09  1.12E-08  1.95E-08  2.49E-08  2.23E-08  2.01E-08  1.39E-08
  1.29E-08  9.30E-09  6.67E-09  4.59E-09  3.61E-09  2.65E-09  1.75E-09  1.22E-09
  8.43E-10  6.17E-10  4.02E-10  2.69E-10  1.85E-10  1.26E-10  8.24E-11  5.61E-11
  3.74E-11  2.56E-11  1.76E-11  1.16E-11  7.96E-12  5.56E-12  3.79E-12  2.55E-12
  1.81E-12  1.27E-12  8.59E-13  6.01E-13  4.08E-13  2.85E-13  1.88E-13  1.31E-13
  8.95E-14  6.11E-14  4.01E-14  2.62E-14  1.74E-14  1.11E-14  7.14E-15  4.44E-15
  2.82E-15  1.68E-15  9.87E-16  5.60E-16  3.02E-16  1.41E-16  4.15E-17 -8.15E-18
   66.019831170378865     
  0.00E+00 -9.80E-07  1.32E-06  2.08E-07 -1.46E-07 -1.29E-07 -1.14E-07 -1.22E-07
 -4.74E-08 -9.38E-09  1.56E-08  2.25E-08  2.35E-08  2.32E-08  1.98E-08  1.55E-08
  1.29E-08  9.29E-09  6.76E-09  4.73E-09  3.53E-09  2.61E-09  1.74E-09  1.22E-09
  8.53E-10  6.06E-10  4.12E-10  2.69E-10  1.87E-10  1.24E-10  8.36E-11  5.58E-11
  3.76E-11  2.59E-11  1.77E-11  1.15E-11  8.02E-12  5.55E-12  3.80E-12  2.55E-12
  1.82E-12  1.27E-12  8.57E-13  6.04E-13  4.08E-13  2.83E-13  1.89E-13  1.31E-13
  8.93E-14  6.10E-14  4.01E-14  2.61E-14  1.74E-14  1.11E-14  7.13E-15  4.45E-15
  2.81E-15  1.70E-15  9.76E-16  5.61E-16  2.97E-16  1.44E-16  3.38E-17 -1.03E-17
   68.014261245293170     
  0.00E+00 -1.42E-06  8.32E-07  3.46E-10  2.22E-08  2.02E-08 -4.86E-08 -1.25E-07
 -6.19E-08 -3.41E-09  2.82E-08  2.64E-08  2.42E-08  2.28E-08  1.88E-08  1.53E-08
  1.34E-08  9.66E-09  6.44E-09  4.66E-09  3.61E-09  2.65E-09  1.73E-09  1.22E-09
  8.42E-10  6.11E-10  4.05E-10  2.72E-10  1.84E-10  1.23E-10  8.35E-11  5.55E-11
  3.76E-11  2.61E-11  1.76E-11  1.15E-11  7.98E-12  5.56E-12  3.78E-12  2.56E-12
  1.82E-12  1.27E-12  8.58E-13  6.03E-13  4.07E-13  2.86E-13  1.89E-13  1.31E-13
  8.96E-14  6.08E-14  4.03E-14  2.61E-14  1.75E-14  1.10E-14  7.13E-15  4.44E-15
  2.82E-15  1.68E-15  9.68E-16  5.52E-16  2.99E-16  1.46E-16  4.22E-17 -9.79E-18
   70.020504801134848     
  0.00E+00  9.81E-07 -1.89E-07  3.18E-07 -2.57E-08 -2.87E-07 -6.43E-08 -1.21E-07
 -6.44E-08 -4.31E-09  1.77E-08  2.24E-08  2.49E-08  2.13E-08  1.98E-08  1.47E-08
  1.33E-08  9.40E-09  6.54E-09  4.53E-09  3.64E-09  2.65E-09  1.74E-09  1.24E-09
  8.52E-10  6.12E-10  4.04E-10  2.76E-10  1.86E-10  1.25E-10  8.29E-11  5.63E-11
  3.71E-11  2.59E-11  1.77E-11  1.16E-11  7.96E-12  5.54E-12  3.80E-12  2.55E-12
  1.83E-12  1.27E-12  8.56E-13  6.03E-13  4.08E-13  2.85E-13  1.89E-13  1.32E-13
  8.98E-14  6.12E-14  4.02E-14  2.63E-14  1.74E-14  1.12E-14  7.11E-15  4.45E-15
  2.80E-15  1.70E-15  9.82E-16  5.52E-16  2.98E-16  1.42E-16  3.93E-17 -9.23E-18
   72.015100426888665     
  0.00E+00 -2.65E-06  4.63E-07  7.77E-07 -1.13E-07 -3.54E-07 -9.01E-08 -1.22E-07
 -6.25E-08 -8.50E-09  1.43E-08  1.19E-08  2.64E-08  2.21E-08  1.99E-08  1.50E-08
  1.36E-08  9.36E-09  6.83E-09  4.52E-09  3.46E-09  2.69E-09  1.77E-09  1.22E-09
  8.58E-10  6.17E-10  4.13E-10  2.70E-10  1.84E-10  1.24E-10  8.25E-11  5.62E-11
  3.77E-11  2.55E-11  1.76E-11  1.15E-11  8.02E-12  5.52E-12  3.76E-12  2.57E-12
  1.80E-12  1.27E-12  8.61E-13  6.01E-13  4.09E-13  2.84E-13  1.89E-13  1.32E-13
  8.93E-14  6.11E-14  4.03E-14  2.60E-14  1.73E-14  1.11E-14  7.17E-15  4.45E-15
  2.83E-15  1.71E-15  9.71E-16  5.64E-16  2.91E-16  1.36E-16  4.39E-17 -1.23E-17
   74.022162950983301     
  0.00E+00 -8.87E-07  5.80E-07  8.74E-07 -1.05E-07 -1.27E-07 -3.55E-08 -1.30E-07
 -5.45E-08  1.15E-08  2.03E-08  1.12E-08  2.31E-08  2.14E-08  1.87E-08  1.47E-08
  1.31E-08  9.73E-09  6.49E-09  4.47E-09  3.61E-09  2.65E-09  1.75E-09  1.25E-09
  8.49E-10  6.29E-10  4.06E-10  2.69E-10  1.85E-10  1.25E-10  8.22E-11  5.69E-11
  3.72E-11  2.56E-11  1.76E-11  1.16E-11  7.99E-12  5.54E-12  3.78E-12  2.56E-12
  1.82E-12  1.27E-12  8.61E-13  6.05E-13  4.08E-13  2.85E-13  1.89E-13  1.32E-13
  8.98E-14  6.13E-14  4.01E-14  2.61E-14  1.74E-14  1.11E-14  7.16E-15  4.46E-15
  2.84E-15  1.66E-15  9.75E-16  5.58E-16  3.03E-16  1.39E-16  3.48E-17 -9.29E-18
   76.019504890194298     
  0.00E+00  4.27E-07  4.23E-07  6.43E-07 -5.62E-08 -1.90E-07 -1.36E-07 -1.20E-07
 -4.76E-08 -7.22E-10  1.82E-08  2.03E-08  2.67E-08  2.37E-08  1.87E-08  1.54E-08
  1.32E-08  9.26E-09  6.73E-09  4.49E-09  3.55E-09  2.70E-09  1.75E-09  1.23E-09
  8.53E-10  6.19E-10  4.14E-10  2.70E-10  1.85E-10  1.24E-10  8.22E-11  5.65E-11
  3.69E-11  2.58E-11  1.76E-11  1.15E-11  7.95E-12  5.58E-12  3.78E-12  2.56E-12
  1.82E-12  1.27E-12  8.60E-13  6.03E-13  4.07E-13  2.85E-13  1.89E-13  1.32E-13
  8.96E-14  6.12E-14  4.04E-14  2.61E-14  1.73E-14  1.10E-14  7.09E-15  4.40E-15
  2.77E-15  1.70E-15  1.00E-15  5.59E-16  2.97E-16  1.39E-16  4.32E-17 -1.11E-17
   78.018288399615344     
  0.00E+00 -2.49E-06  1.24E-06  5.38E-07 -3.33E-08 -1.28E-07 -1.72E-07 -1.23E-07
 -5.45E-08  5.33E-09  1.53E-08  2.74E-08  2.53E-08  2.15E-08  1.93E-08  1.47E-08
  1.31E-08  9.50E-09  6.50E-09  4.54E-09  3.52E-09  2.65E-09  1.78E-09  1.23E-09
  8.49E-10  6.24E-10  4.07E-10  2.68E-10  1.84E-10  1.24E-10  8.26E-11  5.65E-11
  3.73E-11  2.58E-11  1.77E-11  1.16E-11  8.01E-12  5.55E-12  3.80E-12  2.56E-12
  1.82E-12  1.27E-12  8.61E-13  6.02E-13  4.07E-13  2.84E-13  1.89E-13  1.31E-13
  8.94E-14  6.08E-14  4.04E-14  2.60E-14  1.73E-14  1.11E-14  7.07E-15  4.43E-15
  2.84E-15  1.68E-15  9.68E-16  5.69E-16  2.80E-16  1.35E-16  3.98E-17 -1.20E-17
   80.016671384655652     
  0.00E+00  9.44E-07  1.72E-06  8.01E-07 -1.04E-07 -2.47E-07 -1.79E-08 -1.00E-07
 -6.28E-08  4.46E-09  1.54E-08  2.54E-08  2.50E-08  2.12E-08  1.88E-08  1.47E-08
  1.33E-08  9.13E-09  6.73E-09  4.51E-09  3.57E-09  2.58E-09  1.77E-09  1.22E-09
  8.39E-10  6.21E-10  4.01E-10  2.71E-10  1.85E-10  1.24E-10  8.24E-11  5.61E-11
  3.70E-11  2.58E-11  1.77E-11  1.15E-11  8.06E-12  5.56E-12  3.79E-12  2.55E-12
  1.82E-12  1.26E-12  8.55E-13  6.03E-13  4.07E-13  2.85E-13  1.89E-13  1.31E-13
  8.96E-14  6.09E-14  4.02E-14  2.61E-14  1.74E-14  1.11E-14  7.10E-15  4.44E-15
  2.82E-15  1.69E-15  9.63E-16  5.44E-16  2.95E-16  1.40E-16  3.33E-17 -7.80E-18
   82.015637026620013     
  0.00E+00  2.77E-07  2.04E-06  1.09E-06 -1.36E-07  4.43E-08 -1.15E-08 -1.55E-07
 -7.22E-08 -3.89E-09  2.27E-08  2.27E-08  2.35E-08  2.10E-08  1.90E-08  1.55E-08
  1.31E-08  9.71E-09  6.50E-09  4.60E-09  3.54E-09  2.68E-09  1.73E-09  1.20E-09
  8.33E-10  6.10E-10  4.13E-10  2.72E-10  1.83E-10  1.26E-10  8.24E-11  5.65E-11
  3.74E-11  2.59E-11  1.78E-11  1.16E-11  8.03E-12  5.56E-12  3.81E-12  2.57E-12
  1.81E-12  1.27E-12  8.64E-13  6.04E-13  4.08E-13  2.85E-13  1.89E-13  1.31E-13
  8.96E-14  6.09E-14  4.06E-14  2.62E-14  1.75E-14  1.11E-14  7.12E-15  4.41E-15
  2.81E-15  1.68E-15  9.71E-16  5.67E-16  3.04E-16  1.33E-16  4.45E-17 -6.21E-18
   84.016076795226255     
  0.00E+00 -1.72E-06  9.70E-07  9.72E-07  9.51E-08 -9.33E-08 -6.18E-08 -1.28E-07
 -7.71E-08  4.09E-09  6.70E-09  2.35E-08  2.14E-08  2.19E-08  1.92E-08  1.47E-08
  1.32E-08  9.71E-09  6.71E-09  4.62E-09  3.53E-09  2.60E-09  1.75E-09  1.23E-09
  8.39E-10  6.25E-10  4.08E-10  2.73E-10  1.86E-10  1.25E-10  8.26E-11  5.61E-11
  3.75E-11  2.60E-11  1.77E-11  1.16E-11  7.98E-12  5.52E-12  3.77E-12  2.55E-12
  1.82E-12  1.27E-12  8.60E-13  6.01E-13  4.08E-13  2.85E-13  1.89E-13  1.31E-13
  8.95E-14  6.11E-14  4.03E-14  2.60E-14  1.75E-14  1.11E-14  7.15E-15  4.40E-15
  2.84E-15  1.69E-15  9.76E-16  5.59E-16  2.96E-16  1.41E-16  3.92E-17 -1.07E-17
   86.017711897796275     
  0.00E+00  1.56E-06  1.22E-06  5.18E-07 -1.36E-07 -3.07E-08 -4.06E-08 -1.08E-07
 -7.64E-08 -1.25E-09  1.63E-08  2.27E-08  2.44E-08  2.30E-08  1.92E-08  1.48E-08
  1.29E-08  9.51E-09  6.55E-09  4.45E-09  3.50E-09  2.70E-09  1.79E-09  1.22E-09
  8.39E-10  6.21E-10  4.10E-10  2.68E-10  1.83E-10  1.23E-10  8.23E-11  5.63E-11
  3.76E-11  2.60E-11  1.78E-11  1.16E-11  7.99E-12  5.56E-12  3.78E-12  2.56E-12
  1.82E-12  1.27E-12  8.57E-13  6.02E-13  4.07E-13  2.85E-13  1.89E-13  1.31E-13
  8.96E-14  6.09E-14  4.02E-14  2.61E-14  1.76E-14  1.12E-14  7.13E-15  4.41E-15
  2.79E-15  1.70E-15  1.00E-15  5.68E-16  2.99E-16  1.36E-16  3.92E-17 -1.21E-17
   88.020127822144545     
  0.00E+00 -1.27E-06  8.56E-07  2.31E-07 -1.08E-07 -1.94E-07 -3.88E-08 -1.00E-07
 -6.54E-08  5.61E-09  1.89E-08  2.00E-08  2.47E-08  2.44E-08  1.94E-08  1.56E-08
  1.29E-08  9.39E-09  6.74E-09  4.48E-09  3.57E-09  2.65E-09  1.79E-09  1.21E-09
  8.67E-10  6.13E-10  4.04E-10  2.69E-10  1.81E-10  1.25E-10  8.28E-11  5.59E-11
  3.77E-11  2.61E-11  1.76E-11  1.16E-11  8.01E-12  5.54E-12  3.80E-12  2.56E-12
  1.81E-12  1.27E-12  8.59E-13  6.01E-13  4.07E-13  2.84E-13  1.89E-13  1.32E-13
  8.97E-14  6.12E-14  4.02E-14  2.61E-14  1.75E-14  1.11E-14  7.14E-15  4.42E-15
  2.82E-15  1.68E-15  1.00E-15  5.71E-16  2.96E-16  1.36E-16  3.94E-17 -1.02E-17
   90.022864777919963     
  0.00E+00 -1.76E-06  7.09E-08  3.78E-07 -5.58E-08 -2.09E-07 -7.87E-08 -1.60E-07
 -6.23E-08 -4.52E-10  1.32E-08  2.00E-08  2.36E-08  2.27E-08  1.91E-08  1.42E-08
  1.37E-08  9.43E-09  6.53E-09  4.54E-09  3.58E-09  2.63E-09  1.75E-09  1.23E-09
  8.48E-10  6.19E-10  4.06E-10  2.69E-10  1.84E-10  1.25E-10  8.29E-11  5.63E-11
  3.74E-11  2.61E-11  1.77E-11  1.16E-11  7.99E-12  5.58E-12  3.77E-12  2.55E-12
  1.82E-12  1.27E-12  8.60E-13  6.05E-13  4.08E-13  2.85E-13  1.89E-13  1.31E-13
  8.93E-14  6.11E-14  4.00E-14  2.60E-14  1.74E-14  1.12E-14  7.09E-15  4.43E-15
  2.83E-15  1.71E-15  9.80E-16  5.44E-16  3.05E-16  1.37E-16  3.91E-17 -1.06E-17
   92.013643113988351     
  0.00E+00  7.82E-07  3.32E-09  7.00E-07 -9.38E-08 -1.54E-07 -1.22E-07 -1.09E-07
 -7.33E-08 -5.31E-09  2.06E-08  2.15E-08  2.44E-08  2.23E-08  1.95E-08  1.53E-08
  1.29E-08  9.69E-09  6.48E-09  4.53E-09  3.61E-09  2.60E-09  1.73E-09  1.22E-09
  8.61E-10  6.17E-10  4.14E-10  2.67E-10  1.85E-10  1.24E-10  8.25E-11  5.64E-11
  3.79E-11  2.60E-11  1.77E-11  1.16E-11  7.97E-12  5.56E-12  3.75E-12  2.56E-12
  1.82E-12  1.26E-12  8.58E-13  6.05E-13  4.07E-13  2.84E-13  1.89E-13  1.31E-13
  8.92E-14  6.10E-14  4.06E-14  2.62E-14  1.74E-14  1.11E-14  7.05E-15  4.42E-15
  2.80E-15  1.70E-15  9.84E-16  5.56E-16  3.03E-16  1.39E-16  4.46E-17 -8.65E-18
   94.015670415952158     
  0.00E+00 -2.65E-06  4.34E-07  7.11E-07 -6.10E-08 -2.90E-07 -1.13E-07 -1.42E-07
 -7.07E-08  4.80E-09  1.55E-08  2.53E-08  2.66E-08  2.17E-08  2.02E-08  1.54E-08
  1.31E-08  9.35E-09  6.88E-09  4.53E-09  3.51E-09  2.62E-09  1.72E-09  1.23E-09
  8.38E-10  6.24E-10  4.06E-10  2.71E-10  1.87E-10  1.24E-10  8.23E-11  5.66E-11
  3.71E-11  2.59E-11  1.77E-11  1.15E-11  7.98E-12  5.54E-12  3.78E-12  2.56E-12
  1.82E-12  1.27E-12  8.62E-13  6.02E-13  4.08E-13  2.86E-13  1.89E-13  1.31E-13
  9.00E-14  6.09E-14  4.04E-14  2.59E-14  1.75E-14  1.10E-14  7.16E-15  4.44E-15
  2.83E-15  1.70E-15  9.80E-16  5.64E-16  3.06E-16  1.40E-16  3.57E-17 -1.18E-17
   96.018952638944441     
  0.00E+00 -7.27E-07  1.35E-06  4.68E-07 -1.48E-08 -3.79E-07 -9.03E-08 -8.66E-08
 -6.13E-08 -3.75E-11  1.61E-08  2.65E-08  2.26E-08  2.37E-08  2.00E-08  1.40E-08
  1.26E-08  9.63E-09  6.41E-09  4.44E-09  3.57E-09  2.65E-09  1.74E-09  1.20E-09
  8.47E-10  6.21E-10  4.10E-10  2.73E-10  1.85E-10  1.24E-10  8.27E-11  5.58E-11
  3.70E-11  2.61E-11  1.76E-11  1.15E-11  7.98E-12  5.57E-12  3.78E-12  2.55E-12
  1.81E-12  1.27E-12  8.59E-13  6.03E-13  4.08E-13  2.85E-13  1.89E-13  1.31E-13
  8.95E-14  6.09E-14  4.04E-14  2.63E-14  1.75E-14  1.11E-14  7.16E-15  4.44E-15
  2.81E-15  1.69E-15  9.82E-16  5.60E-16  2.93E-16  1.39E-16  4.06E-17 -8.64E-18
   98.022564442034067     
  0.00E+00  7.45E-07  9.05E-07  4.09E-07 -3.41E-08 -2.24E-07 -8.47E-08 -1.53E-07
 -6.72E-08  7.43E-09  1.71E-08  2.37E-08  2.51E-08  2.40E-08  1.96E-08  1.61E-08
  1.29E-08  9.54E-09  6.69E-09  4.45E-09  3.60E-09  2.63E-09  1.76E-09  1.25E-09
  8.53E-10  6.14E-10  4.04E-10  2.71E-10  1.88E-10  1.24E-10  8.33E-11  5.65E-11
  3.68E-11  2.61E-11  1.77E-11  1.16E-11  7.97E-12  5.55E-12  3.77E-12  2.57E-12
  1.83E-12  1.27E-12  8.56E-13  6.03E-13  4.06E-13  2.85E-13  1.89E-13  1.31E-13
  8.97E-14  6.13E-14  4.02E-14  2.60E-14  1.75E-14  1.11E-14  7.15E-15  4.45E-15
  2.79E-15  1.70E-15  9.72E-16  5.74E-16  3.03E-16  1.37E-16  4.35E-17 -1.07E-17
   100.01430704147901     
  0.00E+00 -2.18E-06  1.65E-06  7.72E-07 -1.63E-07 -5.35E-08 -9.57E-08 -1.08E-07
 -8.26E-08 -9.42E-09  1.60E-08  2.03E-08  2.57E-08  2.12E-08  1.98E-08  1.46E-08
  1.28E-08  9.50E-09  6.57E-09  4.50E-09  3.52E-09  2.68E-09  1.76E-09  1.21E-09
  8.45E-10  6.21E-10  4.12E-10  2.70E-10  1.84E-10  1.24E-10  8.30E-11  5.65E-11
  3.72E-11  2.60E-11  1.76E-11  1.17E-11  7.96E-12  5.55E-12  3.76E-12  2.57E-12
  1.82E-12  1.27E-12  8.62E-13  6.04E-13  4.06E-13  2.85E-13  1.89E-13  1.31E-13
  8.93E-14  6.12E-14  4.03E-14  2.61E-14  1.74E-14  1.12E-14  7.09E-15  4.44E-15
  2.81E-15  1.70E-15  9.78E-16  5.63E-16  3.05E-16  1.46E-16  3.42E-17 -9.02E-18
   102.01882216038022     
  0.00E+00  1.10E-06  1.94E-06  1.15E-06 -5.44E-08 -8.74E-08 -5.61E-08 -1.29E-07
 -9.33E-08 -9.84E-10  2.76E-08  1.94E-08  2.07E-08  2.12E-08  1.99E-08  1.46E-08
  1.26E-08  9.64E-09  6.47E-09  4.51E-09  3.64E-09  2.65E-09  1.77E-09  1.23E-09
  8.53E-10  6.12E-10  4.05E-10  2.73E-10  1.87E-10  1.25E-10  8.24E-11  5.62E-11
  3.73E-11  2.60E-11  1.79E-11  1.16E-11  7.99E-12  5.53E-12  3.79E-12  2.56E-12
  1.80E-12  1.26E-12  8.57E-13  6.06E-13  4.08E-13  2.86E-13  1.89E-13  1.32E-13
  8.97E-14  6.10E-14  4.03E-14  2.61E-14  1.73E-14  1.12E-14  7.15E-15  4.43E-15
  2.83E-15  1.68E-15  9.95E-16  5.56E-16  3.01E-16  1.38E-16  4.21E-17 -4.55E-18
   104.01202706594255     
  0.00E+00  3.00E-07  1.50E-06  1.10E-06 -3.41E-08 -3.37E-07 -2.90E-08 -1.14E-07
 -7.78E-08 -8.42E-09  1.49E-08  1.97E-08  2.74E-08  2.14E-08  1.96E-08  1.51E-08
  1.23E-08  9.57E-09  6.84E-09  4.68E-09  3.48E-09  2.72E-09  1.79E-09  1.23E-09
  8.46E-10  6.17E-10  4.08E-10  2.74E-10  1.83E-10  1.24E-10  8.20E-11  5.67E-11
  3.72E-11  2.59E-11  1.74E-11  1.14E-11  7.97E-12  5.58E-12  3.76E-12  2.55E-12
  1.82E-12  1.26E-12  8.58E-13  6.01E-13  4.08E-13  2.84E-13  1.89E-13  1.31E-13
  8.95E-14  6.10E-14  4.04E-14  2.60E-14  1.74E-14  1.11E-14  7.11E-15  4.48E-15
  2.83E-15  1.70E-15  9.82E-16  5.63E-16  2.86E-16  1.52E-16  3.50E-17 -9.64E-19
   106.01701329383803     
  0.00E+00 -1.91E-06  6.85E-07  6.63E-07 -4.75E-08 -8.51E-09 -9.65E-08 -1.28E-07
 -6.94E-08 -2.48E-09  1.83E-08  1.97E-08  2.68E-08  2.17E-08  1.95E-08  1.48E-08
  1.27E-08  9.68E-09  6.53E-09  4.67E-09  3.51E-09  2.70E-09  1.77E-09  1.21E-09
  8.57E-10  6.25E-10  4.11E-10  2.71E-10  1.85E-10  1.24E-10  8.25E-11  5.62E-11
  3.76E-11  2.58E-11  1.77E-11  1.16E-11  7.98E-12  5.53E-12  3.76E-12  2.55E-12
  1.82E-12  1.27E-12  8.58E-13  6.03E-13  4.07E-13  2.86E-13  1.90E-13  1.31E-13
  8.95E-14  6.10E-14  4.02E-14  2.61E-14  1.74E-14  1.11E-14  7.12E-15  4.47E-15
  2.82E-15  1.69E-15  9.87E-16  5.54E-16  3.13E-16  1.48E-16  3.92E-17 -7.82E-18
   108.02250832030910     
  0.00E+00  1.25E-06  3.54E-07  3.11E-07 -1.46E-07 -1.43E-07 -7.53E-08 -1.28E-07
 -7.09E-08 -7.49E-09  1.29E-08  2.26E-08  2.48E-08  2.26E-08  1.94E-08  1.57E-08
  1.31E-08  9.94E-09  6.61E-09  4.59E-09  3.59E-09  2.59E-09  1.78E-09  1.24E-09
  8.57E-10  6.17E-10  4.06E-10  2.69E-10  1.86E-10  1.24E-10  8.30E-11  5.69E-11
  3.74E-11  2.59E-11  1.76E-11  1.15E-11  8.02E-12  5.54E-12  3.77E-12  2.55E-12
  1.82E-12  1.27E-12  8.61E-13  6.03E-13  4.08E-13  2.85E-13  1.89E-13  1.31E-13
  8.93E-14  6.09E-14  4.02E-14  2.61E-14  1.73E-14  1.12E-14  7.11E-15  4.44E-15
  2.81E-15  1.68E-15  9.71E-16  5.68E-16  2.98E-16  1.38E-16  3.97E-17 -8.10E-18
   110.01595820096531     
  0.00E+00 -1.56E-06  6.84E-07  3.38E-07  7.88E-09 -1.03E-07 -6.77E-08 -1.22E-07
 -6.58E-08 -7.56E-09  9.38E-09  2.60E-08  2.39E-08  2.30E-08  1.95E-08  1.43E-08
  1.28E-08  9.78E-09  6.62E-09  4.62E-09  3.53E-09  2.64E-09  1.78E-09  1.22E-09
  8.66E-10  6.11E-10  4.10E-10  2.69E-10  1.85E-10  1.24E-10  8.25E-11  5.63E-11
  3.75E-11  2.61E-11  1.76E-11  1.15E-11  8.01E-12  5.54E-12  3.77E-12  2.56E-12
  1.82E-12  1.27E-12  8.61E-13  6.03E-13  4.08E-13  2.84E-13  1.89E-13  1.31E-13
  8.96E-14  6.08E-14  4.04E-14  2.61E-14  1.74E-14  1.11E-14  7.12E-15  4.42E-15
  2.82E-15  1.66E-15  9.61E-16  5.68E-16  2.99E-16  1.46E-16  3.91E-17 -8.80E-18
   112.02182434772368     
  0.00E+00 -1.99E-06 -5.78E-08  4.94E-07 -8.61E-09 -3.18E-07 -1.42E-07 -1.23E-07
 -6.35E-08 -1.15E-09  2.18E-08  2.61E-08  2.28E-08  2.34E-08  1.99E-08  1.46E-08
  1.37E-08  9.11E-09  6.74E-09  4.60E-09  3.56E-09  2.65E-09  1.78E-09  1.23E-09
  8.56E-10  6.07E-10  4.05E-10  2.72E-10  1.85E-10  1.23E-10  8.24E-11  5.64E-11
  3.74E-11  2.59E-11  1.77E-11  1.16E-11  7.95E-12  5.56E-12  3.76E-12  2.57E-12
  1.81E-12  1.27E-12  8.58E-13  6.03E-13  4.07E-13  2.84E-13  1.89E-13  1.30E-13
  8.97E-14  6.08E-14  4.02E-14  2.61E-14  1.75E-14  1.12E-14  7.10E-15  4.41E-15
  2.83E-15  1.69E-15  9.67E-16  5.53E-16  3.05E-16  1.32E-16  4.12E-17 -4.71E-18
   114.01697518974935     
  0.00E+00  7.84E-07  3.52E-07  4.33E-07 -1.48E-07 -1.58E-07 -2.85E-08 -1.15E-07
 -7.25E-08 -1.10E-08  1.77E-08  2.20E-08  2.49E-08  2.16E-08  1.98E-08  1.55E-08
  1.27E-08  9.64E-09  6.29E-09  4.53E-09  3.49E-09  2.66E-09  1.79E-09  1.22E-09
  8.61E-10  6.14E-10  4.06E-10  2.71E-10  1.85E-10  1.25E-10  8.34E-11  5.56E-11
  3.78E-11  2.58E-11  1.77E-11  1.16E-11  7.95E-12  5.54E-12  3.78E-12  2.57E-12
  1.82E-12  1.27E-12  8.61E-13  6.03E-13  4.08E-13  2.85E-13  1.88E-13  1.31E-13
  8.93E-14  6.11E-14  4.04E-14  2.61E-14  1.74E-14  1.11E-14  7.17E-15  4.43E-15
  2.82E-15  1.67E-15  9.83E-16  5.64E-16  3.03E-16  1.45E-16  3.66E-17 -7.18E-18
   116.01186741371606     
  0.00E+00 -2.45E-06  1.14E-06  1.67E-07 -1.12E-07 -2.00E-07  2.55E-08 -1.28E-07
 -8.29E-08 -7.01E-10  1.25E-08  2.12E-08  2.12E-08  2.22E-08  1.92E-08  1.53E-08
  1.30E-08  9.30E-09  6.96E-09  4.59E-09  3.59E-09  2.66E-09  1.78E-09  1.23E-09
  8.53E-10  6.17E-10  4.09E-10  2.71E-10  1.87E-10  1.23E-10  8.34E-11  5.66E-11
  3.75E-11  2.59E-11  1.77E-11  1.16E-11  7.98E-12  5.55E-12  3.80E-12  2.55E-12
  1.82E-12  1.27E-12  8.57E-13  6.03E-13  4.08E-13  2.84E-13  1.88E-13  1.31E-13
  8.94E-14  6.12E-14  4.03E-14  2.61E-14  1.73E-14  1.11E-14  7.16E-15  4.43E-15
  2.81E-15  1.68E-15  9.83E-16  5.66E-16  3.01E-16  1.39E-16  3.93E-17 -1.10E-17
   118.01954307563676     
  0.00E+00 -4.69E-07  1.72E-06  1.09E-07 -1.82E-08 -2.40E-07 -9.55E-08 -1.32E-07
 -7.51E-08  9.97E-09  1.73E-08  2.41E-08  2.60E-08  2.21E-08  1.91E-08  1.46E-08
  1.33E-08  9.39E-09  6.44E-09  4.66E-09  3.52E-09  2.64E-09  1.78E-09  1.24E-09
  8.66E-10  6.10E-10  4.11E-10  2.68E-10  1.83E-10  1.25E-10  8.28E-11  5.61E-11
  3.72E-11  2.60E-11  1.76E-11  1.15E-11  7.97E-12  5.57E-12  3.78E-12  2.54E-12
  1.82E-12  1.27E-12  8.58E-13  6.02E-13  4.07E-13  2.85E-13  1.89E-13  1.32E-13
  8.99E-14  6.07E-14  4.02E-14  2.62E-14  1.75E-14  1.11E-14  7.11E-15  4.44E-15
  2.82E-15  1.71E-15  9.72E-16  5.63E-16  3.08E-16  1.36E-16  3.95E-17 -1.29E-17
   120.01548905410577     
  0.00E+00  1.07E-06  1.47E-06  5.02E-07 -7.31E-08 -2.44E-07 -1.23E-07 -1.24E-07
 -6.93E-08  7.08E-10  1.66E-08  2.41E-08  2.26E-08  2.40E-08  1.90E-08  1.51E-08
  1.33E-08  9.66E-09  6.68E-09  4.60E-09  3.53E-09  2.63E-09  1.79E-09  1.23E-09
  8.66E-10  6.09E-10  4.11E-10  2.68E-10  1.85E-10  1.23E-10  8.30E-11  5.61E-11
  3.73E-11  2.58E-11  1.77E-11  1.17E-11  7.98E-12  5.56E-12  3.78E-12  2.56E-12
  1.82E-12  1.27E-12  8.59E-13  6.05E-13  4.07E-13  2.84E-13  1.89E-13  1.32E-13
  8.90E-14  6.07E-14  4.05E-14  2.60E-14  1.74E-14  1.11E-14  7.14E-15  4.45E-15
  2.81E-15  1.70E-15  9.64E-16  5.58E-16  3.06E-16  1.37E-16  4.08E-17 -1.08E-17
   122.01182640950074     
  0.00E+00 -1.98E-06  1.42E-06  9.66E-07 -8.75E-08 -3.26E-07 -9.28E-08 -1.19E-07
 -7.63E-08  9.92E-10  1.30E-08  1.93E-08  2.49E-08  2.13E-08  1.86E-08  1.48E-08
  1.35E-08  9.57E-09  6.49E-09  4.56E-09  3.53E-09  2.61E-09  1.78E-09  1.19E-09
  8.61E-10  6.16E-10  4.06E-10  2.67E-10  1.86E-10  1.24E-10  8.33E-11  5.64E-11
  3.72E-11  2.58E-11  1.78E-11  1.15E-11  7.96E-12  5.52E-12  3.79E-12  2.56E-12
  1.82E-12  1.26E-12  8.55E-13  6.00E-13  4.07E-13  2.84E-13  1.89E-13  1.31E-13
  8.97E-14  6.08E-14  4.01E-14  2.62E-14  1.73E-14  1.12E-14  7.17E-15  4.48E-15
  2.83E-15  1.68E-15  9.87E-16  5.54E-16  2.99E-16  1.42E-16  3.92E-17 -7.38E-18
   124.02069882397409     
  0.00E+00  1.08E-06  1.70E-06  9.84E-07  4.98E-08 -1.42E-07 -1.09E-07 -1.00E-07
 -6.93E-08 -3.45E-09  1.59E-08  1.67E-08  2.72E-08  2.18E-08  1.88E-08  1.48E-08
  1.33E-08  9.34E-09  6.51E-09  4.52E-09  3.63E-09  2.60E-09  1.72E-09  1.23E-09
  8.49E-10  6.16E-10  4.08E-10  2.70E-10  1.85E-10  1.25E-10  8.24E-11  5.54E-11
  3.75E-11  2.59E-11  1.77E-11  1.16E-11  7.97E-12  5.56E-12  3.79E-12  2.56E-12
  1.81E-12  1.27E-12  8.58E-13  6.04E-13  4.07E-13  2.85E-13  1.89E-13  1.31E-13
  8.99E-14  6.10E-14  4.03E-14  2.60E-14  1.74E-14  1.12E-14  7.07E-15  4.41E-15
  2.81E-15  1.68E-15  9.89E-16  5.68E-16  3.02E-16  1.41E-16  4.12E-17 -9.53E-18
   126.01774369094289     
  0.00E+00  1.82E-07  7.95E-07  6.07E-07 -1.83E-07 -1.91E-07 -1.26E-07 -1.51E-07
 -5.96E-08  5.74E-09  2.55E-08  2.07E-08  2.38E-08  2.16E-08  1.93E-08  1.53E-08
  1.34E-08  9.93E-09  6.84E-09  4.56E-09  3.51E-09  2.65E-09  1.74E-09  1.24E-09
  8.46E-10  6.22E-10  4.04E-10  2.73E-10  1.86E-10  1.24E-10  8.26E-11  5.61E-11
  3.75E-11  2.60E-11  1.77E-11  1.15E-11  7.97E-12  5.59E-12  3.79E-12  2.56E-12
  1.82E-12  1.27E-12  8.59E-13  6.01E-13  4.07E-13  2.85E-13  1.90E-13  1.31E-13
  8.95E-14  6.12E-14  4.02E-14  2.62E-14  1.75E-14  1.10E-14  7.13E-15  4.40E-15
  2.81E-15  1.67E-15  9.79E-16  5.54E-16  2.96E-16  1.40E-16  3.45E-17 -9.00E-18
   128.01502362305155     
  0.00E+00 -2.23E-06  9.35E-08  2.50E-07 -8.30E-08 -3.01E-07 -9.75E-08 -1.34E-07
 -5.58E-08  2.08E-09  2.47E-08  2.39E-08  2.42E-08  2.08E-08  1.89E-08  1.50E-08
  1.37E-08  9.21E-09  6.63E-09  4.65E-09  3.59E-09  2.62E-09  1.79E-09  1.22E-09
  8.66E-10  6.18E-10  4.11E-10  2.71E-10  1.83E-10  1.24E-10  8.30E-11  5.60E-11
  3.70E-11  2.61E-11  1.77E-11  1.15E-11  7.95E-12  5.54E-12  3.78E-12  2.56E-12
  1.82E-12  1.27E-12  8.59E-13  6.00E-13  4.07E-13  2.84E-13  1.90E-13  1.32E-13
  8.93E-14  6.09E-14  4.03E-14  2.61E-14  1.75E-14  1.11E-14  7.12E-15  4.39E-15
  2.83E-15  1.69E-15  9.67E-16  5.59E-16  2.99E-16  1.40E-16  3.88E-17 -1.27E-17
   130.01285309990487     
  0.00E+00  9.31E-07  1.74E-07  2.30E-07 -5.74E-08 -1.81E-07 -4.85E-08 -1.13E-07
 -5.78E-08 -6.11E-09  6.45E-09  2.14E-08  2.53E-08  2.06E-08  1.88E-08  1.48E-08
  1.33E-08  9.82E-09  6.54E-09  4.57E-09  3.64E-09  2.66E-09  1.76E-09  1.22E-09
  8.55E-10  6.13E-10  4.13E-10  2.66E-10  1.86E-10  1.25E-10  8.26E-11  5.62E-11
  3.72E-11  2.59E-11  1.76E-11  1.15E-11  8.02E-12  5.53E-12  3.77E-12  2.56E-12
  1.81E-12  1.27E-12  8.59E-13  6.07E-13  4.06E-13  2.85E-13  1.89E-13  1.31E-13
  8.95E-14  6.06E-14  4.03E-14  2.60E-14  1.75E-14  1.11E-14  7.12E-15  4.41E-15
  2.82E-15  1.70E-15  9.78E-16  5.64E-16  2.96E-16  1.42E-16  4.34E-17 -1.24E-17
   132.02301981223536     
  0.00E+00 -1.70E-06  6.19E-07  3.08E-07 -3.70E-08 -1.54E-08 -3.57E-08 -9.99E-08
 -6.77E-08  8.07E-09  2.94E-08  1.91E-08  2.60E-08  2.21E-08  1.93E-08  1.46E-08
  1.33E-08  9.65E-09  6.52E-09  4.51E-09  3.49E-09  2.66E-09  1.74E-09  1.22E-09
  8.63E-10  6.13E-10  4.04E-10  2.69E-10  1.85E-10  1.24E-10  8.22E-11  5.58E-11
  3.72E-11  2.56E-11  1.78E-11  1.15E-11  8.00E-12  5.51E-12  3.75E-12  2.57E-12
  1.83E-12  1.27E-12  8.61E-13  6.01E-13  4.07E-13  2.85E-13  1.89E-13  1.31E-13
  9.00E-14  6.09E-14  4.04E-14  2.61E-14  1.74E-14  1.12E-14  7.13E-15  4.45E-15
  2.82E-15  1.70E-15  9.87E-16  5.49E-16  3.04E-16  1.38E-16  3.59E-17 -9.40E-18
   134.02173914646539     
  0.00E+00 -2.04E-06  5.33E-07  1.89E-07 -8.25E-08  1.04E-08 -5.28E-08 -1.54E-07
 -7.24E-08  3.47E-09  5.60E-09  2.02E-08  2.42E-08  2.18E-08  1.95E-08  1.54E-08
  1.32E-08  9.64E-09  6.75E-09  4.62E-09  3.53E-09  2.74E-09  1.76E-09  1.21E-09
  8.43E-10  6.15E-10  4.10E-10  2.71E-10  1.84E-10  1.25E-10  8.25E-11  5.61E-11
  3.75E-11  2.56E-11  1.76E-11  1.15E-11  7.96E-12  5.56E-12  3.79E-12  2.55E-12
  1.81E-12  1.26E-12  8.60E-13  6.03E-13  4.08E-13  2.85E-13  1.89E-13  1.31E-13
  8.92E-14  6.08E-14  4.06E-14  2.62E-14  1.74E-14  1.10E-14  7.11E-15  4.42E-15
  2.82E-15  1.68E-15  9.88E-16  5.60E-16  2.96E-16  1.36E-16  4.32E-17 -1.46E-17
   136.02009692679084     
  0.00E+00  9.61E-07  8.48E-07 -1.25E-07 -1.29E-07 -3.31E-07 -6.11E-08 -1.10E-07
 -6.57E-08  5.90E-09  2.11E-08  2.48E-08  2.35E-08  2.23E-08  1.91E-08  1.47E-08
  1.28E-08  9.28E-09  6.50E-09  4.58E-09  3.59E-09  2.76E-09  1.76E-09  1.23E-09
  8.40E-10  6.14E-10  4.10E-10  2.71E-10  1.84E-10  1.23E-10  8.27E-11  5.65E-11
  3.71E-11  2.60E-11  1.77E-11  1.15E-11  8.01E-12  5.56E-12  3.78E-12  2.56E-12
  1.82E-12  1.26E-12  8.57E-13  6.03E-13  4.07E-13  2.85E-13  1.89E-13  1.31E-13
  8.94E-14  6.09E-14  4.04E-14  2.59E-14  1.74E-14  1.11E-14  7.13E-15  4.40E-15
  2.81E-15  1.70E-15  9.78E-16  5.71E-16  3.06E-16  1.39E-16  3.92E-17 -1.36E-17
   138.01817134086150     
  0.00E+00 -2.12E-06  1.78E-06 -2.18E-07  4.73E-08 -1.66E-07 -3.69E-08 -1.40E-07
 -5.72E-08  1.02E-08  1.67E-08  2.63E-08  2.45E-08  2.12E-08  1.83E-08  1.48E-08
  1.37E-08  9.37E-09  6.81E-09  4.53E-09  3.55E-09  2.61E-09  1.72E-09  1.22E-09
  8.54E-10  6.11E-10  4.03E-10  2.70E-10  1.84E-10  1.25E-10  8.35E-11  5.63E-11
  3.75E-11  2.61E-11  1.76E-11  1.15E-11  8.00E-12  5.56E-12  3.79E-12  2.57E-12
  1.82E-12  1.27E-12  8.65E-13  6.03E-13  4.07E-13  2.85E-13  1.89E-13  1.31E-13
  8.98E-14  6.09E-14  4.04E-14  2.62E-14  1.73E-14  1.11E-14  7.14E-15  4.43E-15
  2.81E-15  1.70E-15  9.89E-16  5.52E-16  3.02E-16  1.35E-16  3.97E-17 -1.28E-17
   140.01677466316511     
  0.00E+00 -1.79E-07  1.96E-06  1.34E-07 -7.34E-08 -1.71E-07 -8.70E-08 -8.72E-08
 -6.00E-08 -1.02E-10  1.12E-08  2.01E-08  2.42E-08  2.06E-08  1.93E-08  1.55E-08
  1.33E-08  9.64E-09  6.56E-09  4.54E-09  3.54E-09  2.57E-09  1.73E-09  1.22E-09
  8.56E-10  6.22E-10  4.07E-10  2.73E-10  1.85E-10  1.25E-10  8.32E-11  5.60E-11
  3.79E-11  2.59E-11  1.76E-11  1.15E-11  8.03E-12  5.53E-12  3.80E-12  2.55E-12
  1.81E-12  1.27E-12  8.56E-13  6.02E-13  4.07E-13  2.85E-13  1.89E-13  1.31E-13
  8.95E-14  6.10E-14  4.04E-14  2.61E-14  1.75E-14  1.12E-14  7.10E-15  4.41E-15
  2.83E-15  1.69E-15  9.86E-16  5.53E-16  3.11E-16  1.36E-16  3.38E-17 -7.20E-18
   142.01627413107968     
  0.00E+00  1.30E-06  1.28E-06  6.04E-07 -2.11E-07 -2.83E-07 -1.26E-07 -1.59E-07
 -6.22E-08  3.57E-09  1.80E-08  1.33E-08  2.39E-08  2.30E-08  2.05E-08  1.47E-08
  1.30E-08  9.14E-09  6.54E-09  4.50E-09  3.57E-09  2.65E-09  1.76E-09  1.23E-09
  8.53E-10  6.19E-10  4.15E-10  2.67E-10  1.83E-10  1.23E-10  8.29E-11  5.60E-11
  3.71E-11  2.58E-11  1.77E-11  1.15E-11  8.02E-12  5.54E-12  3.78E-12  2.55E-12
  1.82E-12  1.27E-12  8.64E-13  6.02E-13  4.07E-13  2.85E-13  1.89E-13  1.31E-13
  8.95E-14  6.11E-14  4.05E-14  2.61E-14  1.76E-14  1.11E-14  7.18E-15  4.39E-15
  2.83E-15  1.68E-15  9.89E-16  5.71E-16  3.11E-16  1.39E-16  4.45E-17 -4.41E-18
   144.01603979654573     
  0.00E+00 -1.96E-06  1.07E-06  7.16E-07 -9.14E-09 -3.30E-07 -5.97E-08 -1.09E-07
 -4.71E-08 -5.62E-09  1.41E-08  1.66E-08  2.29E-08  2.27E-08  1.99E-08  1.48E-08
  1.28E-08  9.66E-09  6.64E-09  4.54E-09  3.46E-09  2.59E-09  1.73E-09  1.22E-09
  8.47E-10  6.10E-10  4.07E-10  2.70E-10  1.86E-10  1.24E-10  8.31E-11  5.58E-11
  3.74E-11  2.58E-11  1.77E-11  1.15E-11  7.97E-12  5.57E-12  3.78E-12  2.55E-12
  1.82E-12  1.27E-12  8.59E-13  6.04E-13  4.07E-13  2.85E-13  1.89E-13  1.32E-13
  8.96E-14  6.11E-14  4.02E-14  2.60E-14  1.75E-14  1.11E-14  7.16E-15  4.43E-15
  2.80E-15  1.67E-15  9.89E-16  5.60E-16  3.02E-16  1.40E-16  3.68E-17 -1.35E-17
   146.01539915081148     
  0.00E+00  8.95E-07  9.90E-07  4.26E-07 -3.04E-09 -3.36E-07 -9.93E-08 -1.23E-07
 -4.53E-08  2.17E-09  1.39E-08  2.67E-08  2.33E-08  2.30E-08  1.95E-08  1.52E-08
  1.27E-08  9.51E-09  6.63E-09  4.53E-09  3.63E-09  2.63E-09  1.72E-09  1.22E-09
  8.56E-10  6.21E-10  4.06E-10  2.72E-10  1.86E-10  1.25E-10  8.26E-11  5.63E-11
  3.76E-11  2.57E-11  1.76E-11  1.15E-11  7.96E-12  5.54E-12  3.80E-12  2.56E-12
  1.83E-12  1.27E-12  8.61E-13  6.03E-13  4.07E-13  2.85E-13  1.89E-13  1.32E-13
  8.95E-14  6.10E-14  4.05E-14  2.60E-14  1.74E-14  1.11E-14  7.10E-15  4.46E-15
  2.84E-15  1.70E-15  9.76E-16  5.60E-16  2.98E-16  1.32E-16  4.38E-17 -1.57E-17
   148.01454532899510     
  0.00E+00 -9.62E-08  3.58E-07  1.39E-07 -1.64E-07 -1.01E-07 -8.71E-08 -1.16E-07
 -5.82E-08 -1.03E-09  2.03E-08  2.95E-08  2.70E-08  2.18E-08  1.97E-08  1.43E-08
  1.32E-08  9.58E-09  6.63E-09  4.51E-09  3.57E-09  2.69E-09  1.75E-09  1.22E-09
  8.43E-10  6.24E-10  4.05E-10  2.70E-10  1.85E-10  1.23E-10  8.33E-11  5.57E-11
  3.77E-11  2.57E-11  1.78E-11  1.15E-11  7.96E-12  5.55E-12  3.80E-12  2.57E-12
  1.81E-12  1.26E-12  8.60E-13  6.01E-13  4.06E-13  2.84E-13  1.89E-13  1.31E-13
  8.94E-14  6.10E-14  4.03E-14  2.62E-14  1.74E-14  1.11E-14  7.16E-15  4.42E-15
  2.79E-15  1.65E-15  9.83E-16  5.54E-16  3.06E-16  1.31E-16  3.84E-17 -1.26E-17
   150.01407258393456     
  0.00E+00 -2.55E-06 -1.48E-07  1.49E-07  6.41E-08 -2.17E-07  7.43E-09 -1.28E-07
 -6.59E-08 -1.03E-08  1.80E-08  2.42E-08  2.05E-08  2.14E-08  1.94E-08  1.58E-08
  1.27E-08  9.43E-09  6.62E-09  4.63E-09  3.58E-09  2.68E-09  1.78E-09  1.23E-09
  8.48E-10  6.22E-10  4.10E-10  2.70E-10  1.82E-10  1.25E-10  8.33E-11  5.62E-11
  3.71E-11  2.59E-11  1.77E-11  1.15E-11  8.01E-12  5.56E-12  3.78E-12  2.57E-12
  1.82E-12  1.26E-12  8.57E-13  6.05E-13  4.06E-13  2.85E-13  1.88E-13  1.31E-13
  8.97E-14  6.09E-14  4.03E-14  2.61E-14  1.74E-14  1.11E-14  7.14E-15  4.39E-15
  2.82E-15  1.70E-15  9.83E-16  5.71E-16  3.01E-16  1.28E-16  3.88E-17 -9.38E-18
   152.01419136903201     
  0.00E+00  7.16E-07  3.26E-07  2.64E-07 -1.46E-07 -4.73E-08 -1.02E-07 -1.32E-07
 -6.40E-08 -6.95E-09  1.83E-08  2.22E-08  3.01E-08  2.12E-08  2.01E-08  1.50E-08
  1.25E-08  9.65E-09  6.66E-09  4.61E-09  3.58E-09  2.60E-09  1.77E-09  1.24E-09
  8.60E-10  6.19E-10  4.11E-10  2.72E-10  1.87E-10  1.24E-10  8.25E-11  5.55E-11
  3.68E-11  2.61E-11  1.76E-11  1.15E-11  7.99E-12  5.53E-12  3.79E-12  2.56E-12
  1.82E-12  1.27E-12  8.60E-13  6.02E-13  4.07E-13  2.84E-13  1.88E-13  1.31E-13
  8.96E-14  6.10E-14  4.02E-14  2.60E-14  1.74E-14  1.11E-14  7.08E-15  4.41E-15
  2.83E-15  1.67E-15  9.76E-16  5.44E-16  3.02E-16  1.42E-16  3.74E-17 -9.38E-18
   154.01468452225689     
  0.00E+00 -1.72E-06  1.19E-06  1.34E-07 -1.03E-07 -1.88E-07 -1.73E-07 -1.19E-07
 -5.43E-08 -9.45E-09  1.27E-08  2.42E-08  2.02E-08  2.25E-08  1.99E-08  1.41E-08
  1.31E-08  9.14E-09  6.57E-09  4.58E-09  3.54E-09  2.63E-09  1.76E-09  1.22E-09
  8.52E-10  6.15E-10  4.08E-10  2.71E-10  1.86E-10  1.25E-10  8.28E-11  5.65E-11
  3.76E-11  2.60E-11  1.77E-11  1.14E-11  7.97E-12  5.57E-12  3.78E-12  2.55E-12
  1.82E-12  1.27E-12  8.61E-13  6.04E-13  4.07E-13  2.85E-13  1.89E-13  1.31E-13
  8.95E-14  6.10E-14  4.03E-14  2.61E-14  1.74E-14  1.11E-14  7.10E-15  4.42E-15
  2.78E-15  1.69E-15  9.67E-16  5.68E-16  3.19E-16  1.37E-16  3.91E-17 -1.61E-17
   156.01518052894818     
  0.00E+00 -1.88E-06  1.01E-06 -2.18E-07 -6.19E-08 -1.51E-08 -8.39E-08 -1.23E-07
 -5.33E-08  3.71E-09  2.33E-08  2.28E-08  2.86E-08  2.22E-08  1.88E-08  1.56E-08
  1.30E-08  9.43E-09  6.66E-09  4.60E-09  3.66E-09  2.66E-09  1.75E-09  1.21E-09
  8.36E-10  6.19E-10  4.04E-10  2.72E-10  1.87E-10  1.24E-10  8.19E-11  5.56E-11
  3.70E-11  2.58E-11  1.76E-11  1.16E-11  7.99E-12  5.57E-12  3.79E-12  2.56E-12
  1.82E-12  1.27E-12  8.60E-13  6.01E-13  4.05E-13  2.85E-13  1.89E-13  1.31E-13
  8.97E-14  6.09E-14  4.04E-14  2.61E-14  1.74E-14  1.11E-14  7.12E-15  4.42E-15
  2.83E-15  1.67E-15  9.56E-16  5.64E-16  2.98E-16  1.39E-16  4.25E-17 -1.31E-17
   158.01546412030308     
  0.00E+00  1.26E-06  1.44E-06 -3.89E-07 -7.00E-08 -5.62E-08 -4.87E-08 -1.14E-07
 -4.75E-08 -7.24E-09  1.65E-08  1.99E-08  2.62E-08  2.19E-08  2.00E-08  1.46E-08
  1.34E-08  9.05E-09  6.53E-09  4.51E-09  3.64E-09  2.57E-09  1.77E-09  1.23E-09
  8.56E-10  6.25E-10  4.13E-10  2.66E-10  1.86E-10  1.24E-10  8.17E-11  5.64E-11
  3.77E-11  2.58E-11  1.76E-11  1.15E-11  7.92E-12  5.53E-12  3.76E-12  2.57E-12
  1.82E-12  1.27E-12  8.57E-13  6.02E-13  4.04E-13  2.85E-13  1.89E-13  1.31E-13
  8.95E-14  6.10E-14  4.05E-14  2.60E-14  1.73E-14  1.11E-14  7.14E-15  4.40E-15
  2.81E-15  1.67E-15  9.69E-16  5.59E-16  3.05E-16  1.55E-16  4.45E-17 -7.50E-18
   160.01569464590358     
  0.00E+00 -1.80E-06  1.87E-06 -1.32E-07  3.11E-08 -2.63E-07 -6.27E-08 -1.29E-07
 -4.17E-08 -1.59E-09  1.57E-08  2.11E-08  2.34E-08  2.02E-08  2.07E-08  1.53E-08
  1.33E-08  9.75E-09  6.75E-09  4.58E-09  3.61E-09  2.66E-09  1.77E-09  1.24E-09
  8.42E-10  6.22E-10  4.03E-10  2.69E-10  1.87E-10  1.25E-10  8.25E-11  5.60E-11
  3.71E-11  2.59E-11  1.77E-11  1.15E-11  7.96E-12  5.53E-12  3.80E-12  2.57E-12
  1.81E-12  1.27E-12  8.61E-13  6.07E-13  4.05E-13  2.85E-13  1.89E-13  1.32E-13
  8.92E-14  6.12E-14  4.03E-14  2.60E-14  1.73E-14  1.11E-14  7.09E-15  4.39E-15
  2.83E-15  1.67E-15  9.77E-16  5.63E-16  3.10E-16  1.41E-16  3.00E-17 -2.82E-18
   162.01635048804357     
  0.00E+00 -3.12E-09  1.74E-06  2.94E-07 -2.06E-07 -2.87E-07 -5.26E-08 -1.23E-07
 -5.66E-08 -7.14E-09  2.64E-08  2.51E-08  2.21E-08  2.20E-08  1.95E-08  1.52E-08
  1.33E-08  9.51E-09  6.49E-09  4.67E-09  3.61E-09  2.68E-09  1.74E-09  1.22E-09
  8.52E-10  6.10E-10  4.08E-10  2.69E-10  1.87E-10  1.24E-10  8.30E-11  5.63E-11
  3.75E-11  2.59E-11  1.77E-11  1.16E-11  8.02E-12  5.58E-12  3.79E-12  2.56E-12
  1.83E-12  1.27E-12  8.60E-13  6.03E-13  4.07E-13  2.85E-13  1.89E-13  1.31E-13
  8.96E-14  6.09E-14  4.03E-14  2.62E-14  1.75E-14  1.11E-14  7.13E-15  4.44E-15
  2.81E-15  1.68E-15  9.68E-16  5.59E-16  2.98E-16  1.37E-16  4.39E-17 -1.36E-18
   164.01731480995375     
  0.00E+00  1.35E-06  8.01E-07  4.47E-07 -2.13E-08 -1.40E-07 -2.19E-08 -1.33E-07
 -6.54E-08 -1.18E-09  9.68E-09  2.74E-08  2.51E-08  2.29E-08  1.92E-08  1.43E-08
  1.32E-08  9.78E-09  6.80E-09  4.63E-09  3.61E-09  2.65E-09  1.74E-09  1.23E-09
  8.53E-10  6.07E-10  4.08E-10  2.71E-10  1.85E-10  1.24E-10  8.32E-11  5.61E-11
  3.76E-11  2.58E-11  1.77E-11  1.16E-11  7.99E-12  5.56E-12  3.76E-12  2.56E-12
  1.81E-12  1.27E-12  8.61E-13  6.01E-13  4.08E-13  2.85E-13  1.89E-13  1.31E-13
  9.00E-14  6.12E-14  4.05E-14  2.61E-14  1.75E-14  1.11E-14  7.16E-15  4.48E-15
  2.82E-15  1.69E-15  9.80E-16  5.60E-16  3.02E-16  1.35E-16  3.90E-17 -9.18E-18
   166.01841544021909     
  0.00E+00 -2.12E-06  3.31E-07  2.58E-07  6.19E-08 -8.82E-08 -3.49E-08 -1.22E-07
 -4.98E-08 -1.56E-09  9.11E-09  2.60E-08  2.27E-08  2.36E-08  1.92E-08  1.51E-08
  1.33E-08  9.56E-09  6.45E-09  4.68E-09  3.51E-09  2.73E-09  1.78E-09  1.22E-09
  8.61E-10  6.19E-10  4.14E-10  2.70E-10  1.84E-10  1.25E-10  8.27E-11  5.60E-11
  3.75E-11  2.59E-11  1.78E-11  1.15E-11  8.05E-12  5.54E-12  3.78E-12  2.56E-12
  1.81E-12  1.26E-12  8.59E-13  6.00E-13  4.07E-13  2.85E-13  1.88E-13  1.31E-13
  8.95E-14  6.08E-14  4.04E-14  2.60E-14  1.75E-14  1.12E-14  7.17E-15  4.47E-15
  2.81E-15  1.70E-15  9.95E-16  5.59E-16  2.95E-16  1.39E-16  4.13E-17 -8.14E-18
   168.01959832447776     
  0.00E+00  5.68E-07  7.08E-07  8.02E-08 -2.49E-07 -3.06E-07 -7.99E-08 -1.00E-07
 -2.84E-08 -6.01E-09  1.70E-08  2.21E-08  2.35E-08  2.43E-08  1.89E-08  1.54E-08
  1.34E-08  9.39E-09  6.70E-09  4.64E-09  3.65E-09  2.67E-09  1.78E-09  1.23E-09
  8.60E-10  6.23E-10  4.01E-10  2.69E-10  1.84E-10  1.24E-10  8.25E-11  5.70E-11
  3.72E-11  2.60E-11  1.76E-11  1.15E-11  8.02E-12  5.54E-12  3.75E-12  2.55E-12
  1.82E-12  1.26E-12  8.58E-13  6.02E-13  4.06E-13  2.84E-13  1.89E-13  1.31E-13
  8.94E-14  6.11E-14  4.05E-14  2.61E-14  1.74E-14  1.10E-14  7.09E-15  4.42E-15
  2.85E-15  1.68E-15  9.82E-16  5.59E-16  2.99E-16  1.41E-16  3.68E-17 -9.36E-18
   170.02060015218225     
  0.00E+00 -3.44E-07  4.79E-08  1.88E-07 -8.88E-08 -2.96E-07 -1.08E-07 -1.36E-07
 -3.47E-08  6.85E-09  1.68E-08  1.93E-08  2.58E-08  2.19E-08  1.90E-08  1.44E-08
  1.29E-08  9.46E-09  6.53E-09  4.52E-09  3.56E-09  2.60E-09  1.75E-09  1.24E-09
  8.67E-10  6.18E-10  4.08E-10  2.70E-10  1.83E-10  1.24E-10  8.32E-11  5.62E-11
  3.71E-11  2.61E-11  1.77E-11  1.15E-11  7.92E-12  5.56E-12  3.78E-12  2.56E-12
  1.83E-12  1.27E-12  8.60E-13  6.07E-13  4.05E-13  2.86E-13  1.90E-13  1.31E-13
  8.94E-14  6.11E-14  4.04E-14  2.61E-14  1.73E-14  1.11E-14  7.11E-15  4.41E-15
  2.78E-15  1.69E-15  9.63E-16  5.56E-16  2.99E-16  1.34E-16  4.13E-17 -9.12E-18
   172.02170225811881     
  0.00E+00 -2.78E-06  2.79E-07  4.05E-07  8.30E-08 -3.18E-08 -9.85E-08 -1.37E-07
 -5.44E-08 -4.34E-09  1.63E-08  1.89E-08  2.39E-08  2.20E-08  1.89E-08  1.53E-08
  1.31E-08  9.71E-09  6.78E-09  4.57E-09  3.55E-09  2.61E-09  1.76E-09  1.22E-09
  8.59E-10  6.18E-10  4.12E-10  2.66E-10  1.86E-10  1.24E-10  8.34E-11  5.66E-11
  3.74E-11  2.61E-11  1.77E-11  1.15E-11  7.95E-12  5.53E-12  3.77E-12  2.57E-12
  1.81E-12  1.26E-12  8.59E-13  6.03E-13  4.05E-13  2.84E-13  1.89E-13  1.31E-13
  8.96E-14  6.09E-14  4.04E-14  2.62E-14  1.73E-14  1.11E-14  7.12E-15  4.44E-15
  2.85E-15  1.68E-15  9.61E-16  5.60E-16  3.06E-16  1.38E-16  4.03E-17 -3.39E-18
   174.02248336444831     
  0.00E+00  6.61E-07  8.56E-07  3.58E-07 -1.97E-07 -2.12E-07 -9.09E-08 -1.18E-07
 -5.81E-08 -4.53E-09  2.14E-08  1.92E-08  2.38E-08  2.24E-08  1.89E-08  1.51E-08
  1.28E-08  9.34E-09  6.53E-09  4.62E-09  3.55E-09  2.68E-09  1.77E-09  1.22E-09
  8.51E-10  6.19E-10  4.07E-10  2.67E-10  1.85E-10  1.25E-10  8.28E-11  5.63E-11
  3.73E-11  2.59E-11  1.76E-11  1.15E-11  8.00E-12  5.57E-12  3.76E-12  2.56E-12
  1.82E-12  1.27E-12  8.64E-13  6.03E-13  4.07E-13  2.86E-13  1.89E-13  1.32E-13
  8.93E-14  6.08E-14  4.03E-14  2.60E-14  1.73E-14  1.12E-14  7.15E-15  4.45E-15
  2.80E-15  1.69E-15  9.76E-16  5.66E-16  2.95E-16  1.45E-16  3.62E-17 -7.88E-18
   176.02339279572044     
  0.00E+00 -1.50E-06  1.77E-06  1.65E-09  4.98E-08 -1.12E-07 -1.34E-07 -1.06E-07
 -5.92E-08  8.91E-09  1.33E-08  2.09E-08  2.65E-08  2.37E-08  1.92E-08  1.44E-08
  1.34E-08  9.36E-09  6.57E-09  4.64E-09  3.54E-09  2.65E-09  1.76E-09  1.21E-09
  8.63E-10  6.22E-10  4.05E-10  2.69E-10  1.85E-10  1.24E-10  8.41E-11  5.68E-11
  3.76E-11  2.60E-11  1.78E-11  1.16E-11  8.02E-12  5.57E-12  3.77E-12  2.55E-12
  1.81E-12  1.27E-12  8.54E-13  6.01E-13  4.08E-13  2.85E-13  1.89E-13  1.31E-13
  8.99E-14  6.08E-14  4.03E-14  2.61E-14  1.75E-14  1.11E-14  7.16E-15  4.43E-15
  2.80E-15  1.69E-15  9.91E-16  5.64E-16  3.06E-16  1.41E-16  3.95E-17 -8.62E-18
   178.01293835590795     
  0.00E+00 -1.60E-06  1.55E-06 -3.12E-07 -1.07E-07 -2.35E-07 -7.62E-08 -1.42E-07
 -4.94E-08  8.28E-09  1.59E-08  2.45E-08  2.22E-08  2.37E-08  1.87E-08  1.54E-08
  1.34E-08  9.61E-09  6.67E-09  4.64E-09  3.62E-09  2.60E-09  1.75E-09  1.21E-09
  8.52E-10  6.16E-10  4.09E-10  2.64E-10  1.84E-10  1.25E-10  8.38E-11  5.61E-11
  3.75E-11  2.61E-11  1.78E-11  1.15E-11  7.98E-12  5.53E-12  3.76E-12  2.56E-12
  1.83E-12  1.27E-12  8.66E-13  6.04E-13  4.07E-13  2.84E-13  1.89E-13  1.31E-13
  8.96E-14  6.09E-14  4.04E-14  2.61E-14  1.74E-14  1.11E-14  7.15E-15  4.44E-15
  2.84E-15  1.70E-15  9.74E-16  5.54E-16  3.07E-16  1.39E-16  3.70E-17 -9.55E-18
   180.01441554650876     
  0.00E+00  1.58E-06  1.30E-06 -1.81E-07 -1.24E-07  3.22E-08 -3.53E-08 -1.10E-07
 -3.70E-08  1.58E-08  1.68E-08  2.72E-08  2.38E-08  2.07E-08  1.86E-08  1.49E-08
  1.33E-08  9.19E-09  6.68E-09  4.64E-09  3.41E-09  2.68E-09  1.76E-09  1.24E-09
  8.52E-10  6.12E-10  4.08E-10  2.71E-10  1.85E-10  1.23E-10  8.23E-11  5.64E-11
  3.73E-11  2.60E-11  1.75E-11  1.16E-11  8.00E-12  5.54E-12  3.78E-12  2.55E-12
  1.81E-12  1.27E-12  8.63E-13  6.02E-13  4.06E-13  2.85E-13  1.89E-13  1.31E-13
  8.95E-14  6.11E-14  4.04E-14  2.61E-14  1.73E-14  1.11E-14  7.07E-15  4.41E-15
  2.82E-15  1.70E-15  9.75E-16  5.59E-16  3.04E-16  1.40E-16  4.27E-17 -7.48E-18
   182.01567567094969     
  0.00E+00 -1.56E-06  1.81E-06  1.62E-07 -2.10E-08 -1.19E-07 -9.41E-08 -1.40E-07
 -3.62E-08  7.94E-10  2.27E-08  2.53E-08  2.44E-08  2.11E-08  1.91E-08  1.50E-08
  1.32E-08  9.53E-09  6.62E-09  4.59E-09  3.59E-09  2.58E-09  1.77E-09  1.21E-09
  8.54E-10  6.25E-10  4.10E-10  2.71E-10  1.84E-10  1.25E-10  8.23E-11  5.63E-11
  3.76E-11  2.59E-11  1.76E-11  1.15E-11  7.98E-12  5.55E-12  3.79E-12  2.55E-12
  1.81E-12  1.26E-12  8.60E-13  6.04E-13  4.07E-13  2.85E-13  1.89E-13  1.31E-13
  8.92E-14  6.13E-14  4.01E-14  2.60E-14  1.73E-14  1.11E-14  7.13E-15  4.41E-15
  2.81E-15  1.69E-15  9.85E-16  5.64E-16  2.94E-16  1.34E-16  3.82E-17 -6.39E-18
   184.01666845642231     
  0.00E+00 -6.06E-09  9.17E-07  3.19E-07 -1.74E-07 -5.10E-08 -3.24E-08 -9.27E-08
 -3.40E-08  1.23E-08  9.63E-09  2.17E-08  2.66E-08  2.26E-08  1.92E-08  1.48E-08
  1.33E-08  9.30E-09  6.47E-09  4.43E-09  3.61E-09  2.69E-09  1.77E-09  1.25E-09
  8.46E-10  6.24E-10  4.06E-10  2.72E-10  1.86E-10  1.25E-10  8.25E-11  5.71E-11
  3.71E-11  2.60E-11  1.77E-11  1.15E-11  7.89E-12  5.57E-12  3.77E-12  2.57E-12
  1.82E-12  1.26E-12  8.60E-13  6.01E-13  4.08E-13  2.84E-13  1.89E-13  1.31E-13
  8.97E-14  6.11E-14  4.02E-14  2.63E-14  1.74E-14  1.10E-14  7.13E-15  4.44E-15
  2.82E-15  1.69E-15  9.95E-16  5.56E-16  2.98E-16  1.35E-16  3.70E-17 -9.41E-18
   186.01763578807902     
  0.00E+00  1.22E-06  3.79E-07  2.00E-07  1.19E-07 -1.71E-07 -5.03E-08 -1.58E-07
 -3.63E-08  1.11E-08  3.19E-08  2.21E-08  2.67E-08  2.26E-08  1.93E-08  1.49E-08
  1.33E-08  9.75E-09  6.72E-09  4.40E-09  3.54E-09  2.70E-09  1.76E-09  1.21E-09
  8.50E-10  6.13E-10  4.09E-10  2.69E-10  1.83E-10  1.23E-10  8.26E-11  5.58E-11
  3.74E-11  2.59E-11  1.77E-11  1.16E-11  7.98E-12  5.53E-12  3.77E-12  2.57E-12
  1.82E-12  1.27E-12  8.56E-13  6.03E-13  4.06E-13  2.85E-13  1.89E-13  1.31E-13
  8.96E-14  6.11E-14  4.04E-14  2.60E-14  1.74E-14  1.11E-14  7.13E-15  4.44E-15
  2.81E-15  1.70E-15  9.86E-16  5.64E-16  2.98E-16  1.29E-16  4.07E-17 -1.00E-17
   188.01883420594311     
  0.00E+00 -2.41E-06 -1.11E-07  1.22E-07 -1.56E-07 -1.46E-07 -1.64E-07 -1.08E-07
 -4.43E-08 -9.97E-10  1.50E-08  2.41E-08  2.31E-08  2.32E-08  1.97E-08  1.53E-08
  1.37E-08  9.42E-09  6.63E-09  4.57E-09  3.54E-09  2.60E-09  1.75E-09  1.23E-09
  8.57E-10  6.15E-10  4.09E-10  2.70E-10  1.85E-10  1.24E-10  8.25E-11  5.62E-11
  3.71E-11  2.58E-11  1.77E-11  1.16E-11  8.03E-12  5.55E-12  3.78E-12  2.57E-12
  1.82E-12  1.27E-12  8.61E-13  6.04E-13  4.08E-13  2.85E-13  1.90E-13  1.30E-13
  8.93E-14  6.10E-14  4.04E-14  2.60E-14  1.75E-14  1.11E-14  7.14E-15  4.43E-15
  2.83E-15  1.70E-15  9.75E-16  5.65E-16  3.12E-16  1.34E-16  4.28E-17 -1.21E-17
   190.02034350006460     
  0.00E+00  2.24E-07  6.63E-07  3.46E-07 -1.79E-07 -7.89E-08 -8.31E-08 -1.21E-07
 -5.08E-08  4.90E-09  5.82E-09  2.18E-08  2.57E-08  2.40E-08  2.00E-08  1.51E-08
  1.36E-08  9.17E-09  6.63E-09  4.60E-09  3.62E-09  2.65E-09  1.77E-09  1.25E-09
  8.49E-10  6.12E-10  4.08E-10  2.68E-10  1.85E-10  1.25E-10  8.20E-11  5.59E-11
  3.76E-11  2.58E-11  1.75E-11  1.17E-11  7.98E-12  5.57E-12  3.78E-12  2.57E-12
  1.81E-12  1.27E-12  8.62E-13  6.03E-13  4.09E-13  2.85E-13  1.89E-13  1.32E-13
  8.98E-14  6.10E-14  4.05E-14  2.61E-14  1.75E-14  1.11E-14  7.09E-15  4.44E-15
  2.84E-15  1.69E-15  9.80E-16  5.61E-16  3.05E-16  1.39E-16  3.54E-17 -1.23E-17
   192.02195482376243     
  0.00E+00 -5.22E-07  5.73E-07  6.91E-07  1.50E-07 -3.12E-07  2.91E-09 -1.23E-07
 -4.91E-08 -3.70E-10  1.81E-08  1.74E-08  2.30E-08  2.28E-08  1.99E-08  1.43E-08
  1.28E-08  9.24E-09  6.57E-09  4.57E-09  3.55E-09  2.64E-09  1.76E-09  1.20E-09
  8.55E-10  6.06E-10  4.08E-10  2.70E-10  1.86E-10  1.24E-10  8.30E-11  5.64E-11
  3.73E-11  2.58E-11  1.77E-11  1.15E-11  8.02E-12  5.55E-12  3.77E-12  2.55E-12
  1.82E-12  1.26E-12  8.63E-13  6.04E-13  4.08E-13  2.84E-13  1.88E-13  1.32E-13
  8.96E-14  6.08E-14  4.04E-14  2.62E-14  1.74E-14  1.11E-14  7.15E-15  4.47E-15
  2.80E-15  1.69E-15  9.81E-16  5.56E-16  3.02E-16  1.40E-16  3.98E-17 -1.01E-17
   194.02335423330197     
  0.00E+00 -2.84E-06  6.21E-07  7.44E-07 -1.78E-07 -3.49E-07 -4.32E-08 -1.21E-07
 -4.68E-08 -3.10E-10  2.18E-08  1.89E-08  2.37E-08  2.24E-08  1.96E-08  1.49E-08
  1.33E-08  9.37E-09  6.65E-09  4.61E-09  3.54E-09  2.61E-09  1.75E-09  1.24E-09
  8.56E-10  6.15E-10  4.04E-10  2.70E-10  1.88E-10  1.23E-10  8.29E-11  5.63E-11
  3.72E-11  2.59E-11  1.78E-11  1.15E-11  7.96E-12  5.55E-12  3.79E-12  2.55E-12
  1.82E-12  1.26E-12  8.58E-13  6.00E-13  4.07E-13  2.85E-13  1.89E-13  1.31E-13
  8.93E-14  6.12E-14  4.05E-14  2.61E-14  1.73E-14  1.11E-14  7.18E-15  4.46E-15
  2.81E-15  1.67E-15  9.76E-16  5.56E-16  3.02E-16  1.42E-16  4.45E-17 -1.28E-17
   196.01276165247137     
  0.00E+00  8.25E-07  1.71E-06  3.41E-07 -2.14E-07 -1.66E-07 -8.77E-08 -1.29E-07
 -5.02E-08  5.88E-09  5.00E-09  2.41E-08  2.35E-08  2.19E-08  1.94E-08  1.58E-08
  1.27E-08  9.39E-09  6.59E-09  4.57E-09  3.64E-09  2.64E-09  1.75E-09  1.21E-09
  8.57E-10  6.21E-10  4.11E-10  2.71E-10  1.83E-10  1.24E-10  8.28E-11  5.67E-11
  3.73E-11  2.61E-11  1.77E-11  1.15E-11  8.00E-12  5.54E-12  3.80E-12  2.56E-12
  1.82E-12  1.26E-12  8.62E-13  6.01E-13  4.07E-13  2.85E-13  1.89E-13  1.31E-13
  8.98E-14  6.11E-14  4.02E-14  2.62E-14  1.74E-14  1.11E-14  7.10E-15  4.45E-15
  2.81E-15  1.70E-15  9.80E-16  5.67E-16  2.99E-16  1.38E-16  4.45E-17 -1.13E-17
   198.01410078846436     
  0.00E+00 -1.20E-06  1.81E-06 -9.25E-09  1.18E-07 -1.71E-08 -7.98E-08 -1.17E-07
 -4.22E-08  9.08E-10  2.11E-08  2.51E-08  2.28E-08  2.32E-08  1.95E-08  1.46E-08
  1.30E-08  9.08E-09  6.56E-09  4.54E-09  3.50E-09  2.66E-09  1.75E-09  1.22E-09
  8.53E-10  6.14E-10  4.09E-10  2.70E-10  1.87E-10  1.24E-10  8.31E-11  5.56E-11
  3.75E-11  2.61E-11  1.76E-11  1.15E-11  8.01E-12  5.55E-12  3.80E-12  2.57E-12
  1.82E-12  1.26E-12  8.63E-13  6.06E-13  4.06E-13  2.85E-13  1.89E-13  1.31E-13
  8.96E-14  6.12E-14  4.03E-14  2.61E-14  1.74E-14  1.11E-14  7.18E-15  4.45E-15
  2.81E-15  1.68E-15  9.73E-16  5.62E-16  3.06E-16  1.36E-16  3.70E-17 -9.01E-18
   200.01568659294261     
  0.00E+00 -1.33E-06  1.71E-06 -1.11E-08 -1.46E-07 -9.24E-08 -8.55E-08 -1.32E-07
 -2.49E-08  4.16E-09  1.76E-08  2.05E-08  2.42E-08  2.31E-08  2.00E-08  1.46E-08
  1.25E-08  9.47E-09  6.65E-09  4.54E-09  3.55E-09  2.64E-09  1.74E-09  1.23E-09
  8.50E-10  6.22E-10  4.08E-10  2.70E-10  1.84E-10  1.25E-10  8.24E-11  5.65E-11
  3.77E-11  2.60E-11  1.78E-11  1.16E-11  7.92E-12  5.53E-12  3.80E-12  2.55E-12
  1.82E-12  1.27E-12  8.54E-13  6.02E-13  4.05E-13  2.85E-13  1.89E-13  1.30E-13
  8.93E-14  6.11E-14  4.02E-14  2.61E-14  1.74E-14  1.11E-14  7.08E-15  4.45E-15
  2.83E-15  1.68E-15  9.77E-16  5.54E-16  3.05E-16  1.40E-16  3.94E-17 -9.36E-18
   202.01727199861875     
  0.00E+00  1.80E-06  8.13E-07  2.35E-07 -9.42E-09 -2.13E-07 -1.23E-07 -1.16E-07
 -2.75E-08 -8.35E-09  1.03E-08  1.86E-08  2.63E-08  2.15E-08  2.02E-08  1.50E-08
  1.26E-08  9.33E-09  6.70E-09  4.50E-09  3.59E-09  2.69E-09  1.77E-09  1.23E-09
  8.34E-10  6.21E-10  4.08E-10  2.68E-10  1.83E-10  1.24E-10  8.33E-11  5.61E-11
  3.72E-11  2.60E-11  1.77E-11  1.16E-11  7.99E-12  5.57E-12  3.78E-12  2.54E-12
  1.81E-12  1.27E-12  8.59E-13  6.05E-13  4.07E-13  2.85E-13  1.88E-13  1.31E-13
  8.98E-14  6.11E-14  4.02E-14  2.61E-14  1.74E-14  1.11E-14  7.10E-15  4.43E-15
  2.82E-15  1.68E-15  9.74E-16  5.73E-16  3.03E-16  1.40E-16  3.97E-17 -1.05E-17
   204.01902186966251     
  0.00E+00 -1.50E-06  1.17E-06  3.64E-07 -6.88E-08  1.03E-07 -1.28E-07 -1.24E-07
 -4.32E-08 -2.20E-09  2.03E-08  2.25E-08  2.38E-08  2.14E-08  1.96E-08  1.52E-08
  1.30E-08  9.45E-09  6.58E-09  4.65E-09  3.52E-09  2.67E-09  1.78E-09  1.25E-09
  8.35E-10  6.16E-10  4.07E-10  2.72E-10  1.83E-10  1.24E-10  8.32E-11  5.57E-11
  3.68E-11  2.60E-11  1.78E-11  1.15E-11  7.98E-12  5.54E-12  3.78E-12  2.56E-12
  1.82E-12  1.27E-12  8.63E-13  6.00E-13  4.07E-13  2.85E-13  1.89E-13  1.31E-13
  8.95E-14  6.11E-14  4.03E-14  2.60E-14  1.74E-14  1.11E-14  7.17E-15  4.39E-15
  2.79E-15  1.69E-15  9.62E-16  5.57E-16  2.95E-16  1.30E-16  4.03E-17 -1.46E-17
   206.02072355125580     
  0.00E+00 -2.05E-07  5.13E-07  2.63E-07 -1.77E-07 -6.97E-08 -9.67E-08 -1.10E-07
 -5.64E-08 -1.91E-09  1.96E-08  2.68E-08  2.58E-08  2.18E-08  1.94E-08  1.47E-08
  1.37E-08  9.51E-09  6.51E-09  4.67E-09  3.56E-09  2.66E-09  1.76E-09  1.22E-09
  8.43E-10  6.13E-10  4.08E-10  2.70E-10  1.85E-10  1.24E-10  8.27E-11  5.62E-11
  3.76E-11  2.57E-11  1.76E-11  1.16E-11  7.94E-12  5.57E-12  3.80E-12  2.57E-12
  1.81E-12  1.27E-12  8.59E-13  6.04E-13  4.08E-13  2.85E-13  1.90E-13  1.31E-13
  8.97E-14  6.10E-14  4.02E-14  2.61E-14  1.74E-14  1.10E-14  7.12E-15  4.42E-15
  2.83E-15  1.69E-15  9.61E-16  5.54E-16  3.07E-16  1.36E-16  4.03E-17 -1.35E-17
   208.02246892026017     
  0.00E+00  9.68E-07 -1.94E-07  2.22E-07  6.45E-08 -1.01E-07 -5.43E-08 -1.44E-07
 -5.03E-08 -3.83E-09  1.96E-08  2.63E-08  2.18E-08  2.15E-08  1.92E-08  1.54E-08
  1.34E-08  9.34E-09  6.73E-09  4.50E-09  3.55E-09  2.62E-09  1.77E-09  1.23E-09
  8.59E-10  6.08E-10  4.05E-10  2.72E-10  1.86E-10  1.25E-10  8.31E-11  5.62E-11
  3.72E-11  2.56E-11  1.75E-11  1.14E-11  8.03E-12  5.56E-12  3.77E-12  2.56E-12
  1.82E-12  1.27E-12  8.63E-13  6.00E-13  4.07E-13  2.84E-13  1.89E-13  1.31E-13
  8.92E-14  6.11E-14  4.03E-14  2.62E-14  1.74E-14  1.11E-14  7.11E-15  4.46E-15
  2.80E-15  1.68E-15  9.68E-16  5.63E-16  3.00E-16  1.31E-16  3.87E-17 -1.10E-17
   210.01233711491642     
  0.00E+00 -2.73E-06  2.95E-07  5.17E-07 -2.54E-07 -2.44E-07 -6.93E-08 -1.35E-07
 -4.56E-08 -1.11E-08  1.44E-08  1.92E-08  2.87E-08  2.10E-08  1.84E-08  1.48E-08
  1.32E-08  9.35E-09  6.60E-09  4.49E-09  3.54E-09  2.60E-09  1.77E-09  1.21E-09
  8.60E-10  6.21E-10  4.09E-10  2.71E-10  1.85E-10  1.24E-10  8.26E-11  5.65E-11
  3.74E-11  2.60E-11  1.77E-11  1.15E-11  8.01E-12  5.53E-12  3.78E-12  2.57E-12
  1.82E-12  1.27E-12  8.57E-13  6.03E-13  4.07E-13  2.85E-13  1.88E-13  1.31E-13
  8.98E-14  6.10E-14  4.02E-14  2.61E-14  1.74E-14  1.11E-14  7.15E-15  4.47E-15
  2.82E-15  1.68E-15  9.82E-16  5.53E-16  2.94E-16  1.48E-16  4.16E-17 -7.05E-18
   212.01400084753001     
  0.00E+00 -9.28E-09  8.00E-07  9.55E-07  8.95E-08 -1.88E-07 -6.69E-08 -1.00E-07
 -5.60E-08 -1.30E-08  2.30E-08  1.73E-08  2.31E-08  2.28E-08  1.86E-08  1.45E-08
  1.36E-08  9.33E-09  6.53E-09  4.51E-09  3.51E-09  2.64E-09  1.76E-09  1.22E-09
  8.45E-10  6.26E-10  4.07E-10  2.71E-10  1.86E-10  1.25E-10  8.22E-11  5.60E-11
  3.74E-11  2.61E-11  1.77E-11  1.15E-11  8.02E-12  5.56E-12  3.78E-12  2.57E-12
  1.82E-12  1.26E-12  8.58E-13  6.00E-13  4.07E-13  2.85E-13  1.89E-13  1.31E-13
  8.97E-14  6.09E-14  4.02E-14  2.60E-14  1.75E-14  1.12E-14  7.10E-15  4.48E-15
  2.80E-15  1.69E-15  9.91E-16  5.76E-16  2.90E-16  1.42E-16  3.85E-17 -6.11E-18
   214.01583981203240     
  0.00E+00 -5.58E-07  1.38E-06  1.08E-06  1.91E-09 -1.69E-07 -2.61E-09 -1.17E-07
 -5.00E-08 -4.63E-09  1.17E-08  2.37E-08  2.41E-08  2.22E-08  1.91E-08  1.54E-08
  1.26E-08  9.01E-09  6.77E-09  4.56E-09  3.53E-09  2.66E-09  1.78E-09  1.23E-09
  8.49E-10  6.21E-10  4.09E-10  2.69E-10  1.86E-10  1.24E-10  8.24E-11  5.69E-11
  3.74E-11  2.59E-11  1.78E-11  1.15E-11  8.00E-12  5.54E-12  3.78E-12  2.55E-12
  1.81E-12  1.27E-12  8.57E-13  6.06E-13  4.09E-13  2.86E-13  1.89E-13  1.31E-13
  8.92E-14  6.11E-14  4.01E-14  2.62E-14  1.75E-14  1.11E-14  7.14E-15  4.49E-15
  2.80E-15  1.67E-15  9.84E-16  5.48E-16  3.06E-16  1.38E-16  4.14E-17 -8.52E-18
   216.01782115056560     
  0.00E+00 -2.69E-06  1.04E-06  7.74E-07 -3.11E-07 -2.69E-07 -6.28E-08 -1.38E-07
 -4.05E-08 -4.41E-09  1.76E-08  3.07E-08  2.46E-08  2.20E-08  1.92E-08  1.50E-08
  1.36E-08  8.80E-09  6.44E-09  4.65E-09  3.56E-09  2.67E-09  1.81E-09  1.21E-09
  8.43E-10  6.22E-10  4.11E-10  2.70E-10  1.84E-10  1.24E-10  8.29E-11  5.59E-11
  3.74E-11  2.59E-11  1.77E-11  1.16E-11  7.96E-12  5.55E-12  3.76E-12  2.56E-12
  1.82E-12  1.27E-12  8.59E-13  6.03E-13  4.09E-13  2.85E-13  1.89E-13  1.31E-13
  8.98E-14  6.09E-14  4.03E-14  2.60E-14  1.73E-14  1.12E-14  7.08E-15  4.46E-15
  2.87E-15  1.71E-15  9.73E-16  5.70E-16  3.03E-16  1.44E-16  3.74E-17 -8.68E-18
   218.01982925045988     
  0.00E+00  1.08E-06  1.95E-06  3.71E-07  1.13E-07 -1.71E-07 -1.02E-07 -1.28E-07
 -4.47E-08 -1.57E-10  2.38E-08  2.80E-08  2.58E-08  2.19E-08  1.94E-08  1.49E-08
  1.30E-08  9.75E-09  6.75E-09  4.62E-09  3.64E-09  2.64E-09  1.77E-09  1.25E-09
  8.44E-10  6.19E-10  4.08E-10  2.72E-10  1.83E-10  1.26E-10  8.31E-11  5.62E-11
  3.73E-11  2.60E-11  1.76E-11  1.16E-11  8.00E-12  5.55E-12  3.78E-12  2.57E-12
  1.82E-12  1.27E-12  8.62E-13  6.04E-13  4.07E-13  2.85E-13  1.89E-13  1.31E-13
  8.94E-14  6.12E-14  4.06E-14  2.61E-14  1.73E-14  1.11E-14  7.18E-15  4.39E-15
  2.81E-15  1.70E-15  9.65E-16  5.61E-16  2.96E-16  1.35E-16  3.80E-17 -9.50E-18
