   2.0212276278728090     
  0.00E+00 -1.75E-16 -1.02E-15 -2.24E-15 -6.22E-15 -1.28E-14 -1.97E-14 -3.04E-14
 -4.47E-14 -7.64E-14 -9.85E-14 -1.29E-13 -1.84E-13 -2.46E-13 -3.11E-13 -3.54E-13
 -4.83E-13 -5.72E-13 -6.91E-13 -7.73E-13 -9.57E-13 -1.19E-12 -1.35E-12 -1.60E-12
 -1.83E-12 -2.18E-12 -2.42E-12 -2.65E-12 -3.00E-12 -3.32E-12 -3.66E-12 -4.10E-12
 -4.39E-12 -4.89E-12 -5.25E-12 -5.37E-12 -5.67E-12 -5.75E-12 -5.87E-12 -5.78E-12
 -5.98E-12 -5.98E-12 -5.76E-12 -5.71E-12 -5.31E-12 -5.13E-12 -4.57E-12 -4.20E-12
 -3.85E-12 -3.47E-12 -3.11E-12 -2.70E-12 -2.43E-12 -2.12E-12 -1.80E-12 -1.53E-12
 -1.29E-12 -1.10E-12 -8.89E-13 -7.31E-13 -6.14E-13 -4.96E-13 -4.09E-13 -3.22E-13
   4.0155938952611692     
  0.00E+00  8.06E-08 -3.03E-08 -9.37E-07 -3.54E-06 -9.07E-06 -1.36E-05 -1.72E-05
 -2.28E-05 -3.39E-05 -4.66E-05 -6.39E-05 -9.21E-05 -1.21E-04 -1.32E-04 -1.31E-04
 -1.69E-04 -1.69E-04 -1.69E-04 -1.73E-04 -1.67E-04 -1.71E-04 -1.47E-04 -1.14E-04
 -6.92E-05 -3.42E-05 -9.96E-06  5.45E-06  1.62E-05  1.85E-05  1.04E-05  2.93E-06
 -6.76E-06 -1.18E-05 -1.11E-05 -8.75E-06 -8.50E-06 -8.67E-06 -7.32E-06 -5.07E-06
 -3.53E-06 -3.18E-06 -3.15E-06 -3.02E-06 -2.42E-06 -2.22E-06 -2.03E-06 -2.01E-06
 -1.78E-06 -1.54E-06 -1.32E-06 -1.13E-06 -9.31E-07 -7.22E-07 -5.99E-07 -5.49E-07
 -5.35E-07 -5.09E-07 -4.53E-07 -4.02E-07 -3.45E-07 -2.91E-07 -2.57E-07 -2.13E-07
   6.0175482632651471     
  0.00E+00 -6.36E-07 -1.55E-06 -1.69E-07 -5.75E-06 -3.21E-05 -6.36E-05 -1.14E-04
 -1.32E-04 -1.36E-04 -1.29E-04 -8.43E-05 -3.75E-05  3.38E-05  1.14E-04  1.08E-04
  1.32E-04  7.13E-05  1.42E-05  9.79E-06  2.06E-05  2.13E-05  1.40E-05  1.54E-05
  1.04E-05  1.05E-05  6.50E-06  5.35E-06  3.94E-06  3.73E-06  3.37E-06  2.88E-06
  2.86E-06  2.03E-06  1.38E-06  9.17E-07  8.55E-07  7.58E-07  6.82E-07  6.18E-07
  5.95E-07  4.43E-07  3.44E-07  2.55E-07  1.79E-07  1.49E-07  1.21E-07  1.12E-07
  7.82E-08  5.91E-08  4.89E-08  4.26E-08  3.76E-08  3.27E-08  2.95E-08  1.99E-08
  1.31E-08  1.08E-08  9.22E-09  8.03E-09  7.86E-09  6.52E-09  5.91E-09  4.87E-09
   8.0121013006781361     
  0.00E+00  1.45E-07 -5.70E-06 -8.17E-06 -1.32E-05  5.39E-06  8.52E-06 -1.18E-05
 -5.90E-05 -7.24E-05  2.09E-05  4.23E-06  2.76E-05  9.75E-07  6.20E-06  1.78E-05
  5.22E-06 -2.34E-06 -9.58E-07  8.69E-06  7.42E-06  6.31E-06  2.95E-06  2.43E-06
  1.39E-06  1.04E-06  1.28E-06  9.23E-07  4.45E-07  3.83E-07  2.22E-07  1.52E-07
  1.88E-07  1.27E-07  1.22E-07  5.62E-08 -6.11E-09 -2.38E-08 -1.13E-08  4.97E-09
  9.88E-09  4.49E-10  1.41E-09  6.29E-09  2.95E-09  1.59E-09  3.41E-09  3.79E-09
  1.19E-09  6.81E-10  2.97E-10  1.22E-10 -1.27E-10  2.67E-10  3.90E-10 -6.35E-10
 -1.02E-09 -9.84E-10 -9.43E-10 -7.75E-10 -7.43E-10 -6.08E-10 -3.72E-10 -3.94E-10
   10.012243397747243     
  0.00E+00  1.49E-06 -8.78E-07 -3.43E-06 -5.05E-06 -5.98E-06 -1.83E-05 -9.63E-06
 -2.54E-05  8.78E-06 -2.41E-05 -3.84E-07  4.99E-06  1.47E-05  1.13E-05  8.66E-06
  4.97E-06  3.36E-06  2.68E-06  1.92E-06  1.09E-06  7.68E-07  8.73E-09 -2.86E-07
 -3.33E-07 -2.12E-07 -4.75E-08 -1.24E-07 -1.11E-07 -7.43E-08 -8.50E-08 -2.92E-08
 -3.95E-08 -3.97E-08 -4.14E-08 -3.22E-08 -3.82E-08 -3.45E-08 -2.56E-08 -1.74E-08
 -1.53E-08 -1.36E-08 -1.22E-08 -1.00E-08 -7.38E-09 -6.12E-09 -4.61E-09 -3.34E-09
 -3.10E-09 -2.77E-09 -2.27E-09 -1.58E-09 -1.47E-09 -1.26E-09 -9.81E-10 -8.01E-10
 -7.03E-10 -5.42E-10 -4.71E-10 -3.64E-10 -2.83E-10 -2.36E-10 -1.46E-10 -1.45E-10
   12.011236499487735     
  0.00E+00 -1.15E-06 -4.68E-06 -1.05E-05 -2.82E-05  1.33E-05  4.93E-05  4.27E-06
 -1.20E-06  2.12E-07 -5.75E-06  4.58E-06  9.31E-06  2.91E-06  1.54E-06  4.03E-07
 -5.49E-07 -5.66E-07  1.93E-07  5.69E-07  3.59E-07  3.56E-07  3.58E-07  2.23E-07
  2.30E-07  1.46E-07  9.24E-08  1.01E-07  6.91E-08  5.54E-08  3.57E-08  2.62E-08
  9.18E-09  6.98E-09  1.21E-08  1.10E-08  9.40E-09  7.00E-09  5.00E-09  2.35E-09
  1.57E-09  1.59E-09  1.55E-09  4.83E-10  1.33E-09  7.10E-10  5.64E-10  3.18E-10
  9.56E-11  1.02E-10  5.41E-11  9.11E-11  2.49E-10  7.19E-11  2.63E-11  7.55E-11
  1.59E-11  5.97E-11  3.43E-11  3.40E-11  1.98E-11  3.33E-13 -3.52E-12 -6.77E-12
   14.018227014620168     
  0.00E+00  2.21E-06 -1.21E-07 -8.43E-06 -3.12E-05  9.54E-06  2.39E-05  9.77E-07
  8.13E-06  7.65E-06  7.84E-06  4.80E-06  3.20E-06  2.19E-06  1.36E-06  1.24E-06
  9.99E-07  9.97E-07  9.00E-07  6.20E-07  4.55E-07  3.46E-07  1.96E-07  1.62E-07
  8.10E-08  6.73E-08  4.07E-08  2.99E-08  1.54E-08  1.97E-08  1.98E-08  1.37E-08
  1.24E-08  1.28E-08  9.53E-09  7.73E-09  7.09E-09  6.42E-09  4.99E-09  4.22E-09
  4.12E-09  3.77E-09  2.89E-09  2.26E-09  1.88E-09  1.49E-09  1.34E-09  1.02E-09
  9.04E-10  8.15E-10  7.73E-10  6.14E-10  5.15E-10  4.49E-10  3.69E-10  3.28E-10
  2.83E-10  2.26E-10  1.93E-10  1.61E-10  1.34E-10  1.12E-10  8.84E-11  7.61E-11
   16.012449174488459     
  0.00E+00  3.64E-07  1.61E-06 -6.03E-06 -9.92E-06  2.09E-06  1.62E-05  5.37E-06
  1.78E-06  4.11E-06  2.05E-06  9.08E-07  5.72E-07  1.06E-06  7.40E-07  4.08E-07
  4.21E-07  3.14E-07  1.70E-07  1.41E-07  9.80E-08  1.09E-07  6.95E-08  4.05E-08
  3.98E-08  1.68E-08  1.73E-08  1.33E-08  1.01E-08  8.84E-09  6.89E-09  4.62E-09
  4.95E-09  4.11E-09  3.52E-09  2.97E-09  1.68E-09  1.44E-09  1.33E-09  1.10E-09
  7.75E-10  9.67E-10  6.80E-10  4.42E-10  3.76E-10  3.38E-10  2.96E-10  2.08E-10
  2.05E-10  1.33E-10  1.40E-10  1.41E-10  1.25E-10  1.19E-10  9.73E-11  8.74E-11
  6.78E-11  6.14E-11  4.69E-11  4.54E-11  3.55E-11  3.08E-11  2.14E-11  2.10E-11
   18.017355660989999     
  0.00E+00 -1.09E-06  4.27E-06 -3.48E-06 -6.80E-06  4.25E-06  5.52E-06 -8.22E-07
  6.22E-07  2.76E-07 -6.60E-07 -3.91E-07  1.78E-08  1.90E-07  6.84E-08 -4.25E-09
 -1.44E-08 -9.48E-09 -4.42E-08 -2.91E-08 -3.26E-08 -1.21E-08  5.46E-10 -1.62E-09
 -1.66E-09  9.91E-11 -8.52E-10 -1.58E-09 -9.63E-10 -5.31E-10 -9.31E-10 -6.64E-10
 -5.93E-10 -3.23E-10 -4.44E-10 -4.11E-10 -2.43E-10 -3.19E-10 -3.21E-10 -4.38E-10
 -2.74E-10 -3.34E-10 -1.93E-10 -1.79E-10 -1.74E-10 -1.11E-10 -6.85E-11 -7.62E-11
 -7.49E-11 -5.98E-11 -2.29E-11 -3.38E-11 -1.06E-11 -1.03E-11 -9.72E-12 -9.18E-12
 -1.31E-11 -8.79E-12 -9.09E-12 -9.87E-12 -5.73E-12 -5.04E-12 -3.67E-12 -2.29E-12
   20.019283150327841     
  0.00E+00 -1.26E-06  4.85E-06 -2.00E-06 -3.49E-06 -1.13E-06  1.80E-06  1.12E-06
  2.70E-07  3.04E-08 -1.81E-08 -1.02E-07 -3.68E-08  4.25E-08 -1.43E-08 -3.77E-08
 -2.23E-09 -1.77E-08 -2.16E-08 -1.64E-08 -1.56E-08 -8.68E-09 -6.26E-09 -2.68E-09
 -2.09E-09 -2.94E-09 -1.77E-09 -1.05E-09 -8.55E-11 -3.18E-10  5.38E-10 -2.07E-11
 -2.16E-10 -9.52E-11 -1.35E-10 -1.15E-10 -2.68E-12  1.14E-10  1.25E-11  1.05E-10
  1.25E-10  1.18E-10  4.57E-11  5.87E-11  1.42E-11  1.92E-11  1.73E-11 -3.00E-12
  9.86E-12 -1.05E-12  1.08E-11 -1.31E-12 -6.78E-12  1.76E-12 -7.96E-12 -7.95E-13
 -3.57E-12 -5.08E-12 -2.60E-12 -5.57E-12 -2.16E-12 -3.94E-12 -1.28E-12 -1.54E-12
   22.019080939313582     
  0.00E+00 -7.74E-07  2.96E-06  2.05E-06 -1.33E-06 -3.26E-06  1.48E-06  8.42E-07
  3.22E-07  2.17E-07  2.65E-07  1.87E-07  1.14E-07  4.95E-08  4.88E-08  1.32E-08
  1.94E-09 -5.53E-09  6.64E-09  1.09E-09  1.51E-09 -2.87E-09 -1.12E-09 -6.97E-10
 -3.09E-10  1.47E-09  3.68E-10  9.56E-10  1.03E-09  7.65E-10  1.41E-09  6.93E-10
  8.71E-10  6.40E-10  5.50E-10  5.61E-10  3.68E-10  3.86E-10  2.94E-10  2.29E-10
  2.56E-10  2.44E-10  2.14E-10  1.79E-10  1.43E-10  1.13E-10  1.08E-10  8.63E-11
  8.32E-11  7.01E-11  5.66E-11  5.70E-11  4.97E-11  5.17E-11  4.47E-11  3.90E-11
  3.53E-11  3.21E-11  2.78E-11  2.34E-11  2.19E-11  1.74E-11  1.55E-11  1.27E-11
   24.013148899670345     
  0.00E+00 -7.26E-08  1.53E-06  4.20E-06 -2.70E-06 -2.99E-06  2.82E-07  7.00E-07
  2.10E-07  1.28E-07  2.05E-07  1.11E-07  5.79E-08  3.64E-08  2.12E-08  2.30E-10
  3.00E-09  3.39E-09  8.77E-09  4.50E-09  2.39E-09  9.83E-10  8.55E-10  7.94E-10
  3.18E-10  5.15E-10  7.94E-10  7.52E-10  4.18E-10  2.84E-10  6.73E-10  8.55E-10
  5.80E-10  5.06E-10  5.45E-10  3.23E-10  2.68E-10  2.08E-10  1.85E-10  1.19E-10
  1.26E-10  1.04E-10  8.35E-11  9.73E-11  7.99E-11  6.46E-11  5.23E-11  4.30E-11
  3.69E-11  3.68E-11  3.02E-11  2.97E-11  2.45E-11  2.13E-11  2.19E-11  1.96E-11
  1.95E-11  1.97E-11  1.76E-11  1.68E-11  1.46E-11  1.26E-11  1.12E-11  8.71E-12
   26.011647996395887     
  0.00E+00  2.93E-07  7.15E-07  3.87E-06 -2.80E-06 -2.14E-06  2.11E-07  6.91E-07
  1.41E-07  5.75E-08  1.09E-07  3.84E-08  1.82E-08  3.37E-08  1.09E-08  1.00E-08
  1.64E-09  6.96E-09  2.94E-09  1.33E-09  1.82E-09  3.87E-09  3.56E-09  1.52E-09
  9.92E-10  1.53E-09  8.40E-10  8.93E-10  7.24E-10  5.78E-10  5.40E-10  4.59E-10
  3.28E-10  3.21E-10  2.95E-10  2.58E-10  1.68E-10  1.14E-10  1.31E-10  9.31E-11
  9.15E-11  6.73E-11  7.03E-11  6.22E-11  6.03E-11  5.41E-11  4.00E-11  3.40E-11
  3.34E-11  3.08E-11  2.77E-11  2.44E-11  2.23E-11  2.00E-11  1.67E-11  1.45E-11
  1.15E-11  9.85E-12  7.86E-12  6.10E-12  5.21E-12  3.85E-12  3.44E-12  2.68E-12
   28.020977254108981     
  0.00E+00  1.99E-07  6.69E-07  2.79E-06 -1.57E-06 -1.33E-06  3.02E-07  4.07E-07
  1.33E-07  2.04E-08  6.32E-08  2.84E-08  9.64E-09  1.15E-08 -3.05E-10  1.80E-09
  2.55E-09  5.32E-09  2.25E-09  2.26E-09  2.21E-09  1.27E-09  1.46E-09  7.99E-10
  6.88E-10  1.14E-09  1.01E-09  9.91E-10  7.92E-10  6.93E-10  5.53E-10  4.56E-10
  4.35E-10  3.55E-10  2.67E-10  2.23E-10  1.69E-10  1.40E-10  1.10E-10  9.01E-11
  7.00E-11  6.28E-11  4.43E-11  3.94E-11  3.65E-11  2.69E-11  2.68E-11  2.14E-11
  2.01E-11  1.90E-11  1.52E-11  1.43E-11  1.14E-11  1.03E-11  9.24E-12  7.08E-12
  5.90E-12  4.51E-12  3.66E-12  2.65E-12  2.19E-12  1.69E-12  1.33E-12  1.08E-12
   30.012144725052792     
  0.00E+00  5.75E-08  5.05E-07  1.78E-06 -5.78E-07 -4.04E-07  2.78E-07  2.80E-07
  9.98E-08  2.36E-08  4.74E-08  1.99E-08  3.98E-09  6.30E-09  1.66E-09  1.59E-10
  1.69E-09  1.17E-09  1.32E-09  2.48E-09  1.10E-09  1.44E-09  1.33E-09  9.94E-10
  8.12E-10  6.96E-10  5.10E-10  5.97E-10  5.46E-10  6.02E-10  5.32E-10  3.74E-10
  2.81E-10  2.63E-10  2.08E-10  1.78E-10  1.70E-10  1.38E-10  9.67E-11  8.64E-11
  6.47E-11  4.75E-11  4.04E-11  3.58E-11  2.65E-11  2.23E-11  1.79E-11  1.22E-11
  1.05E-11  1.07E-11  7.62E-12  6.24E-12  5.82E-12  4.90E-12  3.75E-12  3.08E-12
  2.42E-12  2.03E-12  1.50E-12  1.18E-12  8.58E-13  6.77E-13  5.29E-13  4.08E-13
   32.015487561634636     
  0.00E+00  4.13E-08  2.72E-07  1.14E-06 -1.11E-07  8.35E-08  2.10E-07  1.99E-07
  8.92E-08  6.32E-08  2.44E-08  2.26E-08  6.50E-09  4.78E-09  4.06E-09  1.00E-09
  1.66E-09  1.74E-09  1.67E-09  1.72E-09  1.03E-09  1.15E-09  9.45E-10  9.83E-10
  8.60E-10  6.25E-10  4.69E-10  4.48E-10  3.85E-10  3.91E-10  2.86E-10  2.01E-10
  2.12E-10  1.98E-10  1.55E-10  1.11E-10  1.03E-10  7.75E-11  6.32E-11  4.68E-11
  3.79E-11  3.28E-11  2.17E-11  1.83E-11  1.50E-11  1.16E-11  9.99E-12  7.72E-12
  6.60E-12  5.40E-12  4.28E-12  2.88E-12  2.64E-12  2.00E-12  1.45E-12  1.17E-12
  1.00E-12  8.03E-13  7.21E-13  5.71E-13  4.45E-13  3.52E-13  3.07E-13  2.55E-13
   34.015657541174647     
  0.00E+00  7.86E-08 -2.30E-09  7.21E-07  1.06E-07  1.17E-07  1.60E-07  1.60E-07
  9.16E-08  5.52E-08  2.84E-08  1.71E-08  7.50E-09  6.03E-09  4.15E-09  2.15E-09
  2.08E-09  1.66E-09  1.43E-09  1.26E-09  9.79E-10  7.13E-10  6.72E-10  6.83E-10
  6.74E-10  6.37E-10  4.12E-10  3.41E-10  2.98E-10  2.12E-10  1.82E-10  1.50E-10
  1.25E-10  9.81E-11  8.92E-11  7.51E-11  6.51E-11  5.40E-11  4.22E-11  3.00E-11
  2.68E-11  2.25E-11  1.69E-11  1.38E-11  1.10E-11  9.35E-12  6.59E-12  5.35E-12
  4.01E-12  3.16E-12  2.34E-12  1.96E-12  1.73E-12  1.42E-12  1.18E-12  1.05E-12
  8.36E-13  7.10E-13  5.31E-13  4.28E-13  3.05E-13  2.36E-13  1.79E-13  1.15E-13
   36.016540193639258     
  0.00E+00  8.36E-08 -2.20E-07  4.36E-07  8.19E-08  7.59E-08  7.95E-08  1.27E-07
  6.67E-08  4.80E-08  2.25E-08  1.72E-08  9.07E-09  3.64E-09  3.55E-09  1.81E-09
  1.49E-09  9.47E-10  9.85E-10  8.33E-10  6.30E-10  5.61E-10  5.88E-10  4.15E-10
  3.72E-10  3.86E-10  2.96E-10  2.97E-10  2.17E-10  1.77E-10  1.34E-10  9.83E-11
  7.56E-11  6.03E-11  5.62E-11  4.49E-11  3.54E-11  2.69E-11  2.37E-11  1.99E-11
  1.87E-11  1.63E-11  1.35E-11  1.09E-11  8.53E-12  6.46E-12  4.66E-12  3.80E-12
  2.73E-12  2.04E-12  1.56E-12  1.30E-12  9.21E-13  7.27E-13  5.77E-13  4.78E-13
  3.31E-13  2.97E-13  2.37E-13  1.97E-13  1.63E-13  1.24E-13  1.02E-13  8.28E-14
   38.015110552460683     
  0.00E+00  6.71E-08 -2.17E-07  2.53E-07  3.71E-08  1.93E-08  4.18E-08  6.51E-08
  5.17E-08  3.24E-08  1.59E-08  1.14E-08  7.51E-09  3.88E-09  2.57E-09  1.38E-09
  6.93E-10  8.70E-10  5.91E-10  3.64E-10  3.26E-10  3.40E-10  2.27E-10  1.80E-10
  2.56E-10  2.66E-10  1.90E-10  1.73E-10  1.46E-10  1.21E-10  9.51E-11  7.37E-11
  4.59E-11  4.29E-11  3.46E-11  2.46E-11  1.92E-11  1.57E-11  1.45E-11  1.18E-11
  9.93E-12  7.24E-12  6.25E-12  5.19E-12  4.15E-12  3.55E-12  2.58E-12  2.18E-12
  1.47E-12  1.05E-12  6.40E-13  3.98E-13  2.00E-13  1.93E-13  3.98E-14  7.91E-14
  4.50E-14  5.46E-14  1.99E-14  2.75E-14  2.48E-15  1.80E-15 -8.91E-15 -1.37E-14
   40.012819898455028     
  0.00E+00  2.38E-08 -9.29E-08  1.68E-07 -1.38E-08 -3.49E-09  3.03E-08  3.38E-08
  2.61E-08  2.07E-08  9.36E-09  5.98E-09  4.26E-09  3.20E-09  2.20E-09  1.08E-09
  8.01E-10  4.83E-10  4.40E-10  1.97E-10  2.01E-10  1.34E-10  1.47E-10  7.83E-11
  5.80E-11  9.83E-11  1.17E-10  1.05E-10  9.51E-11  6.95E-11  6.65E-11  5.16E-11
  3.83E-11  2.91E-11  2.05E-11  1.39E-11  1.30E-11  8.94E-12  8.04E-12  6.44E-12
  4.54E-12  3.62E-12  3.30E-12  2.44E-12  1.40E-12  1.25E-12  1.18E-12  9.69E-13
  6.52E-13  5.05E-13  3.38E-13  2.83E-13  1.09E-13  3.47E-14 -2.63E-14 -3.96E-14
 -3.18E-14 -6.72E-14 -5.03E-14 -5.22E-14 -3.94E-14 -3.20E-14 -2.36E-14 -2.02E-14
   42.014869684977860     
  0.00E+00 -1.54E-08 -2.48E-08  1.70E-07 -3.67E-08  5.04E-09  2.20E-08  2.32E-08
  1.30E-08  8.96E-09  5.69E-09  4.63E-09  1.42E-09  2.06E-09  1.63E-09  8.43E-10
  8.21E-10  4.86E-10  2.79E-10  1.81E-10  9.08E-11  9.85E-11  1.22E-10  9.24E-11
  6.07E-11  4.71E-11  3.66E-11  4.46E-11  4.42E-11  3.58E-11  3.60E-11  3.78E-11
  2.43E-11  2.20E-11  1.69E-11  1.12E-11  8.11E-12  5.93E-12  5.66E-12  4.06E-12
  2.62E-12  1.43E-12  6.89E-13  5.44E-13  5.58E-13  3.20E-13  4.55E-14  3.55E-14
  9.48E-14 -4.33E-14 -1.14E-13 -2.52E-15 -5.45E-14 -5.11E-14 -7.29E-14 -8.06E-14
 -6.20E-14 -8.65E-14 -5.34E-14 -5.89E-14 -5.48E-14 -4.40E-14 -4.35E-14 -3.27E-14
   44.014606268313464     
  0.00E+00 -3.87E-08  2.36E-09  2.11E-07 -1.76E-08  1.11E-08  1.60E-08  1.82E-08
  8.71E-09  3.54E-09  2.83E-09  3.90E-09  6.33E-10  1.16E-09  8.83E-10  7.94E-10
  6.98E-10  3.98E-10  2.43E-10  2.23E-10  9.89E-11  9.77E-11  1.01E-10  9.60E-11
  6.08E-11  3.58E-11  3.33E-11  2.87E-11  2.49E-11  2.26E-11  2.41E-11  1.82E-11
  1.44E-11  1.33E-11  9.61E-12  8.69E-12  6.71E-12  5.35E-12  4.23E-12  2.21E-12
  1.92E-12  1.63E-12  1.07E-12  3.86E-13  2.78E-13  5.35E-14 -6.77E-14 -7.36E-14
 -1.59E-13 -1.90E-13 -1.71E-13 -1.54E-13 -8.05E-14 -6.85E-14 -1.06E-13 -8.71E-14
 -6.38E-14 -4.63E-14 -4.25E-14 -3.79E-14 -2.65E-14 -2.31E-14 -1.98E-14 -1.50E-14
   46.014997171668547     
  0.00E+00 -5.36E-08  2.50E-08  2.42E-07  1.28E-08  6.49E-09  1.27E-08  1.16E-08
  8.72E-09  3.55E-09  8.93E-10  2.39E-09  1.03E-09  7.03E-10  4.32E-10  5.12E-10
  5.88E-10  3.64E-10  2.77E-10  1.90E-10  1.64E-10  1.02E-10  8.75E-11  5.94E-11
  4.89E-11  3.74E-11  3.63E-11  2.58E-11  1.50E-11  1.83E-11  1.26E-11  1.34E-11
  1.12E-11  8.32E-12  5.70E-12  5.95E-12  4.77E-12  3.40E-12  3.12E-12  2.08E-12
  1.47E-12  1.03E-12  8.92E-13  7.41E-13  5.28E-13  3.27E-13  5.72E-14  2.98E-15
  3.04E-14  2.06E-14  8.61E-15  5.42E-15 -1.87E-14 -1.98E-15 -9.49E-16 -7.62E-15
 -1.69E-15 -3.56E-15 -3.16E-15 -4.54E-15 -4.32E-15 -3.33E-15 -5.58E-15 -5.42E-15
   48.023061465411686     
  0.00E+00 -5.67E-08  4.61E-08  2.41E-07  3.36E-08  4.57E-09  9.38E-09  6.71E-09
  7.43E-09  3.96E-09  4.03E-10  1.31E-09  9.60E-10  5.84E-10  3.69E-10  2.64E-10
  4.05E-10  3.44E-10  2.57E-10  1.55E-10  1.69E-10  1.26E-10  8.30E-11  4.64E-11
  2.94E-11  2.15E-11  1.55E-11  2.23E-11  1.92E-11  1.47E-11  7.57E-12  7.18E-12
  6.85E-12  5.70E-12  5.29E-12  3.57E-12  2.93E-12  2.42E-12  1.97E-12  1.62E-12
  9.02E-13  6.66E-13  5.82E-13  3.66E-13  2.78E-13  1.78E-13  1.15E-13  1.19E-13
  8.62E-14  5.49E-14  1.04E-14  3.46E-14  4.24E-14  4.24E-14  2.68E-14  1.70E-14
  2.02E-14  1.87E-14  1.61E-14  7.10E-15  5.35E-15  6.34E-15  3.82E-15  2.87E-15
   50.022952978596898     
  0.00E+00 -5.31E-08  5.54E-08  2.18E-07  3.53E-08  4.10E-09  6.53E-09  4.61E-09
  4.97E-09  3.52E-09  6.92E-10  8.41E-10  7.14E-10  5.39E-10  3.58E-10  2.34E-10
  2.57E-10  2.80E-10  2.20E-10  1.40E-10  1.12E-10  9.76E-11  7.02E-11  4.16E-11
  3.19E-11  1.51E-11  7.24E-12  1.03E-11  1.01E-11  1.28E-11  7.67E-12  4.89E-12
  3.44E-12  4.54E-12  4.50E-12  3.42E-12  2.66E-12  2.01E-12  1.62E-12  1.16E-12
  7.52E-13  6.88E-13  3.97E-13  2.80E-13  2.83E-13  2.15E-13  1.04E-13  5.37E-14
  4.30E-14  5.04E-14  3.54E-14  2.33E-14  1.73E-14  1.97E-14  2.45E-14  1.77E-14
  1.89E-14  1.16E-14  1.07E-14  9.28E-15  9.64E-15  6.75E-15  3.91E-15  2.76E-15
   52.013477321470987     
  0.00E+00 -4.64E-08  6.25E-08  1.88E-07  3.14E-08  1.49E-09  3.63E-09  3.00E-09
  3.00E-09  2.63E-09  7.10E-10  6.84E-10  4.93E-10  4.38E-10  3.62E-10  2.24E-10
  1.81E-10  2.01E-10  1.80E-10  1.03E-10  7.68E-11  6.59E-11  5.41E-11  3.22E-11
  2.70E-11  1.92E-11  7.80E-12  2.75E-12  5.11E-12  9.20E-12  4.71E-12  3.79E-12
  2.68E-12  3.22E-12  3.00E-12  2.63E-12  2.16E-12  1.63E-12  9.37E-13  7.62E-13
  7.82E-13  5.43E-13  3.33E-13  3.44E-13  2.89E-13  2.07E-13  1.39E-13  1.01E-13
  5.29E-14  4.07E-14  3.92E-14  3.72E-14  2.66E-14  1.24E-14  1.05E-14  1.27E-14
  1.26E-14  9.06E-15  7.16E-15  6.40E-15  4.27E-15  3.77E-15  2.92E-15  2.37E-15
   54.018683766080834     
  0.00E+00 -3.88E-08  6.95E-08  1.60E-07  3.14E-08 -4.64E-10  2.24E-09  2.23E-09
  2.15E-09  1.82E-09  7.27E-10  6.14E-10  5.07E-10  4.42E-10  4.25E-10  1.98E-10
  1.56E-10  1.46E-10  1.33E-10  9.41E-11  6.48E-11  5.34E-11  4.32E-11  2.30E-11
  2.39E-11  2.31E-11  1.73E-11  8.21E-12  6.31E-12  5.11E-12  4.36E-12  3.11E-12
  2.66E-12  2.20E-12  2.28E-12  1.85E-12  1.58E-12  1.23E-12  9.18E-13  6.55E-13
  6.19E-13  5.38E-13  4.08E-13  3.06E-13  2.57E-13  2.44E-13  1.84E-13  1.39E-13
  1.01E-13  7.16E-14  4.16E-14  3.34E-14  2.89E-14  2.07E-14  1.49E-14  1.27E-14
  1.05E-14  8.36E-15  6.66E-15  4.70E-15  4.12E-15  3.69E-15  2.78E-15  1.94E-15
   56.013705268456391     
  0.00E+00 -3.29E-08  7.27E-08  1.35E-07  3.04E-08 -3.99E-10  1.83E-09  1.91E-09
  2.18E-09  1.32E-09  6.61E-10  4.91E-10  5.21E-10  5.51E-10  4.33E-10  1.67E-10
  1.29E-10  1.27E-10  1.01E-10  7.95E-11  6.11E-11  5.98E-11  3.56E-11  2.07E-11
  2.04E-11  2.36E-11  2.10E-11  1.53E-11  1.12E-11  6.24E-12  4.79E-12  3.42E-12
  2.64E-12  2.22E-12  1.86E-12  1.57E-12  1.37E-12  1.17E-12  8.93E-13  6.78E-13
  6.40E-13  6.02E-13  4.44E-13  3.06E-13  2.32E-13  1.98E-13  1.67E-13  1.33E-13
  1.08E-13  8.52E-14  6.14E-14  4.06E-14  2.90E-14  2.02E-14  1.66E-14  1.17E-14
  8.94E-15  6.90E-15  5.82E-15  4.22E-15  3.22E-15  2.36E-15  2.00E-15  1.53E-15
   58.023036548069285     
  0.00E+00 -2.72E-08  7.23E-08  1.12E-07  2.20E-08 -2.90E-10  5.66E-10  1.28E-09
  2.06E-09  9.48E-10  4.84E-10  2.93E-10  4.11E-10  5.61E-10  3.73E-10  1.21E-10
  9.84E-11  9.55E-11  7.62E-11  5.39E-11  5.40E-11  4.97E-11  2.66E-11  1.94E-11
  1.68E-11  1.83E-11  1.51E-11  1.40E-11  1.16E-11  6.81E-12  4.20E-12  3.24E-12
  2.32E-12  1.88E-12  1.47E-12  1.30E-12  1.13E-12  9.06E-13  7.48E-13  6.80E-13
  5.73E-13  4.65E-13  3.62E-13  3.00E-13  2.23E-13  1.64E-13  1.26E-13  1.04E-13
  8.18E-14  6.24E-14  4.76E-14  3.62E-14  2.58E-14  1.69E-14  1.27E-14  8.72E-15
  6.67E-15  5.05E-15  3.38E-15  2.47E-15  1.86E-15  1.30E-15  1.01E-15  7.59E-16
   60.013050583194314     
  0.00E+00 -2.37E-08  6.80E-08  9.25E-08  1.30E-08 -2.80E-10 -1.01E-09  5.51E-10
  1.48E-09  7.15E-10  3.15E-10  1.77E-10  3.40E-10  4.68E-10  2.76E-10  8.37E-11
  7.83E-11  7.66E-11  5.86E-11  3.66E-11  4.12E-11  2.52E-11  2.08E-11  1.60E-11
  1.35E-11  1.26E-11  1.04E-11  9.93E-12  8.99E-12  5.96E-12  3.71E-12  2.48E-12
  1.77E-12  1.09E-12  9.90E-13  7.90E-13  7.14E-13  6.19E-13  5.21E-13  4.10E-13
  3.82E-13  3.58E-13  3.02E-13  2.39E-13  1.84E-13  1.47E-13  1.07E-13  8.37E-14
  6.43E-14  4.95E-14  3.88E-14  3.02E-14  2.24E-14  1.54E-14  1.08E-14  7.57E-15
  5.41E-15  3.84E-15  2.68E-15  1.93E-15  1.34E-15  8.81E-16  5.80E-16  3.49E-16
   62.018363370855887     
  0.00E+00 -1.94E-08  6.11E-08  7.70E-08  6.82E-09 -4.31E-10 -2.11E-09 -1.67E-10
  9.20E-10  6.06E-10  2.31E-10  1.78E-10  3.18E-10  3.70E-10  1.82E-10  5.90E-11
  7.57E-11  7.24E-11  5.18E-11  2.86E-11  2.47E-11  1.24E-11  1.44E-11  1.26E-11
  1.00E-11  8.67E-12  7.05E-12  6.38E-12  6.49E-12  4.84E-12  3.12E-12  2.01E-12
  1.41E-12  9.31E-13  6.34E-13  4.44E-13  3.28E-13  3.08E-13  3.03E-13  2.24E-13
  2.11E-13  2.23E-13  1.97E-13  1.80E-13  1.37E-13  1.26E-13  9.09E-14  6.93E-14
  5.23E-14  3.89E-14  3.19E-14  2.35E-14  1.82E-14  1.30E-14  9.46E-15  6.53E-15
  4.66E-15  3.14E-15  2.19E-15  1.56E-15  1.10E-15  6.62E-16  3.61E-16  2.36E-16
   64.013427305126001     
  0.00E+00 -1.39E-08  5.48E-08  6.34E-08  2.27E-09  2.93E-11 -2.35E-09 -5.11E-10
  6.12E-10  6.03E-10  2.89E-10  2.65E-10  2.88E-10  3.00E-10  1.19E-10  5.38E-11
  7.44E-11  7.00E-11  4.83E-11  2.35E-11  1.73E-11  1.20E-11  1.00E-11  1.02E-11
  7.88E-12  7.19E-12  4.83E-12  4.58E-12  5.08E-12  3.99E-12  2.65E-12  1.85E-12
  1.31E-12  1.03E-12  7.64E-13  5.53E-13  3.97E-13  2.99E-13  2.53E-13  1.86E-13
  1.70E-13  1.73E-13  1.56E-13  1.28E-13  9.91E-14  9.08E-14  7.34E-14  5.61E-14
  4.06E-14  3.21E-14  2.52E-14  1.93E-14  1.39E-14  1.05E-14  8.24E-15  5.85E-15
  3.81E-15  2.91E-15  2.11E-15  1.45E-15  1.08E-15  7.10E-16  5.18E-16  3.11E-16
   66.019831170378865     
  0.00E+00 -9.61E-09  4.89E-08  5.04E-08 -1.17E-09  2.17E-10 -2.37E-09 -6.37E-10
  3.89E-10  5.26E-10  3.45E-10  3.05E-10  2.25E-10  2.40E-10  8.39E-11  4.85E-11
  6.72E-11  6.23E-11  3.54E-11  2.07E-11  1.38E-11  9.84E-12  7.69E-12  8.47E-12
  6.34E-12  4.33E-12  4.07E-12  3.29E-12  3.43E-12  2.86E-12  2.20E-12  1.37E-12
  1.07E-12  9.55E-13  6.14E-13  5.09E-13  4.02E-13  3.21E-13  2.27E-13  1.54E-13
  1.40E-13  1.24E-13  1.06E-13  8.77E-14  7.17E-14  6.27E-14  4.74E-14  3.56E-14
  2.88E-14  2.20E-14  1.76E-14  1.26E-14  9.74E-15  7.39E-15  5.80E-15  4.29E-15
  2.87E-15  2.25E-15  1.76E-15  1.14E-15  8.65E-16  6.20E-16  5.27E-16  3.32E-16
   68.014261245293170     
  0.00E+00 -7.51E-09  4.30E-08  4.00E-08 -2.72E-09  7.59E-11 -2.28E-09 -8.01E-10
  2.05E-10  4.00E-10  3.47E-10  2.79E-10  1.82E-10  1.80E-10  6.87E-11  3.91E-11
  6.29E-11  4.85E-11  2.62E-11  1.91E-11  1.06E-11  6.17E-12  6.16E-12  5.59E-12
  4.52E-12  2.72E-12  2.48E-12  2.36E-12  2.14E-12  1.76E-12  1.22E-12  8.64E-13
  9.15E-13  7.60E-13  3.84E-13  3.47E-13  2.99E-13  2.47E-13  1.66E-13  1.30E-13
  1.21E-13  8.07E-14  5.83E-14  5.62E-14  5.01E-14  4.05E-14  2.88E-14  2.28E-14
  1.91E-14  1.46E-14  1.02E-14  7.86E-15  6.30E-15  4.68E-15  3.44E-15  2.73E-15
  2.08E-15  1.53E-15  1.15E-15  7.73E-16  6.16E-16  4.50E-16  3.43E-16  2.39E-16
   70.020504801134848     
  0.00E+00 -6.16E-09  3.76E-08  3.20E-08 -3.58E-09 -3.64E-10 -2.17E-09 -9.60E-10
  8.08E-11  2.92E-10  3.23E-10  2.39E-10  1.57E-10  1.34E-10  5.74E-11  3.56E-11
  5.77E-11  3.69E-11  2.16E-11  1.75E-11  9.44E-12  4.03E-12  4.16E-12  3.33E-12
  2.89E-12  1.67E-12  1.75E-12  1.57E-12  1.35E-12  9.78E-13  5.60E-13  6.06E-13
  7.06E-13  5.38E-13  3.17E-13  2.52E-13  2.35E-13  1.80E-13  1.19E-13  1.09E-13
  1.06E-13  7.12E-14  4.27E-14  4.16E-14  3.69E-14  2.66E-14  1.97E-14  1.69E-14
  1.48E-14  1.02E-14  6.85E-15  5.33E-15  4.48E-15  3.11E-15  2.10E-15  1.78E-15
  1.56E-15  1.09E-15  7.34E-16  5.90E-16  5.19E-16  3.58E-16  2.37E-16  1.97E-16
   72.015100426888665     
  0.00E+00 -4.21E-09  3.25E-08  2.41E-08 -4.29E-09 -1.10E-09 -2.15E-09 -9.95E-10
  3.24E-12  1.98E-10  2.72E-10  1.93E-10  1.20E-10  9.50E-11  4.88E-11  3.56E-11
  4.55E-11  2.60E-11  1.89E-11  1.58E-11  8.73E-12  2.75E-12  2.46E-12  2.13E-12
  1.14E-12  1.05E-12  1.30E-12  9.29E-13  6.75E-13  4.01E-13  1.72E-13  4.03E-13
  4.35E-13  3.11E-13  2.12E-13  2.00E-13  1.94E-13  1.14E-13  8.30E-14  9.11E-14
  8.16E-14  5.03E-14  3.95E-14  3.76E-14  2.75E-14  1.86E-14  1.45E-14  1.33E-14
  1.08E-14  7.35E-15  5.28E-15  4.48E-15  3.28E-15  2.00E-15  1.59E-15  1.37E-15
  1.07E-15  7.35E-16  5.63E-16  4.71E-16  3.83E-16  2.63E-16  1.97E-16  1.74E-16
   74.022162950983301     
  0.00E+00 -2.13E-09  2.72E-08  1.69E-08 -4.08E-09 -1.71E-09 -1.97E-09 -8.93E-10
 -4.29E-11  1.22E-10  2.22E-10  1.57E-10  8.22E-11  7.17E-11  5.02E-11  3.40E-11
  3.19E-11  1.61E-11  1.73E-11  1.38E-11  8.08E-12  1.93E-12  2.53E-12  8.33E-13
 -1.46E-14  6.87E-13  1.09E-12  6.53E-13  2.57E-13 -5.25E-14  9.21E-14  2.79E-13
  2.15E-13  1.39E-13  1.69E-13  1.64E-13  1.16E-13  7.95E-14  6.96E-14  6.48E-14
  4.83E-14  3.72E-14  3.48E-14  2.92E-14  1.85E-14  1.43E-14  1.25E-14  9.93E-15
  6.75E-15  5.34E-15  4.55E-15  3.29E-15  2.12E-15  1.54E-15  1.34E-15  9.55E-16
  6.37E-16  5.41E-16  4.56E-16  3.39E-16  2.27E-16  1.90E-16  1.61E-16  1.22E-16
   76.019504890194298     
  0.00E+00 -1.12E-09  2.26E-08  1.18E-08 -3.65E-09 -2.05E-09 -1.73E-09 -7.80E-10
 -6.87E-11  7.08E-11  1.90E-10  1.34E-10  5.87E-11  6.26E-11  5.64E-11  2.95E-11
  2.14E-11  1.13E-11  1.55E-11  1.15E-11  7.25E-12  2.34E-12  2.22E-12  3.38E-13
 -4.62E-13  5.94E-13  8.48E-13  5.02E-13  8.26E-14 -9.70E-14  7.77E-14  1.08E-13
  5.55E-14  1.26E-13  1.35E-13  9.36E-14  7.53E-14  5.94E-14  5.15E-14  3.60E-14
  2.91E-14  3.10E-14  2.50E-14  1.81E-14  1.35E-14  1.11E-14  8.74E-15  6.10E-15
  4.61E-15  4.10E-15  2.96E-15  1.99E-15  1.54E-15  1.15E-15  8.11E-16  5.38E-16
  4.31E-16  3.53E-16  2.59E-16  1.90E-16  1.48E-16  1.22E-16  8.35E-17  6.32E-17
   78.018288399615344     
  0.00E+00 -8.23E-10  1.94E-08  7.75E-09 -3.66E-09 -2.37E-09 -1.56E-09 -7.03E-10
 -7.75E-11  2.90E-11  1.51E-10  1.11E-10  4.11E-11  5.44E-11  5.74E-11  2.38E-11
  1.41E-11  8.33E-12  1.23E-11  9.05E-12  5.92E-12  2.40E-12  1.52E-12  8.88E-14
 -3.65E-13  5.40E-13  3.37E-13  3.84E-13  6.25E-14  5.87E-17  1.16E-15 -6.40E-14
 -5.71E-15  1.02E-13  7.65E-14  5.04E-14  6.09E-14  3.80E-14  2.17E-14  1.91E-14
  2.07E-14  1.99E-14  1.48E-14  1.30E-14  1.01E-14  7.68E-15  5.08E-15  4.07E-15
  3.09E-15  2.52E-15  1.87E-15  1.36E-15  1.01E-15  6.87E-16  4.78E-16  3.37E-16
  2.89E-16  1.96E-16  1.45E-16  1.13E-16  8.81E-17  6.64E-17  4.67E-17  3.67E-17
   80.016671384655652     
  0.00E+00 -4.56E-10  1.68E-08  4.27E-09 -3.92E-09 -2.79E-09 -1.45E-09 -6.45E-10
 -7.56E-11 -1.21E-11  9.68E-11  8.00E-11  2.67E-11  4.31E-11  4.91E-11  1.65E-11
  9.41E-12  6.74E-12  8.97E-12  6.49E-12  3.99E-12  1.61E-12  7.62E-13  4.84E-15
  9.93E-14  1.85E-13 -2.69E-14  2.16E-13  7.96E-14  1.66E-14 -9.50E-14 -1.31E-13
 -5.50E-14  2.99E-14  3.32E-14  3.27E-14  4.42E-14  2.23E-14  6.23E-15  7.62E-15
  1.15E-14  9.44E-15  8.89E-15  9.60E-15  6.76E-15  5.10E-15  3.52E-15  2.85E-15
  1.79E-15  1.56E-15  1.23E-15  9.52E-16  6.28E-16  4.24E-16  3.02E-16  1.93E-16
  1.68E-16  1.15E-16  9.83E-17  6.90E-17  5.19E-17  4.00E-17  3.12E-17  2.18E-17
   82.015637026620013     
  0.00E+00 -2.33E-10  1.38E-08  1.84E-09 -4.01E-09 -3.02E-09 -1.30E-09 -5.76E-10
 -6.40E-11 -4.68E-11  4.54E-11  5.20E-11  1.88E-11  3.53E-11  3.78E-11  1.16E-11
  7.29E-12  7.02E-12  7.36E-12  4.48E-12  2.27E-12  6.42E-13  3.28E-13  1.72E-13
  2.58E-13 -5.48E-14 -1.24E-13  8.16E-14  7.73E-14 -2.59E-14 -1.14E-13 -1.10E-13
 -8.17E-14 -3.11E-14  1.46E-14  1.32E-14  2.47E-14  1.94E-14  1.03E-14  1.44E-15
  4.26E-15  5.17E-15  5.61E-15  5.71E-15  5.03E-15  4.03E-15  2.30E-15  1.82E-15
  1.38E-15  1.09E-15  7.61E-16  6.03E-16  4.74E-16  2.99E-16  1.89E-16  1.20E-16
  1.01E-16  6.13E-17  5.50E-17  4.58E-17  3.87E-17  2.66E-17  1.83E-17  1.64E-17
   84.016076795226255     
  0.00E+00 -4.17E-11  1.09E-08  3.29E-10 -4.18E-09 -3.09E-09 -1.16E-09 -5.10E-10
 -5.83E-11 -6.48E-11  9.29E-12  3.07E-11  1.42E-11  3.17E-11  2.83E-11  1.05E-11
  6.64E-12  8.07E-12  6.86E-12  3.04E-12  9.08E-13  3.80E-14  1.91E-14  2.34E-13
  1.59E-13 -1.78E-13 -1.36E-13 -5.82E-15  1.61E-14 -6.57E-14 -7.00E-14 -9.72E-14
 -8.60E-14 -5.30E-14 -3.72E-15 -4.22E-15  5.10E-15  1.36E-14  9.77E-15  6.20E-16
  8.51E-16  1.98E-15  3.00E-15  3.20E-15  3.24E-15  3.14E-15  1.46E-15  1.23E-15
  9.16E-16  7.26E-16  4.56E-16  3.79E-16  3.03E-16  1.91E-16  1.29E-16  7.61E-17
  5.62E-17  3.09E-17  2.58E-17  1.96E-17  2.34E-17  1.83E-17  1.18E-17  9.76E-18
   86.017711897796275     
  0.00E+00  3.11E-10  8.88E-09 -9.56E-10 -4.51E-09 -3.10E-09 -1.10E-09 -4.59E-10
 -5.58E-11 -6.65E-11 -1.18E-11  1.38E-11  1.15E-11  2.75E-11  1.98E-11  9.77E-12
  6.40E-12  8.41E-12  5.98E-12  2.17E-12 -1.79E-13 -5.41E-13 -1.98E-13  2.77E-13
 -3.12E-14 -1.59E-13 -1.21E-13 -8.94E-14 -6.82E-14 -6.82E-14 -5.23E-14 -8.68E-14
 -6.87E-14 -5.28E-14 -1.67E-14 -1.13E-14 -5.29E-15  3.43E-15  1.94E-15  5.36E-16
 -1.00E-15 -2.20E-16  7.79E-16  1.46E-15  1.49E-15  1.65E-15  1.03E-15  7.87E-16
  4.35E-16  4.00E-16  2.91E-16  1.97E-16  1.52E-16  1.15E-16  8.10E-17  3.76E-17
  2.54E-17  1.65E-17  8.66E-18  4.53E-18  8.19E-18  9.30E-18  7.11E-18  5.01E-18
   88.020127822144545     
  0.00E+00  4.15E-10  7.41E-09 -2.05E-09 -4.75E-09 -3.05E-09 -1.06E-09 -4.08E-10
 -4.71E-11 -5.82E-11 -2.03E-11  2.05E-12  9.70E-12  2.02E-11  1.27E-11  7.41E-12
  5.99E-12  7.86E-12  4.76E-12  1.50E-12 -9.52E-13 -9.83E-13 -3.56E-13  8.08E-14
 -1.10E-13 -4.43E-14 -6.35E-14 -1.29E-13 -1.31E-13 -8.08E-14 -4.79E-14 -6.98E-14
 -4.89E-14 -4.26E-14 -2.72E-14 -1.07E-14 -5.75E-15 -4.63E-15 -4.70E-15 -1.09E-15
 -2.11E-15 -1.53E-15 -5.00E-16  2.71E-16  1.58E-16  4.55E-16  4.67E-16  3.01E-16
  1.68E-16  1.38E-16  1.34E-16  8.28E-17  5.86E-17  4.74E-17  2.66E-17  1.51E-17
  6.45E-18  2.99E-18 -5.27E-19 -4.24E-19 -6.03E-19  1.32E-18  2.35E-18  2.17E-18
   90.022864777919963     
  0.00E+00  1.79E-10  5.94E-09 -2.75E-09 -4.90E-09 -2.99E-09 -1.02E-09 -3.64E-10
 -4.24E-11 -5.34E-11 -2.41E-11 -7.80E-12  5.22E-12  1.24E-11  8.21E-12  4.71E-12
  4.87E-12  6.65E-12  3.82E-12  8.50E-13 -1.29E-12 -1.07E-12 -6.72E-13 -3.24E-13
 -1.64E-13 -1.67E-14 -5.23E-14 -1.31E-13 -1.58E-13 -1.23E-13 -6.86E-14 -5.96E-14
 -4.53E-14 -3.71E-14 -3.13E-14 -1.35E-14 -7.41E-15 -6.35E-15 -7.68E-15 -4.72E-15
 -3.96E-15 -2.04E-15 -1.43E-15 -5.13E-16 -3.51E-16 -2.97E-16 -8.48E-17 -2.20E-17
 -3.95E-17 -4.64E-17  9.72E-18  1.04E-17  9.04E-19  1.53E-18 -6.05E-18 -4.90E-18
 -1.07E-17 -7.28E-18 -7.25E-18 -3.84E-18 -3.41E-18 -2.13E-18 -1.46E-18 -7.96E-19
   92.013643113988351     
  0.00E+00 -5.30E-11  4.56E-09 -3.10E-09 -5.09E-09 -2.91E-09 -9.69E-10 -3.33E-10
 -4.38E-11 -5.35E-11 -2.78E-11 -1.74E-11 -8.78E-13  6.64E-12  6.10E-12  3.59E-12
  3.54E-12  5.35E-12  3.23E-12  5.57E-13 -1.18E-12 -9.98E-13 -9.29E-13 -5.85E-13
 -2.50E-13 -8.82E-14 -9.03E-14 -1.33E-13 -1.54E-13 -1.56E-13 -9.40E-14 -5.77E-14
 -4.52E-14 -3.25E-14 -2.63E-14 -1.64E-14 -8.89E-15 -4.55E-15 -6.86E-15 -5.98E-15
 -4.62E-15 -2.76E-15 -1.68E-15 -6.72E-16 -3.65E-16 -3.35E-16 -1.94E-16 -1.78E-16
 -1.15E-16 -1.19E-16 -2.85E-17 -2.06E-17 -1.44E-17 -5.33E-18 -1.20E-17 -6.12E-18
 -1.04E-17 -8.35E-18 -8.60E-18 -4.95E-18 -3.49E-18 -1.64E-18 -1.17E-18 -9.53E-19
   94.015670415952158     
  0.00E+00  3.41E-11  3.47E-09 -3.24E-09 -5.24E-09 -2.81E-09 -9.35E-10 -3.05E-10
 -4.30E-11 -5.02E-11 -2.96E-11 -2.41E-11 -5.29E-12  2.81E-12  5.14E-12  3.84E-12
  2.51E-12  4.19E-12  2.67E-12  6.63E-13 -8.40E-13 -9.14E-13 -9.88E-13 -6.11E-13
 -3.27E-13 -1.75E-13 -9.59E-14 -1.22E-13 -1.23E-13 -1.54E-13 -1.08E-13 -5.66E-14
 -4.04E-14 -2.45E-14 -1.75E-14 -1.22E-14 -7.14E-15 -2.98E-15 -4.20E-15 -4.38E-15
 -3.94E-15 -2.74E-15 -1.68E-15 -6.99E-16 -2.09E-16 -1.60E-16 -1.05E-16 -1.59E-16
 -1.27E-16 -1.11E-16 -4.01E-17 -1.86E-17 -6.51E-18 -1.02E-18 -2.81E-18 -8.06E-19
 -4.22E-18 -3.08E-18 -3.90E-18 -2.77E-18 -2.16E-18 -1.06E-18 -1.24E-19  2.11E-19
   96.018952638944441     
  0.00E+00  1.63E-10  2.61E-09 -3.34E-09 -5.21E-09 -2.68E-09 -8.95E-10 -2.74E-10
 -3.64E-11 -4.19E-11 -2.87E-11 -2.64E-11 -7.85E-12  4.48E-13  4.44E-12  4.19E-12
  1.72E-12  3.04E-12  1.97E-12  8.07E-13 -4.42E-13 -8.15E-13 -8.92E-13 -5.98E-13
 -3.73E-13 -2.44E-13 -9.57E-14 -9.13E-14 -8.19E-14 -1.26E-13 -9.92E-14 -5.95E-14
 -4.03E-14 -1.94E-14 -1.33E-14 -7.00E-15 -2.93E-15 -2.41E-15 -2.40E-15 -2.71E-15
 -2.58E-15 -2.25E-15 -1.72E-15 -8.63E-16 -2.73E-16 -7.25E-17  9.64E-18 -7.07E-17
 -8.46E-17 -1.05E-16 -6.28E-17 -2.92E-17 -9.29E-18  1.57E-18  1.80E-18  2.77E-18
  1.97E-19  4.03E-20 -1.44E-18 -2.41E-19 -5.91E-19 -3.09E-19  1.35E-19  3.93E-19
   98.022564442034067     
  0.00E+00  2.52E-11  1.88E-09 -3.45E-09 -5.07E-09 -2.53E-09 -8.44E-10 -2.43E-10
 -2.82E-11 -3.20E-11 -2.58E-11 -2.63E-11 -9.84E-12 -1.30E-12  3.85E-12  3.84E-12
  9.38E-13  1.90E-12  1.27E-12  6.71E-13 -1.46E-13 -6.86E-13 -7.69E-13 -6.22E-13
 -4.24E-13 -3.25E-13 -1.27E-13 -8.89E-14 -5.88E-14 -9.31E-14 -7.82E-14 -6.05E-14
 -4.46E-14 -2.38E-14 -1.51E-14 -6.89E-15 -2.13E-15 -2.12E-15 -1.69E-15 -1.90E-15
 -1.86E-15 -1.91E-15 -1.61E-15 -1.06E-15 -5.70E-16 -2.24E-16 -6.02E-17 -4.52E-17
 -5.01E-17 -7.93E-17 -6.50E-17 -4.85E-17 -2.92E-17 -1.24E-17 -4.71E-18 -1.02E-20
 -4.14E-19  4.02E-20 -1.05E-18 -6.61E-19 -5.98E-19 -1.85E-19 -2.49E-20  1.93E-19
   100.01430704147901     
  0.00E+00 -1.64E-10  1.33E-09 -3.50E-09 -4.96E-09 -2.39E-09 -8.03E-10 -2.20E-10
 -2.33E-11 -2.34E-11 -2.25E-11 -2.55E-11 -1.12E-11 -2.47E-12  3.29E-12  3.12E-12
  3.84E-13  9.48E-13  7.07E-13  3.97E-13 -1.19E-14 -5.22E-13 -6.89E-13 -6.15E-13
 -4.67E-13 -3.80E-13 -1.85E-13 -1.12E-13 -5.95E-14 -6.27E-14 -6.06E-14 -5.52E-14
 -4.52E-14 -2.77E-14 -1.83E-14 -8.64E-15 -3.95E-15 -2.08E-15 -1.39E-15 -1.17E-15
 -1.43E-15 -1.53E-15 -1.38E-15 -1.04E-15 -6.72E-16 -4.09E-16 -1.93E-16 -9.95E-17
 -4.88E-17 -5.51E-17 -4.66E-17 -4.87E-17 -3.69E-17 -2.41E-17 -1.58E-17 -5.72E-18
 -3.01E-18 -1.25E-18 -7.31E-19 -9.71E-19 -6.48E-19 -4.98E-19 -2.55E-19  3.61E-20
   102.01882216038022     
  0.00E+00 -2.35E-10  9.28E-10 -3.47E-09 -4.86E-09 -2.28E-09 -7.68E-10 -2.04E-10
 -2.26E-11 -1.94E-11 -2.15E-11 -2.51E-11 -1.25E-11 -3.04E-12  2.67E-12  2.53E-12
  1.53E-13  2.74E-13  2.55E-13  1.69E-13 -3.15E-14 -3.55E-13 -6.15E-13 -5.64E-13
 -4.72E-13 -3.88E-13 -2.33E-13 -1.33E-13 -7.54E-14 -4.24E-14 -4.48E-14 -4.27E-14
 -4.07E-14 -2.79E-14 -1.97E-14 -9.86E-15 -5.77E-15 -2.27E-15 -1.22E-15 -5.21E-16
 -8.32E-16 -9.46E-16 -1.00E-15 -8.56E-16 -6.22E-16 -4.40E-16 -2.47E-16 -1.40E-16
 -7.44E-17 -4.52E-17 -3.17E-17 -3.36E-17 -2.90E-17 -2.29E-17 -1.73E-17 -1.02E-17
 -5.48E-18 -2.16E-18 -7.95E-19 -3.62E-19 -1.40E-19 -7.45E-20 -2.27E-19  2.72E-20
   104.01202706594255     
  0.00E+00 -2.58E-10  5.13E-10 -3.38E-09 -4.66E-09 -2.16E-09 -7.18E-10 -1.86E-10
 -2.17E-11 -1.88E-11 -2.24E-11 -2.51E-11 -1.37E-11 -3.08E-12  2.04E-12  2.21E-12
  2.24E-13 -3.57E-14  4.71E-14  4.28E-14 -1.19E-13 -2.29E-13 -5.22E-13 -4.76E-13
 -4.38E-13 -3.61E-13 -2.34E-13 -1.41E-13 -8.69E-14 -3.48E-14 -3.19E-14 -2.96E-14
 -3.04E-14 -2.48E-14 -1.87E-14 -1.04E-14 -6.71E-15 -2.49E-15 -1.25E-15 -2.27E-16
 -3.39E-16 -4.48E-16 -5.23E-16 -5.38E-16 -4.65E-16 -3.64E-16 -2.21E-16 -1.29E-16
 -8.24E-17 -4.21E-17 -2.51E-17 -2.03E-17 -1.72E-17 -1.34E-17 -1.12E-17 -8.49E-18
 -5.03E-18 -2.38E-18 -7.59E-19  9.37E-20  5.54E-19  6.62E-19  2.90E-19  2.88E-19
   106.01701329383803     
  0.00E+00 -2.78E-10  1.44E-10 -3.20E-09 -4.38E-09 -2.01E-09 -6.55E-10 -1.64E-10
 -1.83E-11 -1.71E-11 -2.20E-11 -2.41E-11 -1.37E-11 -2.75E-12  1.44E-12  2.09E-12
  5.74E-13 -6.28E-14  1.21E-13  3.08E-14 -1.57E-13 -1.64E-13 -4.27E-13 -3.69E-13
 -3.78E-13 -3.21E-13 -2.04E-13 -1.36E-13 -8.25E-14 -3.58E-14 -2.48E-14 -2.03E-14
 -1.87E-14 -1.92E-14 -1.50E-14 -9.62E-15 -6.51E-15 -2.62E-15 -1.23E-15 -2.61E-16
 -7.87E-17 -1.34E-16 -1.59E-16 -2.43E-16 -2.62E-16 -2.15E-16 -1.57E-16 -9.89E-17
 -5.98E-17 -3.25E-17 -1.85E-17 -1.34E-17 -8.61E-18 -4.73E-18 -4.43E-18 -3.22E-18
 -2.08E-18 -9.55E-19 -1.16E-20  5.62E-19  9.68E-19  1.15E-18  8.39E-19  7.02E-19
   108.02250832030910     
  0.00E+00 -2.93E-10 -1.04E-10 -3.06E-09 -4.13E-09 -1.87E-09 -6.01E-10 -1.46E-10
 -1.50E-11 -1.37E-11 -1.98E-11 -2.22E-11 -1.29E-11 -2.39E-12  8.30E-13  1.77E-12
  8.19E-13 -7.86E-14  2.10E-13  3.75E-14 -1.48E-13 -1.73E-13 -3.57E-13 -3.03E-13
 -3.26E-13 -2.89E-13 -1.84E-13 -1.31E-13 -7.78E-14 -4.06E-14 -2.35E-14 -1.61E-14
 -1.15E-14 -1.34E-14 -1.08E-14 -7.80E-15 -5.89E-15 -2.97E-15 -1.55E-15 -5.11E-16
 -1.37E-16 -2.24E-17 -2.92E-17 -6.28E-17 -1.25E-16 -1.03E-16 -1.03E-16 -7.28E-17
 -4.82E-17 -3.19E-17 -1.63E-17 -1.06E-17 -6.07E-18 -1.42E-18 -1.21E-18 -9.62E-20
  1.82E-20  2.33E-19  5.62E-19  7.79E-19  9.73E-19  1.11E-18  9.75E-19  8.59E-19
   110.01595820096531     
  0.00E+00 -3.28E-10 -2.46E-10 -2.98E-09 -3.91E-09 -1.76E-09 -5.60E-10 -1.36E-10
 -1.41E-11 -1.04E-11 -1.71E-11 -2.04E-11 -1.19E-11 -2.13E-12  2.58E-13  1.14E-12
  7.74E-13 -1.39E-13  1.82E-13  9.67E-15 -1.40E-13 -2.27E-13 -3.24E-13 -2.88E-13
 -2.91E-13 -2.74E-13 -1.79E-13 -1.31E-13 -8.22E-14 -4.62E-14 -2.69E-14 -1.67E-14
 -9.27E-15 -9.26E-15 -7.56E-15 -6.15E-15 -5.34E-15 -3.32E-15 -2.21E-15 -9.94E-16
 -4.79E-16 -1.81E-16 -7.10E-17 -3.72E-17 -7.37E-17 -6.27E-17 -7.35E-17 -6.16E-17
 -5.22E-17 -3.94E-17 -2.36E-17 -1.61E-17 -9.24E-18 -4.01E-18 -1.71E-18 -5.22E-20
  2.17E-19  2.49E-19  3.45E-19  4.12E-19  5.65E-19  7.31E-19  6.63E-19  6.92E-19
   112.02182434772368     
  0.00E+00 -3.89E-10 -3.70E-10 -2.85E-09 -3.67E-09 -1.64E-09 -5.14E-10 -1.26E-10
 -1.43E-11 -8.57E-12 -1.51E-11 -1.92E-11 -1.09E-11 -1.88E-12 -1.21E-13  5.65E-13
  6.19E-13 -1.11E-13  1.51E-13  2.28E-14 -1.23E-13 -2.59E-13 -3.19E-13 -2.77E-13
 -2.57E-13 -2.62E-13 -1.70E-13 -1.28E-13 -8.50E-14 -4.83E-14 -2.98E-14 -1.91E-14
 -9.68E-15 -7.55E-15 -5.76E-15 -4.67E-15 -4.51E-15 -3.14E-15 -2.41E-15 -1.36E-15
 -8.05E-16 -4.14E-16 -1.72E-16 -9.00E-17 -7.39E-17 -5.38E-17 -5.36E-17 -4.96E-17
 -4.58E-17 -3.99E-17 -2.77E-17 -2.03E-17 -1.37E-17 -8.30E-18 -4.33E-18 -1.64E-18
 -4.26E-19 -2.13E-20  8.31E-20  7.46E-20  2.32E-19  3.36E-19  3.39E-19  4.02E-19
   114.01697518974935     
  0.00E+00 -4.34E-10 -4.97E-10 -2.66E-09 -3.42E-09 -1.52E-09 -4.66E-10 -1.15E-10
 -1.42E-11 -8.33E-12 -1.43E-11 -1.84E-11 -1.01E-11 -1.70E-12 -3.98E-13  2.25E-13
  5.31E-13  2.87E-15  1.96E-13  9.96E-14 -8.64E-14 -2.45E-13 -3.15E-13 -2.52E-13
 -2.23E-13 -2.40E-13 -1.54E-13 -1.19E-13 -7.92E-14 -4.58E-14 -2.84E-14 -1.89E-14
 -9.65E-15 -6.98E-15 -4.86E-15 -3.62E-15 -3.34E-15 -2.42E-15 -1.91E-15 -1.24E-15
 -8.08E-16 -4.54E-16 -2.10E-16 -1.03E-16 -6.70E-17 -4.55E-17 -3.56E-17 -3.32E-17
 -2.90E-17 -2.83E-17 -2.17E-17 -1.62E-17 -1.28E-17 -8.46E-18 -5.05E-18 -2.59E-18
 -8.31E-19 -2.37E-20  2.01E-19  1.36E-19  2.74E-19  2.91E-19  2.62E-19  3.03E-19
   116.01186741371606     
  0.00E+00 -3.97E-10 -6.08E-10 -2.48E-09 -3.19E-09 -1.40E-09 -4.25E-10 -1.06E-10
 -1.45E-11 -8.50E-12 -1.41E-11 -1.79E-11 -9.19E-12 -1.52E-12 -6.46E-13  3.85E-14
  4.64E-13  1.05E-13  2.75E-13  1.93E-13 -4.37E-14 -2.04E-13 -2.94E-13 -2.19E-13
 -1.91E-13 -2.12E-13 -1.38E-13 -1.06E-13 -7.05E-14 -4.25E-14 -2.49E-14 -1.65E-14
 -8.19E-15 -6.11E-15 -4.09E-15 -2.69E-15 -2.36E-15 -1.61E-15 -1.31E-15 -8.47E-16
 -6.16E-16 -3.49E-16 -1.65E-16 -6.80E-17 -3.47E-17 -2.15E-17 -1.59E-17 -1.31E-17
 -1.35E-17 -1.32E-17 -1.24E-17 -9.29E-18 -7.85E-18 -5.38E-18 -3.48E-18 -2.04E-18
 -5.31E-19  3.38E-19  5.49E-19  5.40E-19  5.34E-19  4.99E-19  3.62E-19  3.41E-19
   118.01954307563676     
  0.00E+00 -3.46E-10 -6.77E-10 -2.32E-09 -2.96E-09 -1.29E-09 -3.87E-10 -9.79E-11
 -1.47E-11 -7.29E-12 -1.30E-11 -1.67E-11 -7.94E-12 -1.13E-12 -7.10E-13 -5.85E-14
  3.57E-13  1.93E-13  3.40E-13  2.61E-13 -1.87E-15 -1.64E-13 -2.58E-13 -1.89E-13
 -1.61E-13 -1.85E-13 -1.25E-13 -9.37E-14 -6.42E-14 -4.05E-14 -2.24E-14 -1.45E-14
 -7.09E-15 -5.24E-15 -3.45E-15 -1.93E-15 -1.73E-15 -1.09E-15 -9.09E-16 -5.76E-16
 -4.58E-16 -2.71E-16 -1.21E-16 -4.38E-17 -1.02E-17  4.42E-19  1.23E-18  1.22E-18
 -3.23E-18 -2.61E-18 -5.86E-18 -5.06E-18 -4.11E-18 -2.90E-18 -1.96E-18 -1.34E-18
 -2.51E-19  3.82E-19  6.63E-19  6.90E-19  6.95E-19  6.23E-19  4.65E-19  3.78E-19
   120.01548905410577     
  0.00E+00 -3.59E-10 -7.12E-10 -2.17E-09 -2.73E-09 -1.18E-09 -3.50E-10 -9.01E-11
 -1.46E-11 -5.10E-12 -1.09E-11 -1.50E-11 -6.64E-12 -7.65E-13 -6.80E-13 -1.31E-13
  1.88E-13  2.36E-13  3.54E-13  2.75E-13  2.77E-14 -1.43E-13 -2.20E-13 -1.71E-13
 -1.39E-13 -1.64E-13 -1.17E-13 -8.62E-14 -6.18E-14 -4.08E-14 -2.29E-14 -1.46E-14
 -7.72E-15 -5.28E-15 -3.33E-15 -1.72E-15 -1.45E-15 -9.55E-16 -7.72E-16 -5.16E-16
 -4.31E-16 -2.89E-16 -1.40E-16 -6.97E-17 -2.17E-17 -5.32E-18  3.86E-18  3.17E-18
 -9.46E-19 -4.12E-19 -3.87E-18 -4.38E-18 -3.84E-18 -2.71E-18 -2.07E-18 -1.48E-18
 -6.87E-19 -1.43E-19  2.29E-19  3.42E-19  4.59E-19  4.71E-19  3.76E-19  3.12E-19
   122.01182640950074     
  0.00E+00 -3.82E-10 -7.33E-10 -2.02E-09 -2.53E-09 -1.08E-09 -3.18E-10 -8.40E-11
 -1.49E-11 -3.80E-12 -9.41E-12 -1.34E-11 -5.74E-12 -6.81E-13 -7.15E-13 -2.29E-13
 -1.87E-15  2.10E-13  3.24E-13  2.55E-13  4.59E-14 -1.33E-13 -1.87E-13 -1.58E-13
 -1.24E-13 -1.50E-13 -1.10E-13 -8.04E-14 -6.00E-14 -4.15E-14 -2.46E-14 -1.56E-14
 -8.90E-15 -5.74E-15 -3.48E-15 -1.78E-15 -1.35E-15 -9.44E-16 -7.15E-16 -4.92E-16
 -4.26E-16 -3.09E-16 -1.80E-16 -1.04E-16 -4.98E-17 -2.25E-17 -3.92E-18 -1.30E-18
 -2.14E-18 -1.45E-18 -3.86E-18 -4.25E-18 -4.27E-18 -3.07E-18 -2.50E-18 -1.86E-18
 -1.20E-18 -6.59E-19 -2.77E-19 -5.23E-20  1.30E-19  2.07E-19  2.02E-19  1.86E-19
   124.02069882397409     
  0.00E+00 -3.76E-10 -7.34E-10 -1.88E-09 -2.34E-09 -9.89E-10 -2.91E-10 -7.95E-11
 -1.57E-11 -3.54E-12 -8.78E-12 -1.24E-11 -5.21E-12 -7.40E-13 -7.83E-13 -3.38E-13
 -1.09E-13  1.78E-13  3.04E-13  2.41E-13  6.77E-14 -1.22E-13 -1.55E-13 -1.41E-13
 -1.08E-13 -1.32E-13 -9.97E-14 -7.20E-14 -5.55E-14 -3.94E-14 -2.49E-14 -1.58E-14
 -9.20E-15 -6.00E-15 -3.48E-15 -1.73E-15 -1.22E-15 -8.40E-16 -5.98E-16 -4.32E-16
 -3.64E-16 -2.79E-16 -1.87E-16 -1.12E-16 -6.42E-17 -3.16E-17 -1.09E-17 -5.25E-18
 -3.38E-18 -2.15E-18 -3.17E-18 -3.52E-18 -3.47E-18 -2.80E-18 -2.29E-18 -1.75E-18
 -1.20E-18 -7.90E-19 -4.81E-19 -2.41E-19 -3.74E-20  4.13E-20  8.32E-20  9.55E-20
   126.01774369094289     
  0.00E+00 -3.47E-10 -7.33E-10 -1.73E-09 -2.16E-09 -9.07E-10 -2.67E-10 -7.47E-11
 -1.61E-11 -3.24E-12 -8.31E-12 -1.15E-11 -4.77E-12 -7.96E-13 -8.08E-13 -4.16E-13
 -1.16E-13  1.90E-13  3.27E-13  2.42E-13  9.52E-14 -1.01E-13 -1.22E-13 -1.19E-13
 -9.17E-14 -1.11E-13 -8.72E-14 -6.14E-14 -4.86E-14 -3.47E-14 -2.32E-14 -1.51E-14
 -8.80E-15 -6.02E-15 -3.38E-15 -1.60E-15 -1.08E-15 -7.01E-16 -4.77E-16 -3.41E-16
 -2.85E-16 -2.23E-16 -1.64E-16 -1.05E-16 -6.39E-17 -3.49E-17 -1.42E-17 -7.68E-18
 -4.58E-18 -2.35E-18 -2.77E-18 -2.67E-18 -2.49E-18 -2.11E-18 -1.80E-18 -1.38E-18
 -9.63E-19 -6.76E-19 -4.55E-19 -2.60E-19 -1.08E-19 -1.98E-20  1.61E-20  4.62E-20
   128.01502362305155     
  0.00E+00 -3.14E-10 -7.42E-10 -1.57E-09 -1.98E-09 -8.23E-10 -2.41E-10 -6.90E-11
 -1.58E-11 -2.50E-12 -7.55E-12 -1.05E-11 -4.20E-12 -8.23E-13 -7.68E-13 -4.54E-13
 -1.02E-13  2.21E-13  3.60E-13  2.44E-13  1.16E-13 -7.17E-14 -8.95E-14 -9.73E-14
 -7.55E-14 -9.21E-14 -7.46E-14 -5.17E-14 -4.09E-14 -2.95E-14 -2.08E-14 -1.38E-14
 -8.33E-15 -5.78E-15 -3.30E-15 -1.54E-15 -9.90E-16 -5.90E-16 -4.07E-16 -2.52E-16
 -2.18E-16 -1.69E-16 -1.33E-16 -9.42E-17 -5.96E-17 -3.70E-17 -1.72E-17 -9.76E-18
 -5.52E-18 -2.81E-18 -2.93E-18 -2.13E-18 -1.98E-18 -1.47E-18 -1.31E-18 -1.04E-18
 -7.04E-19 -5.24E-19 -3.50E-19 -2.20E-19 -1.23E-19 -3.72E-20 -1.48E-20  1.58E-20
   130.01285309990487     
  0.00E+00 -2.91E-10 -7.49E-10 -1.44E-09 -1.81E-09 -7.47E-10 -2.17E-10 -6.38E-11
 -1.53E-11 -1.55E-12 -6.65E-12 -9.19E-12 -3.58E-12 -8.11E-13 -6.79E-13 -4.93E-13
 -1.19E-13  2.14E-13  3.59E-13  2.26E-13  1.19E-13 -4.99E-14 -6.24E-14 -7.98E-14
 -6.47E-14 -7.57E-14 -6.40E-14 -4.44E-14 -3.48E-14 -2.57E-14 -1.86E-14 -1.26E-14
 -8.21E-15 -5.51E-15 -3.35E-15 -1.61E-15 -9.87E-16 -5.57E-16 -3.80E-16 -2.15E-16
 -1.75E-16 -1.38E-16 -1.10E-16 -8.77E-17 -5.81E-17 -3.93E-17 -2.22E-17 -1.35E-17
 -7.70E-18 -4.28E-18 -3.78E-18 -2.38E-18 -2.04E-18 -1.34E-18 -1.18E-18 -9.02E-19
 -5.83E-19 -4.79E-19 -3.12E-19 -2.26E-19 -1.25E-19 -6.14E-20 -4.26E-20 -7.62E-21
   132.02301981223536     
  0.00E+00 -2.78E-10 -7.27E-10 -1.33E-09 -1.66E-09 -6.83E-10 -1.98E-10 -5.99E-11
 -1.50E-11 -7.12E-13 -5.86E-12 -7.94E-12 -3.06E-12 -7.78E-13 -5.83E-13 -5.48E-13
 -1.61E-13  1.64E-13  3.26E-13  1.96E-13  1.03E-13 -4.01E-14 -4.27E-14 -6.70E-14
 -5.83E-14 -6.23E-14 -5.56E-14 -3.91E-14 -3.10E-14 -2.29E-14 -1.67E-14 -1.19E-14
 -8.27E-15 -5.53E-15 -3.50E-15 -1.81E-15 -1.08E-15 -6.16E-16 -3.90E-16 -2.23E-16
 -1.66E-16 -1.26E-16 -1.03E-16 -8.39E-17 -6.08E-17 -4.30E-17 -2.73E-17 -1.82E-17
 -1.14E-17 -6.69E-18 -5.20E-18 -3.33E-18 -2.50E-18 -1.61E-18 -1.36E-18 -1.00E-18
 -6.20E-19 -5.61E-19 -3.40E-19 -2.77E-19 -1.61E-19 -9.49E-20 -8.12E-20 -3.41E-20
   134.02173914646539     
  0.00E+00 -2.73E-10 -6.85E-10 -1.22E-09 -1.53E-09 -6.27E-10 -1.82E-10 -5.72E-11
 -1.48E-11 -3.25E-13 -5.40E-12 -6.98E-12 -2.74E-12 -8.23E-13 -5.54E-13 -6.01E-13
 -2.05E-13  1.15E-13  2.93E-13  1.70E-13  8.22E-14 -3.49E-14 -2.86E-14 -5.68E-14
 -5.15E-14 -5.23E-14 -4.83E-14 -3.40E-14 -2.80E-14 -2.01E-14 -1.51E-14 -1.09E-14
 -7.97E-15 -5.56E-15 -3.51E-15 -1.98E-15 -1.18E-15 -7.00E-16 -4.19E-16 -2.32E-16
 -1.70E-16 -1.20E-16 -9.99E-17 -7.86E-17 -6.03E-17 -4.48E-17 -2.94E-17 -2.06E-17
 -1.39E-17 -8.48E-18 -6.12E-18 -4.07E-18 -2.94E-18 -1.83E-18 -1.47E-18 -1.07E-18
 -6.78E-19 -6.17E-19 -3.55E-19 -2.95E-19 -1.85E-19 -1.13E-19 -1.07E-19 -5.21E-20
   136.02009692679084     
  0.00E+00 -2.66E-10 -6.54E-10 -1.10E-09 -1.39E-09 -5.73E-10 -1.65E-10 -5.42E-11
 -1.43E-11 -1.49E-13 -5.10E-12 -6.26E-12 -2.56E-12 -9.33E-13 -5.77E-13 -6.35E-13
 -2.24E-13  9.92E-14  2.79E-13  1.58E-13  7.23E-14 -2.54E-14 -1.57E-14 -4.50E-14
 -4.18E-14 -4.35E-14 -4.08E-14 -2.80E-14 -2.42E-14 -1.67E-14 -1.30E-14 -9.35E-15
 -6.99E-15 -5.11E-15 -3.23E-15 -1.93E-15 -1.16E-15 -6.95E-16 -4.26E-16 -2.18E-16
 -1.60E-16 -1.07E-16 -8.90E-17 -6.84E-17 -5.31E-17 -4.10E-17 -2.61E-17 -1.90E-17
 -1.30E-17 -8.41E-18 -5.74E-18 -3.82E-18 -2.80E-18 -1.68E-18 -1.30E-18 -9.35E-19
 -5.85E-19 -5.49E-19 -3.08E-19 -2.59E-19 -1.60E-19 -1.00E-19 -1.04E-19 -5.08E-20
   138.01817134086150     
  0.00E+00 -2.37E-10 -6.44E-10 -9.91E-10 -1.27E-09 -5.22E-10 -1.50E-10 -5.05E-11
 -1.33E-11  1.04E-13 -4.70E-12 -5.63E-12 -2.36E-12 -9.81E-13 -5.67E-13 -6.44E-13
 -2.19E-13  9.42E-14  2.75E-13  1.55E-13  7.15E-14 -1.25E-14 -5.73E-15 -3.26E-14
 -3.09E-14 -3.53E-14 -3.26E-14 -2.17E-14 -1.93E-14 -1.32E-14 -1.06E-14 -7.56E-15
 -5.67E-15 -4.31E-15 -2.82E-15 -1.69E-15 -1.04E-15 -6.13E-16 -4.02E-16 -1.93E-16
 -1.39E-16 -8.86E-17 -7.14E-17 -5.49E-17 -4.34E-17 -3.44E-17 -2.11E-17 -1.52E-17
 -1.02E-17 -6.82E-18 -4.70E-18 -2.97E-18 -2.07E-18 -1.20E-18 -9.19E-19 -6.69E-19
 -3.84E-19 -3.67E-19 -2.06E-19 -1.88E-19 -1.13E-19 -6.72E-20 -7.90E-20 -3.75E-20
   140.01677466316511     
  0.00E+00 -2.01E-10 -6.31E-10 -8.95E-10 -1.15E-09 -4.79E-10 -1.36E-10 -4.71E-11
 -1.24E-11  4.36E-13 -4.20E-12 -4.96E-12 -2.08E-12 -9.22E-13 -4.95E-13 -6.30E-13
 -2.12E-13  7.53E-14  2.57E-13  1.47E-13  6.95E-14 -3.24E-15 -2.04E-15 -2.42E-14
 -2.17E-14 -2.84E-14 -2.52E-14 -1.69E-14 -1.49E-14 -1.03E-14 -8.48E-15 -6.19E-15
 -4.57E-15 -3.59E-15 -2.49E-15 -1.48E-15 -9.43E-16 -5.46E-16 -3.78E-16 -1.79E-16
 -1.26E-16 -7.63E-17 -5.77E-17 -4.55E-17 -3.57E-17 -2.90E-17 -1.81E-17 -1.26E-17
 -7.93E-18 -5.11E-18 -3.61E-18 -2.28E-18 -1.37E-18 -7.14E-19 -4.91E-19 -3.76E-19
 -1.98E-19 -1.76E-19 -9.91E-20 -1.03E-19 -7.05E-20 -4.10E-20 -5.26E-20 -2.65E-20
   142.01627413107968     
  0.00E+00 -1.86E-10 -6.02E-10 -8.13E-10 -1.05E-09 -4.41E-10 -1.24E-10 -4.42E-11
 -1.17E-11  7.17E-13 -3.69E-12 -4.29E-12 -1.80E-12 -8.23E-13 -4.21E-13 -6.09E-13
 -2.16E-13  3.97E-14  2.19E-13  1.32E-13  6.19E-14 -8.26E-16 -3.35E-15 -2.09E-14
 -1.57E-14 -2.33E-14 -2.00E-14 -1.41E-14 -1.21E-14 -8.40E-15 -6.90E-15 -5.33E-15
 -3.88E-15 -3.12E-15 -2.24E-15 -1.36E-15 -9.15E-16 -5.31E-16 -3.70E-16 -1.83E-16
 -1.27E-16 -7.35E-17 -5.21E-17 -4.24E-17 -3.11E-17 -2.62E-17 -1.64E-17 -1.16E-17
 -7.24E-18 -4.19E-18 -2.76E-18 -1.75E-18 -9.78E-19 -4.45E-19 -1.99E-19 -1.23E-19
 -5.61E-20 -2.49E-20 -2.77E-20 -3.12E-20 -3.48E-20 -2.21E-20 -3.32E-20 -2.15E-20
   144.01603979654573     
  0.00E+00 -1.85E-10 -5.63E-10 -7.34E-10 -9.52E-10 -4.05E-10 -1.13E-10 -4.15E-11
 -1.10E-11  8.51E-13 -3.26E-12 -3.72E-12 -1.61E-12 -7.58E-13 -3.91E-13 -5.91E-13
 -2.22E-13 -1.57E-15  1.78E-13  1.17E-13  5.25E-14 -2.12E-15 -5.14E-15 -1.95E-14
 -1.23E-14 -1.93E-14 -1.60E-14 -1.21E-14 -1.02E-14 -7.04E-15 -5.57E-15 -4.54E-15
 -3.34E-15 -2.70E-15 -1.96E-15 -1.24E-15 -8.67E-16 -5.18E-16 -3.56E-16 -1.85E-16
 -1.25E-16 -7.19E-17 -4.96E-17 -3.98E-17 -2.74E-17 -2.35E-17 -1.43E-17 -1.04E-17
 -6.64E-18 -3.64E-18 -2.07E-18 -1.25E-18 -5.97E-19 -2.74E-19 -2.24E-20  5.51E-20
  5.07E-20  8.60E-20  2.42E-20  2.31E-20 -4.27E-21 -5.56E-21 -1.52E-20 -1.73E-20
   146.01539915081148     
  0.00E+00 -1.79E-10 -5.30E-10 -6.59E-10 -8.65E-10 -3.73E-10 -1.03E-10 -3.89E-11
 -1.03E-11  8.16E-13 -2.95E-12 -3.29E-12 -1.53E-12 -7.59E-13 -4.02E-13 -5.74E-13
 -2.19E-13 -3.84E-14  1.44E-13  1.09E-13  4.62E-14 -2.21E-15 -4.75E-15 -1.68E-14
 -1.00E-14 -1.50E-14 -1.21E-14 -9.86E-15 -8.28E-15 -5.82E-15 -4.24E-15 -3.54E-15
 -2.72E-15 -2.19E-15 -1.63E-15 -1.05E-15 -7.55E-16 -4.63E-16 -3.17E-16 -1.69E-16
 -1.09E-16 -6.52E-17 -4.43E-17 -3.48E-17 -2.30E-17 -1.94E-17 -1.16E-17 -8.39E-18
 -5.32E-18 -2.86E-18 -1.38E-18 -6.83E-19 -1.61E-19 -2.18E-20  1.35E-19  1.93E-19
  1.48E-19  1.66E-19  8.09E-20  6.81E-20  2.75E-20  1.31E-20  5.09E-21 -8.30E-21
   148.01454532899510     
  0.00E+00 -1.58E-10 -5.07E-10 -5.89E-10 -7.85E-10 -3.44E-10 -9.49E-11 -3.64E-11
 -9.59E-12  7.37E-13 -2.66E-12 -2.91E-12 -1.52E-12 -7.88E-13 -4.15E-13 -5.42E-13
 -2.11E-13 -6.13E-14  1.18E-13  1.05E-13  4.49E-14  1.20E-15 -2.76E-15 -1.20E-14
 -7.84E-15 -1.05E-14 -8.24E-15 -7.34E-15 -6.24E-15 -4.65E-15 -3.02E-15 -2.47E-15
 -2.02E-15 -1.63E-15 -1.28E-15 -8.20E-16 -6.08E-16 -3.86E-16 -2.65E-16 -1.44E-16
 -8.89E-17 -5.60E-17 -3.64E-17 -2.86E-17 -1.85E-17 -1.51E-17 -9.05E-18 -6.27E-18
 -3.85E-18 -1.93E-18 -7.27E-19 -1.71E-19  2.27E-19  2.82E-19  3.07E-19  3.23E-19
  2.42E-19  2.32E-19  1.43E-19  1.10E-19  6.27E-20  3.38E-20  2.58E-20  4.85E-21
   150.01407258393456     
  0.00E+00 -1.36E-10 -4.86E-10 -5.21E-10 -7.07E-10 -3.17E-10 -8.68E-11 -3.37E-11
 -8.78E-12  7.87E-13 -2.29E-12 -2.48E-12 -1.46E-12 -7.77E-13 -3.94E-13 -4.85E-13
 -2.04E-13 -6.73E-14  9.96E-14  9.91E-14  4.57E-14  7.05E-15 -1.64E-15 -6.92E-15
 -6.09E-15 -6.68E-15 -4.81E-15 -5.12E-15 -4.45E-15 -3.53E-15 -2.16E-15 -1.59E-15
 -1.38E-15 -1.12E-15 -9.72E-16 -6.24E-16 -4.70E-16 -3.12E-16 -2.18E-16 -1.22E-16
 -7.04E-17 -4.76E-17 -2.92E-17 -2.31E-17 -1.48E-17 -1.19E-17 -7.14E-18 -4.62E-18
 -2.72E-18 -1.15E-18 -2.27E-19  1.69E-19  4.92E-19  5.20E-19  4.65E-19  4.24E-19
  3.10E-19  2.86E-19  1.92E-19  1.44E-19  9.29E-20  5.26E-20  4.12E-20  1.71E-20
   152.01419136903201     
  0.00E+00 -1.22E-10 -4.63E-10 -4.62E-10 -6.36E-10 -2.92E-10 -7.92E-11 -3.09E-11
 -8.01E-12  8.81E-13 -1.93E-12 -2.05E-12 -1.34E-12 -7.28E-13 -3.43E-13 -4.23E-13
 -2.07E-13 -7.06E-14  8.03E-14  8.32E-14  4.42E-14  1.03E-14 -2.82E-15 -4.34E-15
 -5.48E-15 -4.72E-15 -2.48E-15 -3.60E-15 -3.31E-15 -2.67E-15 -1.69E-15 -1.01E-15
 -9.15E-16 -7.33E-16 -7.48E-16 -4.93E-16 -3.72E-16 -2.58E-16 -1.81E-16 -1.09E-16
 -5.78E-17 -4.11E-17 -2.44E-17 -1.90E-17 -1.25E-17 -9.34E-18 -5.70E-18 -3.52E-18
 -2.07E-18 -6.55E-19  6.07E-20  3.43E-19  5.79E-19  6.14E-19  5.43E-19  4.67E-19
  3.37E-19  3.06E-19  2.10E-19  1.57E-19  1.08E-19  6.46E-20  4.74E-20  2.42E-20
   154.01468452225689     
  0.00E+00 -1.13E-10 -4.37E-10 -4.14E-10 -5.74E-10 -2.70E-10 -7.31E-11 -2.85E-11
 -7.40E-12  8.15E-13 -1.69E-12 -1.71E-12 -1.23E-12 -6.86E-13 -2.95E-13 -3.75E-13
 -2.17E-13 -7.73E-14  5.68E-14  6.09E-14  3.98E-14  9.08E-15 -4.84E-15 -4.32E-15
 -5.60E-15 -3.99E-15 -1.16E-15 -2.66E-15 -2.59E-15 -2.13E-15 -1.43E-15 -6.79E-16
 -6.02E-16 -4.56E-16 -5.84E-16 -4.04E-16 -3.07E-16 -2.21E-16 -1.53E-16 -9.94E-17
 -5.20E-17 -3.64E-17 -2.17E-17 -1.55E-17 -1.08E-17 -7.41E-18 -4.44E-18 -2.74E-18
 -1.56E-18 -4.08E-19  1.77E-19  4.16E-19  5.57E-19  6.00E-19  5.27E-19  4.55E-19
  3.35E-19  2.90E-19  2.02E-19  1.51E-19  1.06E-19  6.79E-20  4.68E-20  2.68E-20
   156.01518052894818     
  0.00E+00 -1.09E-10 -4.04E-10 -3.71E-10 -5.18E-10 -2.50E-10 -6.80E-11 -2.66E-11
 -6.85E-12  6.01E-13 -1.50E-12 -1.45E-12 -1.17E-12 -6.83E-13 -2.73E-13 -3.45E-13
 -2.19E-13 -8.12E-14  3.41E-14  4.32E-14  3.55E-14  7.56E-15 -5.43E-15 -4.04E-15
 -5.33E-15 -3.32E-15 -2.33E-16 -1.96E-15 -1.87E-15 -1.71E-15 -1.18E-15 -4.66E-16
 -3.65E-16 -2.39E-16 -4.20E-16 -3.13E-16 -2.46E-16 -1.84E-16 -1.27E-16 -8.67E-17
 -4.81E-17 -3.20E-17 -1.95E-17 -1.22E-17 -8.75E-18 -5.94E-18 -3.46E-18 -1.98E-18
 -1.06E-18 -2.33E-19  2.55E-19  4.39E-19  5.33E-19  5.51E-19  4.79E-19  4.20E-19
  3.17E-19  2.63E-19  1.85E-19  1.39E-19  9.72E-20  6.58E-20  4.40E-20  2.70E-20
   158.01546412030308     
  0.00E+00 -1.04E-10 -3.74E-10 -3.26E-10 -4.67E-10 -2.30E-10 -6.34E-11 -2.47E-11
 -6.21E-12  3.92E-13 -1.26E-12 -1.24E-12 -1.12E-12 -7.01E-13 -2.72E-13 -3.29E-13
 -2.09E-13 -8.05E-14  1.85E-14  3.49E-14  3.28E-14  8.77E-15 -3.74E-15 -1.97E-15
 -4.12E-15 -2.24E-15  6.36E-16 -1.24E-15 -1.05E-15 -1.20E-15 -8.61E-16 -3.14E-16
 -1.59E-16 -7.24E-17 -2.37E-16 -2.06E-16 -1.75E-16 -1.45E-16 -9.73E-17 -6.95E-17
 -4.10E-17 -2.65E-17 -1.68E-17 -9.28E-18 -6.52E-18 -4.45E-18 -2.58E-18 -1.24E-18
 -6.35E-19 -2.43E-20  3.30E-19  4.67E-19  5.25E-19  5.07E-19  4.38E-19  3.82E-19
  2.93E-19  2.39E-19  1.68E-19  1.25E-19  8.74E-20  6.14E-20  4.09E-20  2.60E-20
   160.01569464590358     
  0.00E+00 -9.20E-11 -3.54E-10 -2.83E-10 -4.18E-10 -2.12E-10 -5.90E-11 -2.27E-11
 -5.50E-12  2.40E-13 -9.84E-13 -1.06E-12 -1.05E-12 -6.91E-13 -2.73E-13 -3.10E-13
 -1.89E-13 -7.85E-14  9.00E-15  3.18E-14  3.05E-14  1.12E-14 -1.12E-15  5.14E-16
 -2.51E-15 -1.14E-15  1.41E-15 -5.11E-16 -3.21E-16 -6.19E-16 -4.84E-16 -1.82E-16
  7.35E-18  4.56E-17 -7.31E-17 -1.04E-16 -1.05E-16 -1.06E-16 -6.81E-17 -5.24E-17
 -3.21E-17 -2.06E-17 -1.39E-17 -6.77E-18 -4.33E-18 -3.00E-18 -1.74E-18 -6.58E-19
 -2.12E-19  1.64E-19  3.99E-19  4.90E-19  5.19E-19  4.77E-19  4.05E-19  3.46E-19
  2.65E-19  2.17E-19  1.53E-19  1.12E-19  7.87E-20  5.57E-20  3.74E-20  2.45E-20
   162.01635048804357     
  0.00E+00 -7.59E-11 -3.38E-10 -2.47E-10 -3.74E-10 -1.95E-10 -5.51E-11 -2.07E-11
 -4.81E-12  1.01E-13 -7.54E-13 -8.87E-13 -9.41E-13 -6.34E-13 -2.63E-13 -2.83E-13
 -1.68E-13 -7.71E-14  1.15E-15  2.78E-14  2.63E-14  1.24E-14  3.93E-16  1.93E-15
 -1.29E-15 -5.51E-16  1.86E-15 -3.21E-17  1.20E-16 -1.68E-16 -1.52E-16 -6.91E-17
  1.09E-16  1.20E-16  2.79E-17 -3.25E-17 -5.37E-17 -7.17E-17 -4.72E-17 -3.95E-17
 -2.58E-17 -1.64E-17 -1.17E-17 -5.04E-18 -2.88E-18 -1.93E-18 -1.08E-18 -3.00E-19
  1.02E-19  3.12E-19  4.51E-19  4.88E-19  4.87E-19  4.45E-19  3.73E-19  3.10E-19
  2.36E-19  1.94E-19  1.38E-19  1.01E-19  7.10E-20  4.99E-20  3.37E-20  2.25E-20
   164.01731480995375     
  0.00E+00 -6.73E-11 -3.15E-10 -2.19E-10 -3.35E-10 -1.80E-10 -5.16E-11 -1.92E-11
 -4.17E-12 -8.69E-14 -5.79E-13 -7.39E-13 -8.41E-13 -5.59E-13 -2.51E-13 -2.54E-13
 -1.53E-13 -7.75E-14 -7.87E-15  2.07E-14  2.01E-14  1.15E-14  1.63E-16  2.31E-15
 -7.31E-16 -4.15E-16  1.79E-15  1.26E-16  3.07E-16  5.05E-17  5.31E-17  2.34E-18
  1.44E-16  1.48E-16  7.14E-17  6.90E-18 -1.99E-17 -4.65E-17 -3.55E-17 -3.10E-17
 -2.24E-17 -1.42E-17 -1.02E-17 -4.60E-18 -2.41E-18 -1.30E-18 -5.98E-19 -1.24E-19
  2.11E-19  3.97E-19  4.62E-19  4.63E-19  4.36E-19  3.93E-19  3.33E-19  2.69E-19
  2.05E-19  1.69E-19  1.21E-19  8.89E-20  6.28E-20  4.40E-20  2.99E-20  1.99E-20
   166.01841544021909     
  0.00E+00 -6.73E-11 -2.86E-10 -1.93E-10 -3.00E-10 -1.65E-10 -4.85E-11 -1.79E-11
 -3.59E-12 -3.24E-13 -4.35E-13 -6.35E-13 -7.74E-13 -5.03E-13 -2.52E-13 -2.31E-13
 -1.44E-13 -7.76E-14 -1.64E-14  1.27E-14  1.48E-14  9.68E-15 -3.14E-16  2.35E-15
 -4.20E-16 -2.41E-16  1.37E-15  1.80E-16  3.86E-16  1.39E-16  1.43E-16  5.42E-17
  1.46E-16  1.40E-16  8.73E-17  2.95E-17  3.33E-18 -2.72E-17 -2.70E-17 -2.47E-17
 -1.86E-17 -1.31E-17 -8.88E-18 -4.58E-18 -2.28E-18 -9.46E-19 -2.54E-19  2.13E-20
  2.34E-19  4.24E-19  4.29E-19  4.20E-19  3.87E-19  3.31E-19  2.84E-19  2.26E-19
  1.73E-19  1.41E-19  1.01E-19  7.47E-20  5.32E-20  3.73E-20  2.53E-20  1.68E-20
   168.01959832447776     
  0.00E+00 -6.68E-11 -2.61E-10 -1.67E-10 -2.69E-10 -1.52E-10 -4.59E-11 -1.66E-11
 -3.08E-12 -5.33E-13 -2.97E-13 -5.61E-13 -7.19E-13 -4.71E-13 -2.62E-13 -2.13E-13
 -1.38E-13 -7.46E-14 -2.11E-14  6.83E-15  1.20E-14  8.34E-15  7.39E-16  2.36E-15
  2.83E-16  2.47E-16  1.03E-15  3.17E-16  4.82E-16  2.46E-16  1.99E-16  1.24E-16
  1.54E-16  1.28E-16  9.59E-17  4.73E-17  2.02E-17 -1.03E-17 -1.67E-17 -1.80E-17
 -1.40E-17 -1.11E-17 -7.25E-18 -4.02E-18 -2.00E-18 -6.67E-19 -4.80E-20  2.01E-19
  3.00E-19  4.03E-19  3.83E-19  3.83E-19  3.41E-19  2.77E-19  2.35E-19  1.86E-19
  1.43E-19  1.16E-19  8.31E-20  6.02E-20  4.34E-20  3.05E-20  2.06E-20  1.37E-20
   170.02060015218225     
  0.00E+00 -5.93E-11 -2.42E-10 -1.42E-10 -2.40E-10 -1.39E-10 -4.35E-11 -1.53E-11
 -2.62E-12 -6.64E-13 -1.64E-13 -4.92E-13 -6.50E-13 -4.46E-13 -2.67E-13 -1.96E-13
 -1.28E-13 -6.88E-14 -2.18E-14  2.93E-15  1.06E-14  7.72E-15  3.01E-15  2.34E-15
  1.35E-15  9.24E-16  8.69E-16  5.06E-16  6.35E-16  3.93E-16  2.78E-16  2.07E-16
  1.78E-16  1.32E-16  1.03E-16  6.17E-17  3.32E-17  4.56E-18 -6.42E-18 -1.08E-17
 -9.60E-18 -8.50E-18 -5.30E-18 -3.04E-18 -1.66E-18 -4.93E-19  1.20E-19  3.36E-19
  3.60E-19  3.92E-19  3.57E-19  3.49E-19  3.05E-19  2.42E-19  1.97E-19  1.56E-19
  1.19E-19  9.53E-20  6.88E-20  4.92E-20  3.59E-20  2.49E-20  1.69E-20  1.14E-20
   172.02170225811881     
  0.00E+00 -4.86E-11 -2.26E-10 -1.21E-10 -2.14E-10 -1.27E-10 -4.11E-11 -1.42E-11
 -2.17E-12 -7.43E-13 -4.60E-14 -4.22E-13 -5.66E-13 -4.12E-13 -2.57E-13 -1.80E-13
 -1.15E-13 -6.32E-14 -2.10E-14 -7.17E-16  9.26E-15  7.04E-15  4.83E-15  2.37E-15
  2.18E-15  1.49E-15  7.16E-16  6.48E-16  7.76E-16  5.39E-16  3.59E-16  2.76E-16
  1.97E-16  1.42E-16  1.09E-16  7.08E-17  4.25E-17  1.51E-17  1.09E-18 -4.65E-18
 -5.70E-18 -6.22E-18 -3.87E-18 -2.19E-18 -1.29E-18 -3.73E-19  1.96E-19  3.77E-19
  4.07E-19  4.07E-19  3.42E-19  3.14E-19  2.72E-19  2.20E-19  1.72E-19  1.34E-19
  1.02E-19  8.07E-20  5.84E-20  4.14E-20  3.05E-20  2.11E-20  1.43E-20  9.64E-21
   174.02248336444831     
  0.00E+00 -4.21E-11 -2.08E-10 -1.03E-10 -1.90E-10 -1.17E-10 -3.88E-11 -1.32E-11
 -1.74E-12 -8.13E-13  4.36E-14 -3.66E-13 -4.83E-13 -3.72E-13 -2.36E-13 -1.65E-13
 -1.01E-13 -6.00E-14 -2.18E-14 -4.66E-15  7.19E-15  5.87E-15  5.16E-15  2.33E-15
  2.45E-15  1.70E-15  4.53E-16  6.63E-16  8.06E-16  6.25E-16  3.99E-16  3.01E-16
  1.92E-16  1.41E-16  1.08E-16  7.16E-17  4.46E-17  1.90E-17  5.14E-18 -7.58E-19
 -3.43E-18 -4.55E-18 -3.15E-18 -1.67E-18 -1.03E-18 -3.00E-19  1.53E-19  3.60E-19
  4.11E-19  3.88E-19  3.30E-19  2.80E-19  2.37E-19  1.95E-19  1.51E-19  1.16E-19
  8.69E-20  6.82E-20  4.88E-20  3.46E-20  2.59E-20  1.77E-20  1.20E-20  8.09E-21
   176.02339279572044     
  0.00E+00 -4.06E-11 -1.88E-10 -8.82E-11 -1.70E-10 -1.07E-10 -3.66E-11 -1.22E-11
 -1.41E-12 -8.89E-13  9.98E-14 -3.31E-13 -4.12E-13 -3.39E-13 -2.14E-13 -1.53E-13
 -8.81E-14 -5.84E-14 -2.48E-14 -7.90E-15  4.85E-15  4.45E-15  4.41E-15  2.02E-15
  2.32E-15  1.65E-15  1.78E-16  5.42E-16  7.36E-16  6.19E-16  4.00E-16  2.89E-16
  1.70E-16  1.30E-16  1.00E-16  6.47E-17  4.10E-17  1.77E-17  6.09E-18  9.85E-19
 -2.34E-18 -3.39E-18 -2.74E-18 -1.38E-18 -9.02E-19 -2.80E-19  1.13E-19  2.86E-19
  3.49E-19  3.48E-19  3.11E-19  2.43E-19  1.99E-19  1.65E-19  1.28E-19  9.70E-20
  7.23E-20  5.56E-20  3.92E-20  2.77E-20  2.10E-20  1.44E-20  9.56E-21  6.45E-21
   178.01293835590795     
  0.00E+00 -4.01E-11 -1.67E-10 -7.47E-11 -1.51E-10 -9.79E-11 -3.47E-11 -1.14E-11
 -1.21E-12 -9.44E-13  1.36E-13 -3.10E-13 -3.52E-13 -3.19E-13 -1.98E-13 -1.47E-13
 -7.73E-14 -5.59E-14 -2.81E-14 -9.78E-15  3.18E-15  3.46E-15  3.76E-15  1.65E-15
  2.14E-15  1.63E-15  5.45E-17  3.79E-16  6.51E-16  5.88E-16  3.92E-16  2.85E-16
  1.47E-16  1.17E-16  9.03E-17  5.58E-17  3.73E-17  1.55E-17  5.78E-18  1.59E-18
 -1.07E-18 -2.51E-18 -2.20E-18 -1.23E-18 -7.06E-19 -2.91E-19  1.09E-19  2.00E-19
  2.90E-19  2.89E-19  2.71E-19  2.17E-19  1.66E-19  1.35E-19  1.05E-19  7.89E-20
  5.91E-20  4.48E-20  3.08E-20  2.16E-20  1.65E-20  1.13E-20  7.51E-21  5.03E-21
   180.01441554650876     
  0.00E+00 -3.77E-11 -1.50E-10 -6.10E-11 -1.34E-10 -8.93E-11 -3.29E-11 -1.05E-11
 -1.09E-12 -9.35E-13  1.72E-13 -2.87E-13 -2.93E-13 -3.07E-13 -1.88E-13 -1.42E-13
 -6.89E-14 -5.13E-14 -2.97E-14 -1.05E-14  2.43E-15  3.50E-15  3.64E-15  1.64E-15
  2.15E-15  1.74E-15  1.39E-16  2.73E-16  5.93E-16  5.96E-16  4.02E-16  3.00E-16
  1.34E-16  1.09E-16  8.27E-17  5.00E-17  3.48E-17  1.55E-17  5.85E-18  1.86E-18
  7.11E-20 -1.45E-18 -1.46E-18 -1.02E-18 -4.86E-19 -1.98E-19  1.15E-19  1.53E-19
  2.48E-19  2.39E-19  2.27E-19  1.92E-19  1.40E-19  1.12E-19  8.56E-20  6.27E-20
  4.83E-20  3.67E-20  2.45E-20  1.70E-20  1.29E-20  8.89E-21  5.88E-21  3.92E-21
   182.01567567094969     
  0.00E+00 -3.30E-11 -1.35E-10 -4.80E-11 -1.19E-10 -8.11E-11 -3.11E-11 -9.69E-12
 -9.78E-13 -8.66E-13  2.07E-13 -2.54E-13 -2.33E-13 -2.91E-13 -1.74E-13 -1.35E-13
 -6.18E-14 -4.52E-14 -2.91E-14 -1.07E-14  1.83E-15  4.05E-15  3.72E-15  1.85E-15
  2.25E-15  1.81E-15  3.39E-16  2.42E-16  5.35E-16  6.00E-16  4.20E-16  3.11E-16
  1.36E-16  1.03E-16  7.62E-17  4.74E-17  3.15E-17  1.62E-17  6.27E-18  1.99E-18
  5.11E-19 -4.05E-19 -8.13E-19 -6.85E-19 -3.08E-19 -1.13E-19  1.51E-19  1.57E-19
  2.02E-19  2.12E-19  1.92E-19  1.64E-19  1.22E-19  9.62E-20  7.15E-20  5.07E-20
  3.96E-20  3.00E-20  2.02E-20  1.37E-20  1.02E-20  6.99E-21  4.62E-21  3.04E-21
   184.01666845642231     
  0.00E+00 -2.71E-11 -1.22E-10 -3.75E-11 -1.05E-10 -7.38E-11 -2.92E-11 -8.92E-12
 -8.76E-13 -7.92E-13  2.24E-13 -2.22E-13 -1.79E-13 -2.69E-13 -1.55E-13 -1.25E-13
 -5.54E-14 -3.95E-14 -2.74E-14 -1.11E-14  5.12E-16  3.96E-15  3.72E-15  1.85E-15
  2.13E-15  1.69E-15  4.89E-16  2.51E-16  4.40E-16  5.48E-16  4.08E-16  3.04E-16
  1.45E-16  9.47E-17  6.81E-17  4.47E-17  2.77E-17  1.53E-17  6.30E-18  2.08E-18
  3.83E-19  2.15E-23 -3.37E-19 -4.87E-19 -2.10E-19 -7.52E-20  1.42E-19  1.69E-19
  1.81E-19  1.80E-19  1.56E-19  1.44E-19  1.08E-19  8.29E-20  6.12E-20  4.15E-20
  3.23E-20  2.46E-20  1.69E-20  1.11E-20  8.16E-21  5.51E-21  3.61E-21  2.34E-21
   186.01763578807902     
  0.00E+00 -2.37E-11 -1.08E-10 -2.97E-11 -9.32E-11 -6.74E-11 -2.74E-11 -8.27E-12
 -8.28E-13 -7.37E-13  2.13E-13 -1.97E-13 -1.35E-13 -2.49E-13 -1.34E-13 -1.17E-13
 -5.01E-14 -3.52E-14 -2.58E-14 -1.16E-14 -1.38E-15  2.98E-15  3.57E-15  1.60E-15
  1.76E-15  1.40E-15  5.01E-16  2.50E-16  3.37E-16  4.62E-16  3.59E-16  2.77E-16
  1.50E-16  8.48E-17  5.88E-17  4.04E-17  2.39E-17  1.33E-17  5.32E-18  1.77E-18
  1.13E-19 -9.30E-20 -1.09E-19 -4.21E-19 -2.09E-19 -7.29E-20  8.24E-20  1.58E-19
  1.60E-19  1.57E-19  1.27E-19  1.13E-19  9.09E-20  7.16E-20  5.34E-20  3.43E-20
  2.64E-20  1.94E-20  1.38E-20  9.03E-21  6.58E-21  4.33E-21  2.79E-21  1.76E-21
   188.01883420594311     
  0.00E+00 -2.39E-11 -9.31E-11 -2.25E-11 -8.26E-11 -6.14E-11 -2.58E-11 -7.68E-12
 -8.43E-13 -6.72E-13  1.82E-13 -1.75E-13 -1.00E-13 -2.34E-13 -1.19E-13 -1.10E-13
 -4.61E-14 -3.20E-14 -2.44E-14 -1.20E-14 -2.96E-15  1.87E-15  3.35E-15  1.42E-15
  1.43E-15  1.08E-15  4.37E-16  2.30E-16  2.79E-16  3.82E-16  3.12E-16  2.41E-16
  1.45E-16  7.81E-17  5.00E-17  3.40E-17  2.04E-17  1.13E-17  4.21E-18  1.09E-18
 -2.10E-19 -2.88E-19 -1.66E-19 -3.18E-19 -1.77E-19 -1.16E-19  4.01E-20  1.32E-19
  1.20E-19  1.26E-19  1.07E-19  8.91E-20  7.29E-20  5.60E-20  4.44E-20  2.90E-20
  2.14E-20  1.50E-20  1.05E-20  6.95E-21  5.11E-21  3.39E-21  2.13E-21  1.28E-21
   190.02034350006460     
  0.00E+00 -2.41E-11 -7.90E-11 -1.50E-11 -7.30E-11 -5.56E-11 -2.42E-11 -7.11E-12
 -8.92E-13 -5.72E-13  1.39E-13 -1.47E-13 -6.94E-14 -2.20E-13 -1.09E-13 -1.04E-13
 -4.26E-14 -2.90E-14 -2.30E-14 -1.22E-14 -3.58E-15  1.34E-15  3.11E-15  1.43E-15
  1.28E-15  8.29E-16  4.18E-16  2.32E-16  2.63E-16  3.13E-16  2.84E-16  2.11E-16
  1.33E-16  7.44E-17  4.40E-17  2.78E-17  1.71E-17  9.15E-18  3.61E-18  6.83E-19
 -4.51E-19 -5.94E-19 -2.16E-19 -1.85E-19 -1.47E-19 -7.33E-20 -7.61E-21  9.81E-20
  1.05E-19  9.79E-20  8.43E-20  7.16E-20  5.81E-20  4.45E-20  3.38E-20  2.29E-20
  1.70E-20  1.16E-20  7.91E-21  5.19E-21  3.73E-21  2.45E-21  1.58E-21  9.36E-22
   192.02195482376243     
  0.00E+00 -2.15E-11 -6.77E-11 -7.99E-12 -6.42E-11 -5.02E-11 -2.27E-11 -6.55E-12
 -9.33E-13 -4.54E-13  9.26E-14 -1.13E-13 -4.27E-14 -1.99E-13 -1.01E-13 -9.57E-14
 -3.81E-14 -2.61E-14 -2.10E-14 -1.22E-14 -3.55E-15  1.45E-15  2.76E-15  1.51E-15
  1.24E-15  6.62E-16  4.65E-16  2.78E-16  2.40E-16  2.55E-16  2.60E-16  1.92E-16
  1.22E-16  7.06E-17  4.13E-17  2.37E-17  1.47E-17  7.53E-18  3.11E-18  4.79E-19
 -4.02E-19 -6.53E-19 -3.09E-19 -1.72E-19 -9.37E-20 -3.83E-20 -1.16E-20  8.02E-20
  8.74E-20  8.13E-20  7.18E-20  5.49E-20  4.54E-20  3.59E-20  2.64E-20  1.84E-20
  1.33E-20  8.59E-21  5.92E-21  3.91E-21  2.74E-21  1.75E-21  1.13E-21  6.55E-22
   194.02335423330197     
  0.00E+00 -1.72E-11 -5.83E-11 -2.28E-12 -5.63E-11 -4.52E-11 -2.11E-11 -6.08E-12
 -9.48E-13 -3.45E-13  4.84E-14 -8.10E-14 -2.31E-14 -1.71E-13 -9.35E-14 -8.55E-14
 -3.29E-14 -2.42E-14 -1.84E-14 -1.21E-14 -3.66E-15  1.67E-15  2.33E-15  1.49E-15
  1.15E-15  5.29E-16  4.74E-16  3.31E-16  2.13E-16  2.09E-16  2.27E-16  1.72E-16
  1.14E-16  6.73E-17  3.99E-17  2.03E-17  1.32E-17  6.35E-18  2.70E-18  4.52E-19
 -4.21E-19 -5.22E-19 -4.26E-19 -2.28E-19 -8.24E-20 -2.09E-20  9.77E-21  5.14E-20
  6.99E-20  6.84E-20  6.16E-20  4.70E-20  3.66E-20  2.78E-20  2.04E-20  1.48E-20
  1.12E-20  6.93E-21  4.36E-21  2.79E-21  1.95E-21  1.28E-21  8.28E-22  4.93E-22
   196.01276165247137     
  0.00E+00 -1.44E-11 -4.90E-11  1.97E-12 -4.96E-11 -4.08E-11 -1.96E-11 -5.67E-12
 -9.51E-13 -2.58E-13  6.19E-15 -5.67E-14 -1.31E-14 -1.42E-13 -8.63E-14 -7.52E-14
 -2.87E-14 -2.33E-14 -1.57E-14 -1.19E-14 -4.24E-15  1.53E-15  1.88E-15  1.37E-15
  9.61E-16  3.83E-16  3.64E-16  3.30E-16  2.14E-16  1.70E-16  1.87E-16  1.44E-16
  1.03E-16  6.34E-17  3.80E-17  1.69E-17  1.15E-17  4.94E-18  2.34E-18  5.30E-19
 -5.13E-19 -5.98E-19 -4.36E-19 -2.76E-19 -1.49E-19 -2.79E-20  1.24E-20  3.31E-20
  5.66E-20  5.21E-20  4.83E-20  3.81E-20  3.05E-20  2.29E-20  1.59E-20  1.08E-20
  8.68E-21  5.65E-21  3.61E-21  2.21E-21  1.32E-21  7.99E-22  5.13E-22  3.37E-22
   198.01410078846436     
  0.00E+00 -1.41E-11 -3.95E-11  5.47E-12 -4.37E-11 -3.67E-11 -1.82E-11 -5.31E-12
 -9.60E-13 -1.91E-13 -3.55E-14 -4.00E-14 -1.11E-14 -1.16E-13 -8.06E-14 -6.54E-14
 -2.67E-14 -2.25E-14 -1.33E-14 -1.15E-14 -4.91E-15  1.05E-15  1.39E-15  1.25E-15
  7.70E-16  2.22E-16  1.97E-16  2.56E-16  2.25E-16  1.41E-16  1.49E-16  1.12E-16
  8.67E-17  5.61E-17  3.51E-17  1.51E-17  9.73E-18  3.24E-18  1.60E-18  2.64E-19
 -4.21E-19 -6.09E-19 -5.17E-19 -3.69E-19 -1.73E-19 -8.72E-20  2.02E-21  2.61E-20
  3.15E-20  4.15E-20  3.80E-20  2.76E-20  2.34E-20  1.77E-20  1.29E-20  8.36E-21
  6.30E-21  3.99E-21  2.51E-21  1.65E-21  9.75E-22  5.57E-22  2.69E-22  1.50E-22
   200.01568659294261     
  0.00E+00 -1.41E-11 -3.03E-11  8.87E-12 -3.84E-11 -3.29E-11 -1.69E-11 -4.98E-12
 -9.71E-13 -1.36E-13 -7.15E-14 -2.58E-14 -1.20E-14 -9.29E-14 -7.54E-14 -5.63E-14
 -2.66E-14 -2.08E-14 -1.15E-14 -1.07E-14 -5.13E-15  5.92E-16  9.37E-16  1.18E-15
  6.79E-16  1.13E-16  9.61E-17  1.58E-16  2.07E-16  1.26E-16  1.22E-16  8.56E-17
  6.60E-17  4.75E-17  3.11E-17  1.44E-17  8.46E-18  2.32E-18  7.96E-19 -1.24E-19
 -4.46E-19 -5.52E-19 -5.14E-19 -4.27E-19 -2.08E-19 -1.42E-19 -8.58E-21  7.78E-21
  1.72E-20  2.86E-20  2.55E-20  2.18E-20  1.87E-20  1.20E-20  9.13E-21  6.11E-21
  4.55E-21  2.96E-21  1.60E-21  1.00E-21  4.87E-22  2.83E-22  1.25E-22  5.39E-23
   202.01727199861875     
  0.00E+00 -1.28E-11 -2.24E-11  1.23E-11 -3.35E-11 -2.93E-11 -1.57E-11 -4.67E-12
 -9.64E-13 -8.83E-14 -9.48E-14 -1.23E-14 -1.17E-14 -7.19E-14 -6.86E-14 -4.77E-14
 -2.69E-14 -1.84E-14 -1.03E-14 -9.60E-15 -4.83E-15  2.97E-16  6.34E-16  1.11E-15
  6.86E-16  1.20E-16  8.51E-17  9.02E-17  1.69E-16  1.16E-16  1.03E-16  7.25E-17
  5.02E-17  3.99E-17  2.60E-17  1.34E-17  7.79E-18  2.42E-18  3.91E-19 -2.65E-19
 -5.39E-19 -5.66E-19 -4.37E-19 -4.02E-19 -2.30E-19 -1.73E-19 -3.96E-20 -1.35E-21
  9.88E-21  1.80E-20  1.58E-20  1.39E-20  1.47E-20  9.77E-21  6.38E-21  4.16E-21
  2.53E-21  1.86E-21  1.09E-21  6.32E-22  2.00E-22  4.22E-23 -6.08E-23 -5.35E-23
   204.01902186966251     
  0.00E+00 -1.06E-11 -1.60E-11  1.53E-11 -2.91E-11 -2.60E-11 -1.44E-11 -4.38E-12
 -9.30E-13 -5.02E-14 -1.04E-13 -2.74E-15 -9.72E-15 -5.39E-14 -5.93E-14 -4.01E-14
 -2.64E-14 -1.61E-14 -9.45E-15 -8.35E-15 -4.25E-15  1.24E-17  4.91E-16  9.50E-16
  6.87E-16  1.95E-16  1.01E-16  6.20E-17  1.37E-16  9.89E-17  8.39E-17  6.78E-17
  4.35E-17  3.33E-17  2.04E-17  1.20E-17  6.96E-18  2.61E-18  3.45E-19 -2.59E-19
 -5.03E-19 -5.14E-19 -4.40E-19 -3.59E-19 -2.02E-19 -1.78E-19 -6.74E-20 -1.75E-20
  3.49E-22  1.22E-20  1.12E-20  8.76E-21  9.49E-21  7.28E-21  4.97E-21  3.30E-21
  1.57E-21  9.89E-22  4.42E-22  2.35E-22  5.05E-23 -3.35E-23 -1.27E-22 -1.34E-22
   206.02072355125580     
  0.00E+00 -8.51E-12 -1.05E-11  1.74E-11 -2.54E-11 -2.30E-11 -1.33E-11 -4.11E-12
 -8.78E-13 -2.97E-14 -1.06E-13 -7.23E-16 -7.67E-15 -4.02E-14 -4.85E-14 -3.38E-14
 -2.48E-14 -1.46E-14 -8.73E-15 -6.97E-15 -3.77E-15 -3.78E-16  4.05E-16  6.97E-16
  6.09E-16  2.15E-16  1.02E-16  5.20E-17  1.15E-16  7.73E-17  6.18E-17  5.95E-17
  4.00E-17  2.82E-17  1.62E-17  1.02E-17  5.47E-18  2.27E-18  5.32E-19 -2.36E-19
 -4.71E-19 -4.60E-19 -4.10E-19 -3.26E-19 -1.92E-19 -1.62E-19 -7.65E-20 -3.45E-20
 -5.95E-21  5.13E-21  6.42E-21  6.41E-21  5.92E-21  5.29E-21  3.12E-21  2.20E-21
  1.18E-21  6.58E-22  2.41E-22 -4.23E-23 -1.41E-22 -1.35E-22 -1.59E-22 -1.32E-22
   208.02246892026017     
  0.00E+00 -7.38E-12 -5.35E-12  1.87E-11 -2.23E-11 -2.03E-11 -1.22E-11 -3.85E-12
 -8.25E-13 -2.72E-14 -1.06E-13 -4.81E-15 -6.96E-15 -3.07E-14 -3.78E-14 -2.92E-14
 -2.29E-14 -1.38E-14 -7.95E-15 -5.63E-15 -3.52E-15 -7.96E-16  3.01E-16  4.25E-16
  4.88E-16  1.39E-16  8.95E-17  3.95E-17  9.13E-17  6.27E-17  3.99E-17  4.42E-17
  3.32E-17  2.36E-17  1.38E-17  8.09E-18  4.33E-18  1.64E-18  4.58E-19 -2.48E-19
 -3.91E-19 -4.55E-19 -3.67E-19 -2.91E-19 -1.89E-19 -1.56E-19 -7.92E-20 -4.75E-20
 -1.34E-20  4.38E-22  1.93E-21  3.09E-21  2.85E-21  3.89E-21  2.42E-21  1.14E-21
  4.90E-22  2.95E-22  6.58E-23 -8.58E-23 -1.55E-22 -1.95E-22 -2.13E-22 -1.56E-22
   210.01233711491642     
  0.00E+00 -7.05E-12 -4.93E-13  1.99E-11 -1.94E-11 -1.79E-11 -1.12E-11 -3.62E-12
 -7.81E-13 -3.30E-14 -1.04E-13 -1.00E-14 -7.19E-15 -2.37E-14 -2.83E-14 -2.62E-14
 -2.08E-14 -1.33E-14 -7.11E-15 -4.58E-15 -3.33E-15 -1.05E-15  1.71E-16  2.34E-16
  3.88E-16  5.31E-17  7.38E-17  2.29E-17  6.50E-17  5.29E-17  2.70E-17  3.03E-17
  2.39E-17  1.87E-17  1.16E-17  6.28E-18  3.63E-18  1.28E-18  2.07E-19 -2.94E-19
 -3.74E-19 -4.38E-19 -3.41E-19 -2.45E-19 -1.70E-19 -1.54E-19 -7.92E-20 -5.87E-20
 -2.25E-20 -4.42E-21 -2.18E-21  1.46E-21  1.47E-22  1.57E-21  1.52E-21  8.66E-22
  1.23E-22 -1.46E-22 -2.30E-22 -2.35E-22 -1.94E-22 -1.89E-22 -2.11E-22 -1.61E-22
   212.01400084753001     
  0.00E+00 -6.57E-12  3.88E-12  2.12E-11 -1.68E-11 -1.57E-11 -1.03E-11 -3.39E-12
 -7.37E-13 -3.86E-14 -9.62E-14 -1.31E-14 -7.31E-15 -1.72E-14 -2.01E-14 -2.38E-14
 -1.85E-14 -1.28E-14 -6.26E-15 -3.95E-15 -2.94E-15 -1.07E-15  2.79E-17  1.91E-16
  3.15E-16  3.03E-17  4.98E-17  1.58E-17  4.46E-17  4.19E-17  2.47E-17  2.27E-17
  1.60E-17  1.36E-17  9.11E-18  4.89E-18  2.78E-18  1.09E-18  2.58E-19 -2.58E-19
 -4.54E-19 -4.09E-19 -3.36E-19 -2.20E-19 -1.44E-19 -1.25E-19 -7.47E-20 -6.16E-20
 -3.02E-20 -9.51E-21 -5.36E-21 -3.66E-22 -8.81E-22 -2.32E-22  1.75E-22  2.98E-22
  5.24E-24 -2.79E-22 -4.35E-22 -3.88E-22 -2.94E-22 -2.37E-22 -2.16E-22 -1.54E-22
   214.01583981203240     
  0.00E+00 -5.49E-12  7.54E-12  2.24E-11 -1.44E-11 -1.36E-11 -9.36E-12 -3.15E-12
 -6.88E-13 -4.28E-14 -8.57E-14 -1.44E-14 -7.50E-15 -1.06E-14 -1.33E-14 -2.11E-14
 -1.58E-14 -1.20E-14 -5.51E-15 -3.57E-15 -2.36E-15 -9.80E-16 -1.01E-16  2.47E-16
  2.55E-16  4.83E-17  1.65E-17  2.22E-17  3.33E-17  3.14E-17  2.55E-17  1.89E-17
  1.15E-17  9.10E-18  6.88E-18  3.66E-18  2.07E-18  8.06E-19  3.53E-19 -1.23E-19
 -4.00E-19 -3.75E-19 -3.13E-19 -2.18E-19 -1.30E-19 -9.94E-20 -5.96E-20 -5.27E-20
 -3.34E-20 -1.42E-20 -7.58E-21 -1.69E-21 -1.52E-21 -9.09E-22 -6.36E-22 -3.37E-22
 -2.69E-22 -3.70E-22 -4.23E-22 -4.16E-22 -3.48E-22 -2.67E-22 -2.27E-22 -1.65E-22
   216.01782115056560     
  0.00E+00 -3.88E-12  1.05E-11  2.32E-11 -1.23E-11 -1.18E-11 -8.51E-12 -2.92E-12
 -6.38E-13 -4.74E-14 -7.61E-14 -1.54E-14 -9.11E-15 -4.28E-15 -7.98E-15 -1.77E-14
 -1.32E-14 -1.12E-14 -4.95E-15 -3.18E-15 -1.82E-15 -9.56E-16 -1.90E-16  2.71E-16
  2.13E-16  5.76E-17 -9.63E-18  2.41E-17  2.72E-17  2.42E-17  2.30E-17  1.57E-17
  9.48E-18  6.26E-18  4.97E-18  2.52E-18  1.48E-18  5.57E-19  2.55E-19 -4.13E-20
 -2.36E-19 -3.19E-19 -2.68E-19 -2.01E-19 -1.24E-19 -9.11E-20 -5.00E-20 -3.90E-20
 -3.01E-20 -1.71E-20 -9.30E-21 -2.39E-21 -1.95E-21 -1.13E-21 -1.13E-21 -6.41E-22
 -4.29E-22 -4.44E-22 -4.24E-22 -3.87E-22 -3.29E-22 -2.58E-22 -2.07E-22 -1.58E-22
   218.01982925045988     
  0.00E+00 -2.69E-12  1.27E-11  2.34E-11 -1.06E-11 -1.03E-11 -7.73E-12 -2.70E-12
 -5.94E-13 -5.38E-14 -6.93E-14 -1.72E-14 -1.26E-14  9.57E-16 -4.42E-15 -1.42E-14
 -1.11E-14 -1.06E-14 -4.51E-15 -2.70E-15 -1.55E-15 -1.02E-15 -2.45E-16  1.99E-16
  1.91E-16  5.62E-17 -1.77E-17  7.54E-18  2.05E-17  1.88E-17  1.81E-17  1.18E-17
  7.85E-18  5.06E-18  3.68E-18  1.56E-18  7.30E-19  3.48E-19  4.91E-20 -6.91E-20
 -1.19E-19 -2.50E-19 -2.29E-19 -1.71E-19 -1.20E-19 -8.51E-20 -4.54E-20 -3.21E-20
 -2.48E-20 -1.67E-20 -1.07E-20 -3.31E-21 -2.06E-21 -1.03E-21 -1.35E-21 -9.33E-22
 -5.28E-22 -4.40E-22 -4.17E-22 -3.80E-22 -2.97E-22 -2.31E-22 -1.82E-22 -1.39E-22
