   2.0212276278728090     
  1.63E-45  4.83E-16  8.66E-15  3.32E-14  1.66E-13  7.33E-13  1.79E-12  4.27E-12
  1.13E-11  2.89E-11  5.44E-11  1.14E-10  2.11E-10  3.82E-10  6.03E-10  7.94E-10
  1.19E-09  1.57E-09  1.97E-09  2.26E-09  2.76E-09  3.28E-09  3.34E-09  3.49E-09
  3.35E-09  3.11E-09  2.69E-09  2.22E-09  1.88E-09  1.54E-09  1.27E-09  1.05E-09
  8.27E-10  6.71E-10  5.04E-10  3.67E-10  2.78E-10  2.02E-10  1.52E-10  1.13E-10
  8.66E-11  6.55E-11  4.75E-11  3.53E-11  2.51E-11  1.87E-11  1.31E-11  9.85E-12
  7.36E-12  5.67E-12  4.27E-12  3.15E-12  2.51E-12  1.88E-12  1.43E-12  1.11E-12
  8.40E-13  6.74E-13  5.17E-13  4.06E-13  3.44E-13  2.75E-13  2.29E-13  1.84E-13
   4.0155938952611692     
  3.59E-40  9.05E-09  1.25E-07  5.42E-07  2.53E-06  1.10E-05  2.80E-05  6.15E-05
  1.44E-04  2.79E-04  3.60E-04  4.32E-04  5.16E-04  6.26E-04  7.32E-04  6.83E-04
  6.33E-04  4.61E-04  3.13E-04  2.06E-04  1.48E-04  1.03E-04  7.15E-05  5.90E-05
  4.84E-05  3.82E-05  2.65E-05  1.92E-05  1.54E-05  1.23E-05  1.01E-05  8.17E-06
  6.11E-06  4.94E-06  4.01E-06  3.25E-06  2.68E-06  2.04E-06  1.60E-06  1.21E-06
  9.74E-07  7.68E-07  5.74E-07  4.47E-07  3.40E-07  2.91E-07  2.35E-07  1.95E-07
  1.53E-07  1.22E-07  1.01E-07  8.00E-08  6.64E-08  5.41E-08  4.41E-08  3.62E-08
  2.97E-08  2.46E-08  1.93E-08  1.56E-08  1.31E-08  1.06E-08  8.44E-09  6.69E-09
   6.0175482632651471     
  1.35E-38  1.37E-06  1.82E-05  9.33E-05  4.52E-04  1.38E-03  2.55E-03  3.49E-03
  3.60E-03  4.07E-03  2.80E-03  1.88E-03  1.60E-03  1.32E-03  8.98E-04  5.54E-04
  4.22E-04  2.88E-04  1.93E-04  1.39E-04  1.06E-04  7.85E-05  5.23E-05  3.98E-05
  2.93E-05  2.27E-05  1.66E-05  1.28E-05  9.91E-06  7.31E-06  5.70E-06  4.53E-06
  3.47E-06  2.81E-06  2.24E-06  1.74E-06  1.43E-06  1.08E-06  8.88E-07  6.84E-07
  5.86E-07  4.84E-07  3.73E-07  3.11E-07  2.49E-07  2.08E-07  1.65E-07  1.36E-07
  1.11E-07  9.13E-08  7.53E-08  6.04E-08  5.03E-08  4.11E-08  3.46E-08  2.87E-08
  2.44E-08  2.06E-08  1.69E-08  1.42E-08  1.19E-08  1.00E-08  8.74E-09  7.39E-09
   8.0121013006781361     
  2.06E-38  1.17E-05  2.41E-04  1.05E-03  3.71E-03  8.02E-03  6.60E-03  5.74E-03
  4.54E-03  4.24E-03  2.52E-03  1.64E-03  1.18E-03  7.74E-04  4.87E-04  2.82E-04
  2.44E-04  1.80E-04  1.32E-04  8.54E-05  6.50E-05  4.79E-05  3.44E-05  2.50E-05
  1.94E-05  1.56E-05  1.19E-05  8.62E-06  6.71E-06  5.40E-06  4.05E-06  3.33E-06
  2.60E-06  2.14E-06  1.80E-06  1.40E-06  1.16E-06  9.24E-07  7.47E-07  5.93E-07
  5.07E-07  4.22E-07  3.28E-07  2.81E-07  2.22E-07  1.88E-07  1.46E-07  1.27E-07
  1.05E-07  8.70E-08  7.18E-08  5.78E-08  4.91E-08  4.06E-08  3.34E-08  2.76E-08
  2.32E-08  1.93E-08  1.59E-08  1.30E-08  1.12E-08  9.27E-09  7.72E-09  6.38E-09
   10.012243397747243     
  4.76E-39  4.62E-05  1.15E-03  4.27E-03  1.06E-02  1.20E-02  7.37E-03  5.18E-03
  3.11E-03  2.58E-03  1.51E-03  8.74E-04  6.36E-04  4.22E-04  2.90E-04  1.94E-04
  1.44E-04  1.02E-04  7.34E-05  5.11E-05  3.93E-05  2.94E-05  2.14E-05  1.69E-05
  1.34E-05  1.05E-05  8.41E-06  6.40E-06  5.25E-06  4.07E-06  3.24E-06  2.66E-06
  2.13E-06  1.77E-06  1.46E-06  1.16E-06  9.72E-07  7.87E-07  6.53E-07  5.38E-07
  4.55E-07  3.72E-07  3.10E-07  2.57E-07  2.10E-07  1.83E-07  1.49E-07  1.23E-07
  1.04E-07  8.69E-08  7.27E-08  5.97E-08  5.11E-08  4.27E-08  3.48E-08  2.90E-08
  2.43E-08  2.06E-08  1.68E-08  1.41E-08  1.20E-08  9.85E-09  8.27E-09  6.74E-09
   12.011236499487735     
  5.16E-38  2.10E-04  3.75E-03  9.90E-03  1.45E-02  1.05E-02  5.13E-03  2.94E-03
  2.14E-03  1.60E-03  8.13E-04  5.25E-04  3.80E-04  2.52E-04  1.77E-04  1.16E-04
  9.39E-05  6.93E-05  5.00E-05  3.51E-05  2.86E-05  2.21E-05  1.68E-05  1.31E-05
  1.06E-05  8.58E-06  6.80E-06  5.34E-06  4.35E-06  3.51E-06  2.92E-06  2.40E-06
  1.87E-06  1.59E-06  1.32E-06  1.07E-06  8.99E-07  7.28E-07  6.18E-07  4.97E-07
  4.23E-07  3.51E-07  2.87E-07  2.41E-07  2.02E-07  1.72E-07  1.39E-07  1.17E-07
  9.84E-08  8.28E-08  6.80E-08  5.61E-08  4.80E-08  3.98E-08  3.25E-08  2.71E-08
  2.29E-08  1.97E-08  1.60E-08  1.32E-08  1.13E-08  9.33E-09  7.90E-09  6.41E-09
   14.018227014620168     
  9.52E-38  6.11E-04  8.16E-03  1.38E-02  1.30E-02  6.46E-03  3.47E-03  2.02E-03
  1.36E-03  9.49E-04  5.28E-04  3.27E-04  2.40E-04  1.73E-04  1.19E-04  7.98E-05
  6.74E-05  4.76E-05  3.59E-05  2.68E-05  2.19E-05  1.77E-05  1.30E-05  1.05E-05
  8.40E-06  7.21E-06  5.67E-06  4.49E-06  3.75E-06  3.05E-06  2.51E-06  2.03E-06
  1.68E-06  1.41E-06  1.19E-06  9.57E-07  8.27E-07  6.76E-07  5.62E-07  4.58E-07
  3.86E-07  3.23E-07  2.63E-07  2.24E-07  1.83E-07  1.57E-07  1.24E-07  1.05E-07
  8.94E-08  7.40E-08  6.13E-08  4.89E-08  4.15E-08  3.37E-08  2.81E-08  2.27E-08
  1.89E-08  1.58E-08  1.26E-08  1.03E-08  8.45E-09  6.89E-09  5.63E-09  4.56E-09
   16.012449174488459     
  1.91E-38  1.27E-03  1.28E-02  1.39E-02  9.53E-03  4.13E-03  2.30E-03  1.39E-03
  8.84E-04  6.48E-04  3.34E-04  2.20E-04  1.75E-04  1.19E-04  8.47E-05  5.95E-05
  5.05E-05  3.66E-05  2.80E-05  2.11E-05  1.70E-05  1.38E-05  1.04E-05  8.58E-06
  6.94E-06  5.80E-06  4.84E-06  3.76E-06  3.13E-06  2.59E-06  2.11E-06  1.78E-06
  1.45E-06  1.24E-06  1.04E-06  8.38E-07  7.06E-07  5.80E-07  4.96E-07  3.98E-07
  3.47E-07  2.89E-07  2.35E-07  2.03E-07  1.64E-07  1.42E-07  1.15E-07  9.79E-08
  8.27E-08  6.83E-08  5.63E-08  4.54E-08  3.84E-08  3.11E-08  2.52E-08  2.04E-08
  1.67E-08  1.38E-08  1.08E-08  8.68E-09  7.10E-09  5.69E-09  4.62E-09  3.65E-09
   18.017355660989999     
  1.60E-38  2.15E-03  1.60E-02  1.24E-02  6.43E-03  2.69E-03  1.46E-03  9.29E-04
  5.74E-04  4.51E-04  2.35E-04  1.65E-04  1.28E-04  9.21E-05  6.61E-05  4.30E-05
  3.77E-05  2.84E-05  2.20E-05  1.64E-05  1.38E-05  1.16E-05  8.79E-06  7.07E-06
  5.81E-06  4.87E-06  3.96E-06  3.12E-06  2.69E-06  2.17E-06  1.78E-06  1.54E-06
  1.24E-06  1.10E-06  9.12E-07  7.34E-07  6.29E-07  5.15E-07  4.38E-07  3.59E-07
  3.04E-07  2.58E-07  2.11E-07  1.79E-07  1.46E-07  1.27E-07  1.01E-07  8.50E-08
  7.17E-08  5.96E-08  4.87E-08  3.91E-08  3.30E-08  2.70E-08  2.17E-08  1.77E-08
  1.46E-08  1.20E-08  9.58E-09  7.75E-09  6.38E-09  5.00E-09  4.05E-09  3.21E-09
   20.019283150327841     
  1.86E-37  3.21E-03  1.74E-02  1.01E-02  4.49E-03  2.01E-03  1.00E-03  6.45E-04
  3.86E-04  3.01E-04  1.66E-04  1.19E-04  8.88E-05  7.20E-05  4.91E-05  3.49E-05
  3.06E-05  2.33E-05  1.79E-05  1.40E-05  1.09E-05  9.50E-06  7.31E-06  6.25E-06
  5.01E-06  4.23E-06  3.47E-06  2.78E-06  2.35E-06  1.90E-06  1.59E-06  1.33E-06
  1.07E-06  9.14E-07  7.75E-07  6.22E-07  5.43E-07  4.41E-07  3.73E-07  3.03E-07
  2.59E-07  2.20E-07  1.79E-07  1.55E-07  1.26E-07  1.07E-07  8.78E-08  7.33E-08
  6.17E-08  5.13E-08  4.26E-08  3.41E-08  2.89E-08  2.36E-08  1.91E-08  1.57E-08
  1.28E-08  1.06E-08  8.47E-09  6.75E-09  5.61E-09  4.39E-09  3.57E-09  2.82E-09
   22.019080939313582     
  9.55E-39  4.21E-03  1.74E-02  7.83E-03  3.18E-03  1.49E-03  7.12E-04  4.81E-04
  2.85E-04  2.13E-04  1.31E-04  9.03E-05  6.94E-05  5.35E-05  3.95E-05  2.81E-05
  2.40E-05  1.84E-05  1.49E-05  1.09E-05  9.12E-06  7.99E-06  6.07E-06  5.12E-06
  4.23E-06  3.54E-06  2.96E-06  2.40E-06  2.04E-06  1.66E-06  1.36E-06  1.17E-06
  9.41E-07  8.18E-07  6.64E-07  5.37E-07  4.57E-07  3.78E-07  3.21E-07  2.64E-07
  2.24E-07  1.87E-07  1.53E-07  1.30E-07  1.06E-07  9.09E-08  7.24E-08  6.07E-08
  5.10E-08  4.21E-08  3.45E-08  2.77E-08  2.30E-08  1.87E-08  1.53E-08  1.24E-08
  1.03E-08  8.47E-09  6.70E-09  5.48E-09  4.52E-09  3.66E-09  2.96E-09  2.34E-09
   24.013148899670345     
  1.97E-38  5.08E-03  1.65E-02  5.76E-03  2.39E-03  1.12E-03  5.74E-04  3.50E-04
  2.22E-04  1.66E-04  9.90E-05  7.10E-05  5.46E-05  4.23E-05  3.02E-05  2.30E-05
  1.96E-05  1.51E-05  1.17E-05  9.03E-06  7.72E-06  6.57E-06  5.01E-06  4.19E-06
  3.46E-06  2.98E-06  2.41E-06  1.96E-06  1.69E-06  1.37E-06  1.14E-06  9.88E-07
  7.99E-07  6.61E-07  5.62E-07  4.50E-07  3.86E-07  3.14E-07  2.61E-07  2.10E-07
  1.80E-07  1.49E-07  1.21E-07  1.03E-07  8.14E-08  6.99E-08  5.52E-08  4.62E-08
  3.92E-08  3.20E-08  2.65E-08  2.13E-08  1.77E-08  1.43E-08  1.16E-08  9.41E-09
  7.75E-09  6.40E-09  5.07E-09  4.12E-09  3.41E-09  2.73E-09  2.24E-09  1.79E-09
   26.011647996395887     
  2.39E-38  5.83E-03  1.48E-02  4.02E-03  1.93E-03  8.63E-04  4.82E-04  2.78E-04
  1.76E-04  1.31E-04  7.75E-05  5.53E-05  4.29E-05  3.28E-05  2.43E-05  1.84E-05
  1.57E-05  1.28E-05  9.42E-06  7.48E-06  6.41E-06  5.23E-06  4.15E-06  3.48E-06
  2.83E-06  2.43E-06  2.00E-06  1.65E-06  1.37E-06  1.12E-06  9.41E-07  7.96E-07
  6.54E-07  5.62E-07  4.63E-07  3.77E-07  3.19E-07  2.53E-07  2.14E-07  1.72E-07
  1.45E-07  1.20E-07  9.52E-08  7.95E-08  6.38E-08  5.41E-08  4.26E-08  3.46E-08
  2.86E-08  2.32E-08  1.88E-08  1.48E-08  1.23E-08  9.90E-09  7.85E-09  6.32E-09
  5.09E-09  4.13E-09  3.23E-09  2.59E-09  2.07E-09  1.61E-09  1.30E-09  9.99E-10
   28.020977254108981     
  7.64E-38  6.45E-03  1.26E-02  2.90E-03  1.55E-03  6.88E-04  3.93E-04  2.10E-04
  1.42E-04  1.08E-04  6.23E-05  4.27E-05  3.34E-05  2.65E-05  1.96E-05  1.42E-05
  1.32E-05  1.05E-05  8.06E-06  6.11E-06  5.12E-06  4.27E-06  3.33E-06  2.77E-06
  2.36E-06  2.01E-06  1.65E-06  1.33E-06  1.15E-06  9.14E-07  7.68E-07  6.41E-07
  5.21E-07  4.47E-07  3.72E-07  3.00E-07  2.56E-07  2.04E-07  1.71E-07  1.37E-07
  1.17E-07  9.60E-08  7.69E-08  6.39E-08  5.05E-08  4.26E-08  3.32E-08  2.74E-08
  2.24E-08  1.81E-08  1.48E-08  1.14E-08  9.36E-09  7.45E-09  5.87E-09  4.70E-09
  3.72E-09  2.98E-09  2.30E-09  1.80E-09  1.41E-09  1.10E-09  8.60E-10  6.50E-10
   30.012144725052792     
  5.55E-39  6.78E-03  1.05E-02  2.26E-03  1.29E-03  5.79E-04  3.02E-04  1.66E-04
  1.07E-04  8.80E-05  5.16E-05  3.47E-05  2.79E-05  2.12E-05  1.61E-05  1.19E-05
  1.03E-05  8.39E-06  6.74E-06  5.06E-06  4.39E-06  3.63E-06  2.78E-06  2.38E-06
  1.93E-06  1.65E-06  1.37E-06  1.09E-06  9.47E-07  7.71E-07  6.20E-07  5.22E-07
  4.25E-07  3.58E-07  3.02E-07  2.40E-07  2.02E-07  1.66E-07  1.39E-07  1.12E-07
  9.37E-08  7.87E-08  6.16E-08  5.19E-08  4.15E-08  3.42E-08  2.67E-08  2.21E-08
  1.79E-08  1.45E-08  1.14E-08  9.08E-09  7.37E-09  5.68E-09  4.53E-09  3.53E-09
  2.81E-09  2.24E-09  1.70E-09  1.34E-09  1.05E-09  8.11E-10  6.29E-10  4.88E-10
   32.015487561634636     
  9.02E-39  6.85E-03  8.74E-03  1.80E-03  1.08E-03  4.90E-04  2.33E-04  1.31E-04
  8.58E-05  6.76E-05  4.18E-05  2.97E-05  2.32E-05  1.73E-05  1.34E-05  9.46E-06
  8.69E-06  6.74E-06  5.53E-06  4.20E-06  3.54E-06  2.93E-06  2.36E-06  1.96E-06
  1.57E-06  1.37E-06  1.13E-06  9.11E-07  7.67E-07  6.29E-07  5.04E-07  4.28E-07
  3.40E-07  2.80E-07  2.34E-07  1.88E-07  1.57E-07  1.28E-07  1.06E-07  8.52E-08
  7.16E-08  5.90E-08  4.65E-08  3.89E-08  3.06E-08  2.58E-08  1.98E-08  1.62E-08
  1.33E-08  1.06E-08  8.34E-09  6.51E-09  5.33E-09  4.11E-09  3.24E-09  2.51E-09
  2.01E-09  1.57E-09  1.22E-09  9.42E-10  7.53E-10  5.85E-10  4.54E-10  3.52E-10
   34.015657541174647     
  6.95E-38  6.76E-03  7.37E-03  1.39E-03  9.24E-04  4.16E-04  1.88E-04  1.06E-04
  7.45E-05  5.51E-05  3.41E-05  2.46E-05  1.96E-05  1.44E-05  1.09E-05  7.76E-06
  7.13E-06  5.55E-06  4.52E-06  3.43E-06  2.91E-06  2.47E-06  1.90E-06  1.59E-06
  1.34E-06  1.10E-06  9.09E-07  7.23E-07  6.09E-07  5.15E-07  4.09E-07  3.44E-07
  2.73E-07  2.32E-07  1.90E-07  1.50E-07  1.24E-07  9.85E-08  7.97E-08  6.40E-08
  5.28E-08  4.29E-08  3.39E-08  2.79E-08  2.17E-08  1.80E-08  1.40E-08  1.11E-08
  9.03E-09  7.15E-09  5.63E-09  4.37E-09  3.50E-09  2.73E-09  2.14E-09  1.66E-09
  1.32E-09  1.05E-09  7.92E-10  6.05E-10  4.82E-10  3.68E-10  2.82E-10  2.12E-10
   36.016540193639258     
  2.09E-38  6.58E-03  6.28E-03  1.05E-03  7.77E-04  3.58E-04  1.54E-04  9.40E-05
  6.01E-05  4.88E-05  2.98E-05  2.08E-05  1.65E-05  1.27E-05  9.22E-06  6.55E-06
  5.84E-06  4.72E-06  3.76E-06  2.87E-06  2.46E-06  2.05E-06  1.56E-06  1.32E-06
  1.07E-06  8.79E-07  7.32E-07  5.88E-07  5.00E-07  4.06E-07  3.32E-07  2.78E-07
  2.20E-07  1.85E-07  1.55E-07  1.21E-07  1.03E-07  8.10E-08  6.59E-08  5.11E-08
  4.21E-08  3.35E-08  2.64E-08  2.09E-08  1.65E-08  1.34E-08  1.01E-08  8.00E-09
  6.42E-09  5.01E-09  3.99E-09  3.06E-09  2.49E-09  1.94E-09  1.50E-09  1.18E-09
  9.21E-10  7.36E-10  5.56E-10  4.30E-10  3.42E-10  2.63E-10  2.05E-10  1.57E-10
   38.015110552460683     
  6.72E-38  6.34E-03  5.38E-03  8.05E-04  6.53E-04  2.92E-04  1.37E-04  7.87E-05
  5.08E-05  4.18E-05  2.52E-05  1.80E-05  1.39E-05  1.06E-05  8.19E-06  5.71E-06
  5.15E-06  3.93E-06  3.23E-06  2.38E-06  2.05E-06  1.74E-06  1.36E-06  1.10E-06
  8.92E-07  7.43E-07  5.91E-07  4.87E-07  3.97E-07  3.23E-07  2.63E-07  2.23E-07
  1.74E-07  1.49E-07  1.22E-07  9.67E-08  8.08E-08  6.30E-08  5.19E-08  4.10E-08
  3.37E-08  2.72E-08  2.14E-08  1.71E-08  1.32E-08  1.11E-08  8.21E-09  6.61E-09
  5.32E-09  4.17E-09  3.23E-09  2.45E-09  1.96E-09  1.52E-09  1.17E-09  9.22E-10
  7.12E-10  5.71E-10  4.22E-10  3.26E-10  2.53E-10  1.94E-10  1.49E-10  1.12E-10
   40.012819898455028     
  1.56E-38  6.08E-03  4.61E-03  6.75E-04  5.42E-04  2.29E-04  1.21E-04  6.82E-05
  4.19E-05  3.58E-05  2.10E-05  1.51E-05  1.20E-05  8.98E-06  6.86E-06  4.94E-06
  4.39E-06  3.43E-06  2.73E-06  2.03E-06  1.77E-06  1.43E-06  1.12E-06  9.79E-07
  7.73E-07  6.42E-07  5.16E-07  4.06E-07  3.33E-07  2.69E-07  2.14E-07  1.77E-07
  1.39E-07  1.18E-07  9.76E-08  7.56E-08  6.39E-08  5.05E-08  4.15E-08  3.20E-08
  2.62E-08  2.09E-08  1.64E-08  1.34E-08  1.03E-08  8.49E-09  6.56E-09  5.22E-09
  4.20E-09  3.29E-09  2.56E-09  1.98E-09  1.54E-09  1.20E-09  9.14E-10  7.17E-10
  5.57E-10  4.35E-10  3.28E-10  2.46E-10  1.92E-10  1.45E-10  1.10E-10  8.14E-11
   42.014869684977860     
  5.48E-38  5.85E-03  3.93E-03  6.23E-04  4.59E-04  1.89E-04  1.03E-04  6.16E-05
  3.53E-05  3.03E-05  1.82E-05  1.30E-05  1.02E-05  7.97E-06  5.87E-06  4.34E-06
  3.70E-06  2.91E-06  2.38E-06  1.74E-06  1.50E-06  1.24E-06  9.74E-07  8.19E-07
  6.67E-07  5.63E-07  4.44E-07  3.59E-07  2.92E-07  2.29E-07  1.86E-07  1.56E-07
  1.20E-07  9.87E-08  7.88E-08  6.23E-08  5.17E-08  4.06E-08  3.34E-08  2.58E-08
  2.15E-08  1.75E-08  1.36E-08  1.09E-08  8.47E-09  7.00E-09  5.24E-09  4.13E-09
  3.40E-09  2.64E-09  2.07E-09  1.63E-09  1.28E-09  9.98E-10  7.50E-10  5.93E-10
  4.58E-10  3.56E-10  2.71E-10  1.99E-10  1.59E-10  1.21E-10  9.25E-11  6.94E-11
   44.014606268313464     
  1.35E-38  5.66E-03  3.35E-03  5.96E-04  3.95E-04  1.66E-04  8.69E-05  5.44E-05
  3.24E-05  2.65E-05  1.53E-05  1.13E-05  8.70E-06  6.81E-06  5.28E-06  3.81E-06
  3.31E-06  2.50E-06  2.03E-06  1.51E-06  1.27E-06  1.05E-06  8.54E-07  7.04E-07
  5.73E-07  4.84E-07  3.82E-07  3.07E-07  2.56E-07  2.02E-07  1.64E-07  1.33E-07
  1.03E-07  8.56E-08  6.95E-08  5.29E-08  4.39E-08  3.41E-08  2.80E-08  2.15E-08
  1.76E-08  1.44E-08  1.09E-08  8.74E-09  6.80E-09  5.56E-09  4.16E-09  3.34E-09
  2.66E-09  2.13E-09  1.65E-09  1.23E-09  1.01E-09  7.83E-10  5.90E-10  4.51E-10
  3.52E-10  2.85E-10  2.10E-10  1.58E-10  1.26E-10  9.32E-11  6.93E-11  5.27E-11
   46.014997171668547     
  6.88E-38  5.47E-03  2.89E-03  5.74E-04  3.44E-04  1.50E-04  7.50E-05  4.84E-05
  3.04E-05  2.33E-05  1.30E-05  9.69E-06  7.72E-06  5.83E-06  4.60E-06  3.42E-06
  2.93E-06  2.29E-06  1.76E-06  1.33E-06  1.12E-06  9.30E-07  7.12E-07  5.89E-07
  4.92E-07  4.10E-07  3.35E-07  2.71E-07  2.17E-07  1.71E-07  1.42E-07  1.16E-07
  9.05E-08  7.47E-08  5.90E-08  4.57E-08  3.79E-08  2.88E-08  2.34E-08  1.81E-08
  1.49E-08  1.17E-08  8.95E-09  7.17E-09  5.56E-09  4.58E-09  3.30E-09  2.63E-09
  2.10E-09  1.67E-09  1.28E-09  9.61E-10  7.68E-10  5.94E-10  4.42E-10  3.29E-10
  2.58E-10  2.04E-10  1.47E-10  1.10E-10  8.61E-11  6.50E-11  4.85E-11  3.55E-11
   48.023061465411686     
  2.96E-38  5.26E-03  2.52E-03  5.50E-04  3.08E-04  1.35E-04  6.75E-05  4.49E-05
  2.70E-05  2.08E-05  1.19E-05  8.55E-06  6.93E-06  5.09E-06  4.05E-06  3.07E-06
  2.72E-06  2.01E-06  1.64E-06  1.22E-06  1.01E-06  8.28E-07  6.21E-07  5.24E-07
  4.13E-07  3.59E-07  2.81E-07  2.26E-07  1.88E-07  1.51E-07  1.20E-07  9.77E-08
  7.81E-08  6.43E-08  5.15E-08  3.95E-08  3.20E-08  2.49E-08  1.98E-08  1.51E-08
  1.20E-08  9.58E-09  7.48E-09  6.00E-09  4.54E-09  3.63E-09  2.73E-09  2.19E-09
  1.72E-09  1.33E-09  9.90E-10  7.52E-10  6.06E-10  4.55E-10  3.39E-10  2.52E-10
  1.99E-10  1.51E-10  1.13E-10  8.21E-11  6.45E-11  4.82E-11  3.54E-11  2.68E-11
   50.022952978596898     
  7.62E-38  5.07E-03  2.22E-03  5.19E-04  2.79E-04  1.21E-04  6.16E-05  4.17E-05
  2.40E-05  1.86E-05  1.10E-05  7.77E-06  6.12E-06  4.70E-06  3.60E-06  2.67E-06
  2.47E-06  1.84E-06  1.44E-06  1.13E-06  9.40E-07  7.44E-07  5.49E-07  4.61E-07
  3.67E-07  2.98E-07  2.41E-07  1.94E-07  1.56E-07  1.25E-07  1.01E-07  8.31E-08
  6.34E-08  5.27E-08  4.32E-08  3.25E-08  2.64E-08  2.09E-08  1.67E-08  1.27E-08
  1.03E-08  8.14E-09  5.99E-09  4.74E-09  3.60E-09  2.94E-09  2.11E-09  1.64E-09
  1.28E-09  1.01E-09  7.61E-10  5.70E-10  4.43E-10  3.38E-10  2.61E-10  1.97E-10
  1.51E-10  1.14E-10  8.63E-11  6.35E-11  4.94E-11  3.65E-11  2.71E-11  1.99E-11
   52.013477321470987     
  9.35E-38  4.87E-03  1.99E-03  4.86E-04  2.52E-04  1.09E-04  5.59E-05  3.81E-05
  2.25E-05  1.67E-05  9.75E-06  7.16E-06  5.48E-06  4.39E-06  3.26E-06  2.36E-06
  2.14E-06  1.69E-06  1.29E-06  9.89E-07  8.57E-07  6.94E-07  5.03E-07  4.12E-07
  3.34E-07  2.64E-07  2.06E-07  1.60E-07  1.35E-07  1.05E-07  8.44E-08  6.80E-08
  5.34E-08  4.28E-08  3.45E-08  2.68E-08  2.22E-08  1.67E-08  1.32E-08  1.03E-08
  8.25E-09  6.45E-09  4.85E-09  3.88E-09  2.90E-09  2.32E-09  1.70E-09  1.30E-09
  9.84E-10  7.52E-10  5.62E-10  4.15E-10  3.17E-10  2.33E-10  1.75E-10  1.29E-10
  9.88E-11  7.45E-11  5.48E-11  4.06E-11  3.10E-11  2.30E-11  1.73E-11  1.29E-11
   54.018683766080834     
  2.01E-37  4.66E-03  1.80E-03  4.56E-04  2.28E-04  9.86E-05  5.06E-05  3.45E-05
  2.10E-05  1.52E-05  8.66E-06  6.45E-06  5.05E-06  4.03E-06  2.95E-06  2.13E-06
  1.89E-06  1.50E-06  1.16E-06  8.78E-07  7.47E-07  6.21E-07  4.65E-07  3.72E-07
  3.07E-07  2.42E-07  1.87E-07  1.42E-07  1.16E-07  9.00E-08  7.09E-08  5.79E-08
  4.41E-08  3.56E-08  2.83E-08  2.16E-08  1.74E-08  1.36E-08  1.07E-08  7.99E-09
  6.52E-09  5.12E-09  3.78E-09  2.96E-09  2.25E-09  1.81E-09  1.31E-09  1.00E-09
  7.79E-10  5.86E-10  4.34E-10  3.17E-10  2.40E-10  1.75E-10  1.30E-10  9.38E-11
  7.03E-11  5.31E-11  3.86E-11  2.78E-11  2.15E-11  1.57E-11  1.14E-11  8.36E-12
   56.013705268456391     
  1.74E-37  4.47E-03  1.65E-03  4.29E-04  2.06E-04  8.95E-05  4.59E-05  3.11E-05
  1.90E-05  1.40E-05  7.99E-06  5.82E-06  4.66E-06  3.66E-06  2.65E-06  1.92E-06
  1.73E-06  1.34E-06  1.06E-06  7.89E-07  6.56E-07  5.42E-07  4.12E-07  3.36E-07
  2.73E-07  2.21E-07  1.73E-07  1.30E-07  1.05E-07  7.96E-08  6.41E-08  4.99E-08
  3.81E-08  3.01E-08  2.38E-08  1.78E-08  1.43E-08  1.07E-08  8.51E-09  6.37E-09
  5.10E-09  3.96E-09  2.99E-09  2.29E-09  1.70E-09  1.35E-09  9.76E-10  7.54E-10
  5.69E-10  4.31E-10  3.18E-10  2.36E-10  1.75E-10  1.29E-10  9.38E-11  6.85E-11
  5.03E-11  3.79E-11  2.70E-11  1.97E-11  1.48E-11  1.08E-11  7.92E-12  5.90E-12
   58.023036548069285     
  5.77E-38  4.28E-03  1.51E-03  4.01E-04  1.91E-04  8.14E-05  4.17E-05  2.77E-05
  1.70E-05  1.29E-05  7.44E-06  5.39E-06  4.30E-06  3.23E-06  2.40E-06  1.74E-06
  1.57E-06  1.21E-06  9.55E-07  7.11E-07  5.77E-07  4.72E-07  3.55E-07  3.00E-07
  2.43E-07  1.95E-07  1.56E-07  1.16E-07  9.35E-08  7.16E-08  5.67E-08  4.44E-08
  3.31E-08  2.63E-08  2.02E-08  1.52E-08  1.21E-08  8.80E-09  6.81E-09  5.07E-09
  4.02E-09  3.07E-09  2.26E-09  1.76E-09  1.29E-09  1.02E-09  7.13E-10  5.44E-10
  4.06E-10  3.01E-10  2.19E-10  1.59E-10  1.19E-10  8.70E-11  6.34E-11  4.62E-11
  3.37E-11  2.51E-11  1.80E-11  1.30E-11  9.74E-12  7.15E-12  5.31E-12  3.88E-12
   60.013050583194314     
  2.07E-38  4.09E-03  1.39E-03  3.72E-04  1.82E-04  7.42E-05  3.83E-05  2.46E-05
  1.53E-05  1.19E-05  6.86E-06  5.07E-06  3.91E-06  2.86E-06  2.16E-06  1.59E-06
  1.42E-06  1.12E-06  8.59E-07  6.49E-07  5.04E-07  4.12E-07  3.15E-07  2.64E-07
  2.11E-07  1.75E-07  1.37E-07  1.04E-07  8.36E-08  6.34E-08  4.98E-08  3.99E-08
  2.96E-08  2.34E-08  1.74E-08  1.31E-08  1.04E-08  7.68E-09  5.82E-09  4.25E-09
  3.33E-09  2.53E-09  1.81E-09  1.38E-09  1.01E-09  7.81E-10  5.56E-10  4.21E-10
  3.17E-10  2.32E-10  1.70E-10  1.20E-10  8.86E-11  6.43E-11  4.66E-11  3.39E-11
  2.49E-11  1.88E-11  1.34E-11  9.64E-12  7.24E-12  5.29E-12  3.90E-12  2.89E-12
   62.018363370855887     
  8.50E-39  3.90E-03  1.29E-03  3.46E-04  1.74E-04  6.82E-05  3.55E-05  2.18E-05
  1.39E-05  1.09E-05  6.38E-06  4.81E-06  3.50E-06  2.60E-06  1.94E-06  1.48E-06
  1.30E-06  1.02E-06  7.85E-07  5.82E-07  4.51E-07  3.75E-07  2.80E-07  2.33E-07
  1.87E-07  1.54E-07  1.21E-07  9.16E-08  7.35E-08  5.63E-08  4.33E-08  3.44E-08
  2.61E-08  2.09E-08  1.59E-08  1.15E-08  9.07E-09  6.72E-09  5.06E-09  3.67E-09
  2.83E-09  2.15E-09  1.54E-09  1.15E-09  8.40E-10  6.38E-10  4.46E-10  3.34E-10
  2.52E-10  1.86E-10  1.33E-10  9.68E-11  7.08E-11  5.11E-11  3.67E-11  2.70E-11
  1.98E-11  1.49E-11  1.08E-11  7.92E-12  5.97E-12  4.35E-12  3.23E-12  2.36E-12
   64.013427305126001     
  2.04E-38  3.73E-03  1.20E-03  3.24E-04  1.65E-04  6.28E-05  3.26E-05  1.92E-05
  1.28E-05  1.01E-05  5.94E-06  4.49E-06  3.18E-06  2.37E-06  1.78E-06  1.37E-06
  1.19E-06  9.26E-07  7.14E-07  5.23E-07  4.09E-07  3.37E-07  2.52E-07  2.10E-07
  1.64E-07  1.35E-07  1.07E-07  8.00E-08  6.49E-08  4.90E-08  3.78E-08  2.94E-08
  2.18E-08  1.76E-08  1.35E-08  9.99E-09  7.79E-09  5.79E-09  4.35E-09  3.16E-09
  2.35E-09  1.80E-09  1.29E-09  9.56E-10  6.95E-10  5.36E-10  3.69E-10  2.73E-10
  2.02E-10  1.51E-10  1.09E-10  7.75E-11  5.84E-11  4.15E-11  3.01E-11  2.20E-11
  1.61E-11  1.20E-11  8.67E-12  6.40E-12  4.84E-12  3.57E-12  2.66E-12  1.97E-12
   66.019831170378865     
  2.68E-38  3.58E-03  1.11E-03  3.05E-04  1.57E-04  5.78E-05  3.00E-05  1.69E-05
  1.18E-05  9.34E-06  5.49E-06  4.08E-06  2.87E-06  2.17E-06  1.65E-06  1.26E-06
  1.07E-06  8.30E-07  6.45E-07  4.66E-07  3.73E-07  3.02E-07  2.26E-07  1.85E-07
  1.43E-07  1.19E-07  9.33E-08  7.04E-08  5.63E-08  4.24E-08  3.24E-08  2.55E-08
  1.87E-08  1.48E-08  1.11E-08  8.21E-09  6.48E-09  4.82E-09  3.66E-09  2.66E-09
  2.00E-09  1.49E-09  1.06E-09  7.86E-10  5.68E-10  4.33E-10  2.97E-10  2.21E-10
  1.64E-10  1.20E-10  8.68E-11  6.11E-11  4.59E-11  3.35E-11  2.39E-11  1.76E-11
  1.30E-11  9.68E-12  7.03E-12  5.08E-12  3.85E-12  2.82E-12  2.08E-12  1.55E-12
   68.014261245293170     
  1.30E-37  3.44E-03  1.03E-03  2.88E-04  1.48E-04  5.38E-05  2.77E-05  1.51E-05
  1.09E-05  8.75E-06  5.07E-06  3.65E-06  2.61E-06  2.00E-06  1.53E-06  1.15E-06
  9.74E-07  7.45E-07  5.86E-07  4.18E-07  3.40E-07  2.74E-07  2.06E-07  1.62E-07
  1.27E-07  1.05E-07  8.25E-08  6.28E-08  4.88E-08  3.69E-08  2.79E-08  2.21E-08
  1.63E-08  1.27E-08  9.56E-09  6.92E-09  5.39E-09  3.93E-09  3.06E-09  2.22E-09
  1.65E-09  1.23E-09  8.84E-10  6.45E-10  4.57E-10  3.47E-10  2.41E-10  1.77E-10
  1.30E-10  9.46E-11  6.87E-11  4.83E-11  3.55E-11  2.57E-11  1.85E-11  1.35E-11
  9.90E-12  7.45E-12  5.41E-12  3.93E-12  2.99E-12  2.19E-12  1.60E-12  1.18E-12
   70.020504801134848     
  4.69E-40  3.30E-03  9.59E-04  2.73E-04  1.40E-04  5.03E-05  2.54E-05  1.38E-05
  1.01E-05  8.21E-06  4.72E-06  3.28E-06  2.41E-06  1.84E-06  1.41E-06  1.06E-06
  8.83E-07  6.78E-07  5.30E-07  3.82E-07  3.11E-07  2.52E-07  1.88E-07  1.46E-07
  1.14E-07  9.33E-08  7.24E-08  5.60E-08  4.33E-08  3.24E-08  2.44E-08  1.91E-08
  1.41E-08  1.10E-08  8.23E-09  5.95E-09  4.56E-09  3.26E-09  2.54E-09  1.83E-09
  1.36E-09  1.00E-09  7.22E-10  5.34E-10  3.69E-10  2.78E-10  1.94E-10  1.44E-10
  1.01E-10  7.48E-11  5.44E-11  3.83E-11  2.77E-11  2.01E-11  1.45E-11  1.05E-11
  7.62E-12  5.71E-12  4.12E-12  3.00E-12  2.28E-12  1.66E-12  1.24E-12  9.06E-13
   72.015100426888665     
  1.00E-38  3.17E-03  8.98E-04  2.62E-04  1.32E-04  4.74E-05  2.35E-05  1.29E-05
  9.46E-06  7.71E-06  4.38E-06  3.00E-06  2.27E-06  1.70E-06  1.31E-06  9.76E-07
  8.02E-07  6.18E-07  4.84E-07  3.52E-07  2.86E-07  2.33E-07  1.72E-07  1.32E-07
  1.04E-07  8.37E-08  6.45E-08  4.92E-08  3.90E-08  2.85E-08  2.16E-08  1.66E-08
  1.24E-08  9.52E-09  7.11E-09  5.15E-09  3.88E-09  2.79E-09  2.12E-09  1.52E-09
  1.12E-09  8.33E-10  5.88E-10  4.32E-10  3.00E-10  2.24E-10  1.56E-10  1.12E-10
  8.09E-11  5.93E-11  4.29E-11  3.00E-11  2.19E-11  1.59E-11  1.14E-11  8.22E-12
  5.93E-12  4.49E-12  3.23E-12  2.33E-12  1.76E-12  1.29E-12  9.67E-13  6.98E-13
   74.022162950983301     
  3.02E-39  3.06E-03  8.41E-04  2.53E-04  1.23E-04  4.49E-05  2.17E-05  1.22E-05
  8.85E-06  7.20E-06  4.03E-06  2.75E-06  2.12E-06  1.58E-06  1.22E-06  8.71E-07
  7.35E-07  5.64E-07  4.41E-07  3.22E-07  2.60E-07  2.13E-07  1.56E-07  1.20E-07
  9.36E-08  7.58E-08  5.81E-08  4.31E-08  3.42E-08  2.51E-08  1.91E-08  1.43E-08
  1.07E-08  8.28E-09  6.17E-09  4.36E-09  3.32E-09  2.37E-09  1.77E-09  1.24E-09
  9.25E-10  6.81E-10  4.73E-10  3.39E-10  2.36E-10  1.80E-10  1.20E-10  8.63E-11
  6.25E-11  4.58E-11  3.24E-11  2.21E-11  1.68E-11  1.20E-11  8.63E-12  6.10E-12
  4.50E-12  3.37E-12  2.42E-12  1.76E-12  1.33E-12  9.79E-13  7.18E-13  5.23E-13
   76.019504890194298     
  5.86E-40  2.95E-03  7.90E-04  2.42E-04  1.16E-04  4.28E-05  2.02E-05  1.14E-05
  8.25E-06  6.68E-06  3.76E-06  2.54E-06  1.99E-06  1.48E-06  1.12E-06  7.75E-07
  6.78E-07  5.18E-07  4.01E-07  2.94E-07  2.35E-07  1.94E-07  1.40E-07  1.11E-07
  8.34E-08  6.85E-08  5.18E-08  3.85E-08  2.99E-08  2.23E-08  1.66E-08  1.24E-08
  9.11E-09  7.18E-09  5.29E-09  3.73E-09  2.82E-09  2.01E-09  1.45E-09  1.01E-09
  7.52E-10  5.50E-10  3.73E-10  2.70E-10  1.84E-10  1.36E-10  9.05E-11  6.59E-11
  4.69E-11  3.41E-11  2.37E-11  1.63E-11  1.22E-11  8.61E-12  6.22E-12  4.43E-12
  3.28E-12  2.41E-12  1.72E-12  1.26E-12  9.56E-13  6.93E-13  5.08E-13  3.74E-13
   78.018288399615344     
  4.54E-38  2.85E-03  7.48E-04  2.33E-04  1.09E-04  4.11E-05  1.90E-05  1.08E-05
  7.66E-06  6.19E-06  3.56E-06  2.34E-06  1.88E-06  1.40E-06  1.03E-06  7.10E-07
  6.28E-07  4.80E-07  3.68E-07  2.70E-07  2.13E-07  1.76E-07  1.27E-07  1.03E-07
  7.60E-08  6.17E-08  4.63E-08  3.50E-08  2.71E-08  1.96E-08  1.47E-08  1.10E-08
  7.96E-09  6.14E-09  4.64E-09  3.27E-09  2.43E-09  1.70E-09  1.23E-09  8.52E-10
  6.14E-10  4.46E-10  3.08E-10  2.17E-10  1.47E-10  1.07E-10  7.07E-11  5.05E-11
  3.57E-11  2.60E-11  1.80E-11  1.25E-11  9.00E-12  6.40E-12  4.57E-12  3.28E-12
  2.43E-12  1.78E-12  1.29E-12  9.30E-13  7.03E-13  5.11E-13  3.80E-13  2.74E-13
   80.016671384655652     
  3.80E-39  2.76E-03  7.11E-04  2.24E-04  1.02E-04  3.96E-05  1.81E-05  1.03E-05
  7.12E-06  5.71E-06  3.40E-06  2.19E-06  1.77E-06  1.33E-06  9.58E-07  6.64E-07
  5.79E-07  4.51E-07  3.42E-07  2.48E-07  1.98E-07  1.57E-07  1.16E-07  9.42E-08
  6.99E-08  5.63E-08  4.18E-08  3.18E-08  2.46E-08  1.76E-08  1.30E-08  1.00E-08
  7.05E-09  5.27E-09  4.05E-09  2.84E-09  2.13E-09  1.45E-09  1.06E-09  7.33E-10
  5.15E-10  3.68E-10  2.55E-10  1.78E-10  1.19E-10  8.62E-11  5.66E-11  3.99E-11
  2.75E-11  2.00E-11  1.40E-11  9.67E-12  7.04E-12  4.88E-12  3.50E-12  2.47E-12
  1.84E-12  1.36E-12  9.75E-13  7.08E-13  5.31E-13  3.86E-13  2.89E-13  2.07E-13
   82.015637026620013     
  1.28E-38  2.68E-03  6.77E-04  2.17E-04  9.50E-05  3.80E-05  1.73E-05  9.88E-06
  6.67E-06  5.28E-06  3.22E-06  2.08E-06  1.66E-06  1.25E-06  9.08E-07  6.20E-07
  5.34E-07  4.26E-07  3.17E-07  2.31E-07  1.85E-07  1.41E-07  1.06E-07  8.49E-08
  6.42E-08  5.14E-08  3.82E-08  2.87E-08  2.22E-08  1.60E-08  1.17E-08  8.92E-09
  6.30E-09  4.66E-09  3.45E-09  2.46E-09  1.85E-09  1.23E-09  8.99E-10  6.10E-10
  4.35E-10  3.05E-10  2.09E-10  1.47E-10  9.83E-11  7.04E-11  4.52E-11  3.21E-11
  2.18E-11  1.57E-11  1.09E-11  7.55E-12  5.53E-12  3.87E-12  2.78E-12  1.93E-12
  1.43E-12  1.05E-12  7.51E-13  5.47E-13  4.09E-13  2.95E-13  2.18E-13  1.57E-13
   84.016076795226255     
  4.16E-38  2.59E-03  6.48E-04  2.09E-04  8.96E-05  3.61E-05  1.66E-05  9.47E-06
  6.26E-06  4.96E-06  3.02E-06  2.01E-06  1.56E-06  1.17E-06  8.59E-07  5.81E-07
  5.00E-07  3.97E-07  2.94E-07  2.15E-07  1.72E-07  1.32E-07  9.57E-08  7.74E-08
  5.81E-08  4.70E-08  3.51E-08  2.61E-08  2.01E-08  1.46E-08  1.07E-08  7.96E-09
  5.66E-09  4.19E-09  2.97E-09  2.13E-09  1.63E-09  1.07E-09  7.66E-10  5.17E-10
  3.61E-10  2.56E-10  1.70E-10  1.22E-10  8.05E-11  5.75E-11  3.64E-11  2.58E-11
  1.75E-11  1.26E-11  8.55E-12  5.93E-12  4.30E-12  3.06E-12  2.20E-12  1.53E-12
  1.13E-12  8.28E-13  5.90E-13  4.26E-13  3.21E-13  2.31E-13  1.67E-13  1.21E-13
   86.017711897796275     
  1.01E-38  2.52E-03  6.24E-04  2.01E-04  8.49E-05  3.45E-05  1.59E-05  9.07E-06
  5.87E-06  4.69E-06  2.82E-06  1.95E-06  1.49E-06  1.10E-06  8.08E-07  5.51E-07
  4.77E-07  3.68E-07  2.75E-07  2.01E-07  1.60E-07  1.25E-07  8.85E-08  7.04E-08
  5.29E-08  4.26E-08  3.20E-08  2.39E-08  1.85E-08  1.31E-08  9.65E-09  7.07E-09
  5.12E-09  3.78E-09  2.60E-09  1.85E-09  1.40E-09  9.47E-10  6.63E-10  4.37E-10
  3.05E-10  2.16E-10  1.41E-10  9.93E-11  6.51E-11  4.77E-11  2.99E-11  2.08E-11
  1.42E-11  1.01E-11  6.94E-12  4.66E-12  3.45E-12  2.43E-12  1.75E-12  1.23E-12
  9.08E-13  6.61E-13  4.71E-13  3.33E-13  2.51E-13  1.81E-13  1.31E-13  9.37E-14
   88.020127822144545     
  2.59E-38  2.44E-03  6.04E-04  1.93E-04  8.04E-05  3.30E-05  1.51E-05  8.70E-06
  5.52E-06  4.46E-06  2.64E-06  1.88E-06  1.42E-06  1.03E-06  7.60E-07  5.26E-07
  4.53E-07  3.46E-07  2.59E-07  1.86E-07  1.50E-07  1.16E-07  8.30E-08  6.44E-08
  4.81E-08  3.90E-08  2.85E-08  2.14E-08  1.69E-08  1.20E-08  8.78E-09  6.27E-09
  4.52E-09  3.39E-09  2.35E-09  1.62E-09  1.21E-09  8.30E-10  5.87E-10  3.82E-10
  2.61E-10  1.85E-10  1.22E-10  8.35E-11  5.47E-11  3.94E-11  2.53E-11  1.70E-11
  1.17E-11  8.19E-12  5.69E-12  3.86E-12  2.81E-12  1.98E-12  1.42E-12  1.00E-12
  7.40E-13  5.40E-13  3.85E-13  2.71E-13  2.00E-13  1.43E-13  1.03E-13  7.38E-14
   90.022864777919963     
  5.41E-38  2.37E-03  5.85E-04  1.85E-04  7.62E-05  3.15E-05  1.43E-05  8.35E-06
  5.25E-06  4.25E-06  2.50E-06  1.80E-06  1.35E-06  9.86E-07  7.14E-07  5.02E-07
  4.25E-07  3.28E-07  2.43E-07  1.73E-07  1.40E-07  1.08E-07  7.82E-08  5.96E-08
  4.40E-08  3.57E-08  2.56E-08  1.91E-08  1.51E-08  1.09E-08  7.97E-09  5.70E-09
  3.97E-09  2.99E-09  2.12E-09  1.45E-09  1.06E-09  7.28E-10  5.18E-10  3.42E-10
  2.27E-10  1.58E-10  1.05E-10  7.18E-11  4.75E-11  3.33E-11  2.15E-11  1.45E-11
  9.76E-12  6.85E-12  4.72E-12  3.22E-12  2.34E-12  1.65E-12  1.17E-12  8.39E-13
  6.02E-13  4.48E-13  3.17E-13  2.27E-13  1.66E-13  1.17E-13  8.40E-14  5.89E-14
   92.013643113988351     
  1.96E-39  2.30E-03  5.68E-04  1.78E-04  7.27E-05  3.00E-05  1.34E-05  8.03E-06
  5.04E-06  4.06E-06  2.39E-06  1.71E-06  1.28E-06  9.50E-07  6.78E-07  4.77E-07
  3.98E-07  3.09E-07  2.29E-07  1.62E-07  1.31E-07  1.01E-07  7.40E-08  5.58E-08
  4.13E-08  3.25E-08  2.36E-08  1.73E-08  1.34E-08  9.79E-09  7.25E-09  5.20E-09
  3.60E-09  2.63E-09  1.86E-09  1.28E-09  9.22E-10  6.29E-10  4.53E-10  3.04E-10
  1.99E-10  1.36E-10  8.95E-11  6.10E-11  4.04E-11  2.81E-11  1.83E-11  1.24E-11
  8.29E-12  5.82E-12  3.89E-12  2.69E-12  1.95E-12  1.38E-12  9.85E-13  7.04E-13
  5.05E-13  3.71E-13  2.62E-13  1.88E-13  1.39E-13  9.75E-14  7.02E-14  4.86E-14
   94.015670415952158     
  9.03E-39  2.24E-03  5.54E-04  1.72E-04  6.95E-05  2.86E-05  1.25E-05  7.75E-06
  4.87E-06  3.90E-06  2.29E-06  1.64E-06  1.21E-06  9.17E-07  6.56E-07  4.54E-07
  3.75E-07  2.89E-07  2.17E-07  1.54E-07  1.23E-07  9.42E-08  6.99E-08  5.34E-08
  3.90E-08  3.00E-08  2.20E-08  1.58E-08  1.21E-08  8.71E-09  6.55E-09  4.70E-09
  3.29E-09  2.34E-09  1.64E-09  1.12E-09  8.09E-10  5.45E-10  3.94E-10  2.66E-10
  1.76E-10  1.20E-10  7.64E-11  5.19E-11  3.43E-11  2.40E-11  1.54E-11  1.05E-11
  7.22E-12  4.98E-12  3.33E-12  2.29E-12  1.64E-12  1.16E-12  8.40E-13  5.96E-13
  4.32E-13  3.16E-13  2.21E-13  1.58E-13  1.16E-13  8.23E-14  5.89E-14  4.09E-14
   96.018952638944441     
  3.82E-39  2.17E-03  5.41E-04  1.65E-04  6.67E-05  2.74E-05  1.17E-05  7.46E-06
  4.72E-06  3.76E-06  2.21E-06  1.58E-06  1.16E-06  8.79E-07  6.41E-07  4.33E-07
  3.57E-07  2.68E-07  2.05E-07  1.47E-07  1.17E-07  8.86E-08  6.56E-08  5.09E-08
  3.69E-08  2.79E-08  2.06E-08  1.45E-08  1.10E-08  7.85E-09  5.78E-09  4.25E-09
  3.00E-09  2.09E-09  1.46E-09  9.86E-10  7.09E-10  4.76E-10  3.40E-10  2.33E-10
  1.56E-10  1.08E-10  6.75E-11  4.50E-11  2.97E-11  2.08E-11  1.35E-11  9.16E-12
  6.28E-12  4.36E-12  2.93E-12  2.02E-12  1.42E-12  1.00E-12  7.20E-13  5.13E-13
  3.71E-13  2.75E-13  1.91E-13  1.35E-13  9.96E-14  6.97E-14  4.98E-14  3.50E-14
   98.022564442034067     
  2.05E-39  2.11E-03  5.29E-04  1.58E-04  6.39E-05  2.61E-05  1.10E-05  7.14E-06
  4.55E-06  3.62E-06  2.13E-06  1.50E-06  1.10E-06  8.36E-07  6.22E-07  4.14E-07
  3.40E-07  2.48E-07  1.92E-07  1.38E-07  1.10E-07  8.36E-08  6.12E-08  4.74E-08
  3.46E-08  2.61E-08  1.90E-08  1.34E-08  1.01E-08  7.08E-09  5.12E-09  3.78E-09
  2.70E-09  1.88E-09  1.30E-09  8.71E-10  6.18E-10  4.16E-10  2.93E-10  2.01E-10
  1.36E-10  9.58E-11  6.06E-11  4.00E-11  2.59E-11  1.80E-11  1.17E-11  8.04E-12
  5.53E-12  3.84E-12  2.60E-12  1.78E-12  1.26E-12  8.80E-13  6.22E-13  4.39E-13
  3.19E-13  2.36E-13  1.65E-13  1.16E-13  8.56E-14  6.02E-14  4.25E-14  2.97E-14
   100.01430704147901     
  1.22E-38  2.05E-03  5.19E-04  1.52E-04  6.13E-05  2.50E-05  1.03E-05  6.80E-06
  4.36E-06  3.49E-06  2.05E-06  1.43E-06  1.05E-06  7.98E-07  5.99E-07  3.99E-07
  3.24E-07  2.33E-07  1.80E-07  1.29E-07  1.05E-07  7.93E-08  5.76E-08  4.41E-08
  3.23E-08  2.46E-08  1.76E-08  1.24E-08  9.30E-09  6.45E-09  4.60E-09  3.39E-09
  2.41E-09  1.69E-09  1.17E-09  7.74E-10  5.38E-10  3.61E-10  2.54E-10  1.72E-10
  1.17E-10  8.26E-11  5.34E-11  3.63E-11  2.29E-11  1.58E-11  1.01E-11  6.97E-12
  4.88E-12  3.39E-12  2.34E-12  1.56E-12  1.12E-12  7.79E-13  5.52E-13  3.82E-13
  2.76E-13  2.04E-13  1.42E-13  1.01E-13  7.41E-14  5.17E-14  3.65E-14  2.56E-14
   102.01882216038022     
  8.17E-39  1.99E-03  5.09E-04  1.47E-04  5.89E-05  2.40E-05  9.69E-06  6.47E-06
  4.19E-06  3.39E-06  1.98E-06  1.36E-06  1.01E-06  7.67E-07  5.75E-07  3.86E-07
  3.11E-07  2.23E-07  1.69E-07  1.21E-07  9.87E-08  7.56E-08  5.45E-08  4.17E-08
  3.04E-08  2.32E-08  1.63E-08  1.14E-08  8.53E-09  5.96E-09  4.20E-09  3.08E-09
  2.15E-09  1.52E-09  1.07E-09  6.92E-10  4.78E-10  3.17E-10  2.19E-10  1.49E-10
  1.02E-10  7.16E-11  4.63E-11  3.21E-11  2.03E-11  1.43E-11  8.94E-12  6.12E-12
  4.23E-12  3.00E-12  2.10E-12  1.40E-12  1.01E-12  7.02E-13  4.97E-13  3.46E-13
  2.46E-13  1.81E-13  1.24E-13  8.84E-14  6.50E-14  4.55E-14  3.18E-14  2.22E-14
   104.01202706594255     
  4.30E-38  1.94E-03  4.99E-04  1.42E-04  5.68E-05  2.30E-05  9.08E-06  6.18E-06
  4.03E-06  3.31E-06  1.91E-06  1.30E-06  9.76E-07  7.40E-07  5.49E-07  3.71E-07
  2.99E-07  2.17E-07  1.59E-07  1.15E-07  9.21E-08  7.17E-08  5.13E-08  3.95E-08
  2.88E-08  2.18E-08  1.53E-08  1.06E-08  7.80E-09  5.49E-09  3.89E-09  2.81E-09
  1.96E-09  1.37E-09  9.69E-10  6.23E-10  4.32E-10  2.81E-10  1.93E-10  1.29E-10
  8.90E-11  6.29E-11  4.06E-11  2.81E-11  1.81E-11  1.28E-11  8.13E-12  5.52E-12
  3.77E-12  2.68E-12  1.87E-12  1.28E-12  9.20E-13  6.41E-13  4.54E-13  3.17E-13
  2.26E-13  1.64E-13  1.13E-13  7.94E-14  5.87E-14  4.09E-14  2.87E-14  1.99E-14
   106.01701329383803     
  2.43E-39  1.89E-03  4.89E-04  1.37E-04  5.47E-05  2.19E-05  8.53E-06  5.91E-06
  3.86E-06  3.23E-06  1.84E-06  1.24E-06  9.42E-07  7.11E-07  5.23E-07  3.55E-07
  2.86E-07  2.10E-07  1.50E-07  1.09E-07  8.54E-08  6.73E-08  4.81E-08  3.69E-08
  2.71E-08  2.04E-08  1.43E-08  9.83E-09  7.15E-09  4.96E-09  3.56E-09  2.56E-09
  1.79E-09  1.25E-09  8.79E-10  5.57E-10  3.92E-10  2.50E-10  1.72E-10  1.12E-10
  7.69E-11  5.46E-11  3.56E-11  2.47E-11  1.60E-11  1.13E-11  7.24E-12  4.96E-12
  3.40E-12  2.40E-12  1.67E-12  1.15E-12  8.38E-13  5.84E-13  4.13E-13  2.88E-13
  2.06E-13  1.50E-13  1.04E-13  7.21E-14  5.30E-14  3.74E-14  2.61E-14  1.83E-14
   108.02250832030910     
  7.26E-39  1.84E-03  4.81E-04  1.32E-04  5.28E-05  2.10E-05  8.06E-06  5.66E-06
  3.70E-06  3.12E-06  1.78E-06  1.19E-06  9.06E-07  6.80E-07  4.99E-07  3.41E-07
  2.73E-07  2.03E-07  1.43E-07  1.04E-07  8.01E-08  6.26E-08  4.54E-08  3.45E-08
  2.55E-08  1.91E-08  1.33E-08  9.19E-09  6.59E-09  4.46E-09  3.21E-09  2.31E-09
  1.60E-09  1.15E-09  7.96E-10  5.05E-10  3.54E-10  2.24E-10  1.54E-10  9.90E-11
  6.70E-11  4.71E-11  3.09E-11  2.17E-11  1.42E-11  1.01E-11  6.42E-12  4.46E-12
  3.06E-12  2.16E-12  1.50E-12  1.04E-12  7.51E-13  5.32E-13  3.74E-13  2.63E-13
  1.87E-13  1.36E-13  9.39E-14  6.55E-14  4.79E-14  3.34E-14  2.35E-14  1.65E-14
   110.01595820096531     
  5.45E-39  1.79E-03  4.73E-04  1.28E-04  5.11E-05  2.02E-05  7.65E-06  5.40E-06
  3.55E-06  3.02E-06  1.72E-06  1.15E-06  8.73E-07  6.50E-07  4.80E-07  3.27E-07
  2.64E-07  1.95E-07  1.38E-07  9.85E-08  7.64E-08  5.83E-08  4.30E-08  3.24E-08
  2.40E-08  1.81E-08  1.25E-08  8.70E-09  6.16E-09  4.09E-09  2.88E-09  2.08E-09
  1.43E-09  1.05E-09  7.22E-10  4.68E-10  3.25E-10  2.05E-10  1.40E-10  8.95E-11
  6.05E-11  4.16E-11  2.71E-11  1.92E-11  1.28E-11  9.05E-12  5.86E-12  4.07E-12
  2.81E-12  1.97E-12  1.37E-12  9.45E-13  6.85E-13  4.85E-13  3.43E-13  2.42E-13
  1.73E-13  1.26E-13  8.64E-14  6.05E-14  4.40E-14  3.05E-14  2.14E-14  1.48E-14
   112.02182434772368     
  1.82E-39  1.74E-03  4.65E-04  1.24E-04  4.94E-05  1.94E-05  7.26E-06  5.14E-06
  3.41E-06  2.91E-06  1.66E-06  1.11E-06  8.38E-07  6.20E-07  4.61E-07  3.12E-07
  2.54E-07  1.86E-07  1.33E-07  9.36E-08  7.33E-08  5.46E-08  4.04E-08  3.03E-08
  2.25E-08  1.70E-08  1.18E-08  8.24E-09  5.82E-09  3.81E-09  2.62E-09  1.87E-09
  1.28E-09  9.33E-10  6.54E-10  4.29E-10  2.99E-10  1.88E-10  1.28E-10  8.17E-11
  5.51E-11  3.76E-11  2.41E-11  1.69E-11  1.14E-11  8.05E-12  5.31E-12  3.71E-12
  2.56E-12  1.81E-12  1.24E-12  8.64E-13  6.25E-13  4.41E-13  3.12E-13  2.21E-13
  1.58E-13  1.15E-13  7.90E-14  5.55E-14  4.01E-14  2.80E-14  1.95E-14  1.34E-14
   114.01697518974935     
  4.72E-39  1.70E-03  4.55E-04  1.20E-04  4.78E-05  1.86E-05  6.88E-06  4.90E-06
  3.28E-06  2.79E-06  1.60E-06  1.08E-06  8.03E-07  5.91E-07  4.44E-07  2.97E-07
  2.45E-07  1.76E-07  1.28E-07  8.90E-08  7.04E-08  5.17E-08  3.77E-08  2.83E-08
  2.09E-08  1.57E-08  1.10E-08  7.71E-09  5.46E-09  3.56E-09  2.42E-09  1.68E-09
  1.13E-09  8.15E-10  5.75E-10  3.83E-10  2.69E-10  1.71E-10  1.15E-10  7.38E-11
  4.94E-11  3.35E-11  2.15E-11  1.49E-11  1.00E-11  7.06E-12  4.67E-12  3.29E-12
  2.28E-12  1.61E-12  1.11E-12  7.65E-13  5.57E-13  3.93E-13  2.79E-13  1.96E-13
  1.40E-13  1.02E-13  7.02E-14  4.91E-14  3.55E-14  2.48E-14  1.74E-14  1.19E-14
   116.01186741371606     
  2.29E-39  1.66E-03  4.47E-04  1.16E-04  4.63E-05  1.78E-05  6.56E-06  4.67E-06
  3.17E-06  2.68E-06  1.54E-06  1.06E-06  7.73E-07  5.64E-07  4.30E-07  2.83E-07
  2.37E-07  1.67E-07  1.23E-07  8.49E-08  6.75E-08  4.93E-08  3.54E-08  2.66E-08
  1.94E-08  1.45E-08  1.02E-08  7.16E-09  5.11E-09  3.34E-09  2.26E-09  1.54E-09
  1.01E-09  7.19E-10  4.98E-10  3.36E-10  2.38E-10  1.54E-10  1.04E-10  6.62E-11
  4.44E-11  2.99E-11  1.92E-11  1.33E-11  8.88E-12  6.28E-12  4.14E-12  2.91E-12
  2.03E-12  1.42E-12  9.88E-13  6.79E-13  4.91E-13  3.49E-13  2.49E-13  1.75E-13
  1.24E-13  9.07E-14  6.22E-14  4.35E-14  3.13E-14  2.18E-14  1.53E-14  1.06E-14
   118.01954307563676     
  8.88E-40  1.62E-03  4.39E-04  1.13E-04  4.50E-05  1.72E-05  6.28E-06  4.45E-06
  3.08E-06  2.57E-06  1.48E-06  1.03E-06  7.47E-07  5.40E-07  4.15E-07  2.72E-07
  2.29E-07  1.58E-07  1.18E-07  8.13E-08  6.46E-08  4.73E-08  3.35E-08  2.51E-08
  1.80E-08  1.35E-08  9.42E-09  6.64E-09  4.80E-09  3.14E-09  2.13E-09  1.44E-09
  9.27E-10  6.45E-10  4.39E-10  2.92E-10  2.10E-10  1.36E-10  9.40E-11  5.96E-11
  4.04E-11  2.69E-11  1.73E-11  1.20E-11  8.00E-12  5.69E-12  3.75E-12  2.62E-12
  1.85E-12  1.29E-12  8.89E-13  6.11E-13  4.39E-13  3.13E-13  2.22E-13  1.57E-13
  1.12E-13  8.12E-14  5.60E-14  3.89E-14  2.81E-14  1.95E-14  1.37E-14  9.48E-15
   120.01548905410577     
  3.48E-39  1.58E-03  4.31E-04  1.09E-04  4.37E-05  1.65E-05  6.01E-06  4.23E-06
  2.98E-06  2.46E-06  1.42E-06  1.00E-06  7.20E-07  5.18E-07  3.98E-07  2.62E-07
  2.20E-07  1.50E-07  1.13E-07  7.79E-08  6.17E-08  4.53E-08  3.18E-08  2.38E-08
  1.69E-08  1.26E-08  8.76E-09  6.12E-09  4.50E-09  2.96E-09  2.00E-09  1.36E-09
  8.66E-10  5.91E-10  3.93E-10  2.56E-10  1.84E-10  1.20E-10  8.38E-11  5.34E-11
  3.64E-11  2.43E-11  1.56E-11  1.08E-11  7.16E-12  5.15E-12  3.39E-12  2.37E-12
  1.67E-12  1.16E-12  8.04E-13  5.50E-13  3.92E-13  2.78E-13  1.97E-13  1.39E-13
  9.98E-14  7.22E-14  4.96E-14  3.45E-14  2.48E-14  1.72E-14  1.20E-14  8.31E-15
   122.01182640950074     
  4.08E-39  1.54E-03  4.22E-04  1.06E-04  4.24E-05  1.60E-05  5.78E-06  4.03E-06
  2.89E-06  2.34E-06  1.36E-06  9.74E-07  6.92E-07  4.98E-07  3.80E-07  2.52E-07
  2.11E-07  1.44E-07  1.08E-07  7.44E-08  5.89E-08  4.32E-08  3.01E-08  2.26E-08
  1.58E-08  1.18E-08  8.15E-09  5.65E-09  4.16E-09  2.78E-09  1.87E-09  1.27E-09
  8.09E-10  5.48E-10  3.57E-10  2.27E-10  1.61E-10  1.05E-10  7.35E-11  4.70E-11
  3.21E-11  2.16E-11  1.39E-11  9.55E-12  6.31E-12  4.55E-12  2.99E-12  2.12E-12
  1.49E-12  1.04E-12  7.20E-13  4.90E-13  3.46E-13  2.43E-13  1.72E-13  1.21E-13
  8.68E-14  6.29E-14  4.30E-14  2.99E-14  2.14E-14  1.47E-14  1.03E-14  7.06E-15
   124.02069882397409     
  2.48E-40  1.51E-03  4.14E-04  1.03E-04  4.12E-05  1.54E-05  5.56E-06  3.84E-06
  2.80E-06  2.24E-06  1.31E-06  9.44E-07  6.69E-07  4.81E-07  3.62E-07  2.43E-07
  2.02E-07  1.38E-07  1.03E-07  7.09E-08  5.62E-08  4.09E-08  2.87E-08  2.14E-08
  1.48E-08  1.10E-08  7.60E-09  5.23E-09  3.83E-09  2.58E-09  1.74E-09  1.19E-09
  7.54E-10  5.10E-10  3.26E-10  2.05E-10  1.42E-10  9.20E-11  6.43E-11  4.10E-11
  2.80E-11  1.89E-11  1.22E-11  8.36E-12  5.55E-12  3.98E-12  2.61E-12  1.87E-12
  1.31E-12  9.19E-13  6.43E-13  4.36E-13  3.07E-13  2.14E-13  1.50E-13  1.06E-13
  7.54E-14  5.44E-14  3.75E-14  2.59E-14  1.85E-14  1.26E-14  8.75E-15  6.01E-15
   126.01774369094289     
  1.70E-39  1.47E-03  4.05E-04  9.97E-05  4.01E-05  1.49E-05  5.34E-06  3.68E-06
  2.71E-06  2.14E-06  1.26E-06  9.13E-07  6.49E-07  4.65E-07  3.47E-07  2.35E-07
  1.94E-07  1.33E-07  9.90E-08  6.78E-08  5.37E-08  3.86E-08  2.74E-08  2.04E-08
  1.41E-08  1.04E-08  7.11E-09  4.87E-09  3.53E-09  2.38E-09  1.63E-09  1.10E-09
  7.05E-10  4.78E-10  3.03E-10  1.88E-10  1.29E-10  8.23E-11  5.69E-11  3.64E-11
  2.47E-11  1.66E-11  1.08E-11  7.42E-12  4.91E-12  3.54E-12  2.31E-12  1.66E-12
  1.17E-12  8.23E-13  5.78E-13  3.93E-13  2.80E-13  1.94E-13  1.35E-13  9.47E-14
  6.69E-14  4.83E-14  3.34E-14  2.31E-14  1.65E-14  1.13E-14  7.76E-15  5.31E-15
   128.01502362305155     
  1.04E-38  1.44E-03  3.96E-04  9.67E-05  3.89E-05  1.44E-05  5.14E-06  3.54E-06
  2.62E-06  2.05E-06  1.22E-06  8.78E-07  6.28E-07  4.51E-07  3.31E-07  2.26E-07
  1.86E-07  1.28E-07  9.50E-08  6.50E-08  5.11E-08  3.64E-08  2.60E-08  1.95E-08
  1.34E-08  9.87E-09  6.69E-09  4.56E-09  3.27E-09  2.20E-09  1.52E-09  1.03E-09
  6.56E-10  4.48E-10  2.85E-10  1.75E-10  1.19E-10  7.49E-11  5.13E-11  3.30E-11
  2.21E-11  1.48E-11  9.62E-12  6.67E-12  4.40E-12  3.17E-12  2.08E-12  1.48E-12
  1.05E-12  7.41E-13  5.24E-13  3.59E-13  2.58E-13  1.79E-13  1.24E-13  8.72E-14
  6.11E-14  4.40E-14  3.04E-14  2.11E-14  1.51E-14  1.03E-14  7.13E-15  4.86E-15
   130.01285309990487     
  6.61E-39  1.41E-03  3.88E-04  9.37E-05  3.78E-05  1.40E-05  4.98E-06  3.42E-06
  2.53E-06  1.96E-06  1.18E-06  8.42E-07  6.05E-07  4.39E-07  3.17E-07  2.18E-07
  1.78E-07  1.22E-07  9.08E-08  6.24E-08  4.84E-08  3.45E-08  2.45E-08  1.85E-08
  1.26E-08  9.36E-09  6.31E-09  4.28E-09  3.06E-09  2.05E-09  1.41E-09  9.62E-10
  6.08E-10  4.19E-10  2.68E-10  1.64E-10  1.11E-10  6.89E-11  4.69E-11  3.02E-11
  2.03E-11  1.35E-11  8.72E-12  6.02E-12  3.97E-12  2.86E-12  1.89E-12  1.34E-12
  9.53E-13  6.71E-13  4.76E-13  3.28E-13  2.36E-13  1.65E-13  1.15E-13  8.11E-14
  5.64E-14  4.07E-14  2.79E-14  1.95E-14  1.40E-14  9.57E-15  6.64E-15  4.51E-15
   132.02301981223536     
  2.14E-39  1.38E-03  3.79E-04  9.10E-05  3.68E-05  1.35E-05  4.83E-06  3.30E-06
  2.44E-06  1.88E-06  1.14E-06  8.06E-07  5.81E-07  4.27E-07  3.03E-07  2.11E-07
  1.71E-07  1.18E-07  8.66E-08  6.00E-08  4.59E-08  3.29E-08  2.31E-08  1.75E-08
  1.20E-08  8.89E-09  5.97E-09  4.02E-09  2.88E-09  1.92E-09  1.32E-09  9.02E-10
  5.70E-10  3.93E-10  2.52E-10  1.54E-10  1.05E-10  6.42E-11  4.34E-11  2.76E-11
  1.88E-11  1.24E-11  8.00E-12  5.50E-12  3.61E-12  2.62E-12  1.72E-12  1.23E-12
  8.66E-13  6.10E-13  4.36E-13  2.98E-13  2.18E-13  1.52E-13  1.07E-13  7.53E-14
  5.25E-14  3.81E-14  2.58E-14  1.81E-14  1.30E-14  8.91E-15  6.24E-15  4.21E-15
   134.02173914646539     
  8.93E-39  1.35E-03  3.71E-04  8.83E-05  3.59E-05  1.32E-05  4.70E-06  3.19E-06
  2.35E-06  1.81E-06  1.11E-06  7.73E-07  5.59E-07  4.15E-07  2.91E-07  2.03E-07
  1.64E-07  1.13E-07  8.26E-08  5.75E-08  4.34E-08  3.15E-08  2.17E-08  1.65E-08
  1.14E-08  8.46E-09  5.68E-09  3.78E-09  2.72E-09  1.81E-09  1.24E-09  8.41E-10
  5.37E-10  3.69E-10  2.37E-10  1.45E-10  9.85E-11  6.01E-11  4.07E-11  2.54E-11
  1.74E-11  1.15E-11  7.34E-12  5.04E-12  3.28E-12  2.41E-12  1.57E-12  1.12E-12
  7.91E-13  5.52E-13  4.01E-13  2.69E-13  1.99E-13  1.39E-13  9.85E-14  6.97E-14
  4.86E-14  3.56E-14  2.40E-14  1.68E-14  1.20E-14  8.26E-15  5.84E-15  3.90E-15
   136.02009692679084     
  3.34E-39  1.33E-03  3.61E-04  8.58E-05  3.49E-05  1.28E-05  4.56E-06  3.10E-06
  2.26E-06  1.75E-06  1.08E-06  7.42E-07  5.37E-07  4.03E-07  2.80E-07  1.95E-07
  1.57E-07  1.09E-07  7.88E-08  5.47E-08  4.11E-08  3.00E-08  2.04E-08  1.55E-08
  1.08E-08  8.01E-09  5.41E-09  3.56E-09  2.56E-09  1.69E-09  1.15E-09  7.80E-10
  5.02E-10  3.44E-10  2.21E-10  1.37E-10  9.16E-11  5.59E-11  3.79E-11  2.33E-11
  1.60E-11  1.06E-11  6.73E-12  4.58E-12  2.99E-12  2.18E-12  1.41E-12  1.01E-12
  7.19E-13  4.98E-13  3.68E-13  2.43E-13  1.80E-13  1.26E-13  8.96E-14  6.40E-14
  4.44E-14  3.30E-14  2.21E-14  1.55E-14  1.10E-14  7.53E-15  5.40E-15  3.57E-15
   138.01817134086150     
  7.71E-39  1.30E-03  3.52E-04  8.34E-05  3.39E-05  1.24E-05  4.45E-06  3.02E-06
  2.18E-06  1.68E-06  1.04E-06  7.14E-07  5.16E-07  3.90E-07  2.69E-07  1.87E-07
  1.51E-07  1.05E-07  7.54E-08  5.19E-08  3.90E-08  2.86E-08  1.92E-08  1.45E-08
  1.02E-08  7.55E-09  5.14E-09  3.35E-09  2.40E-09  1.58E-09  1.07E-09  7.26E-10
  4.67E-10  3.20E-10  2.05E-10  1.28E-10  8.51E-11  5.21E-11  3.51E-11  2.14E-11
  1.47E-11  9.68E-12  6.20E-12  4.17E-12  2.72E-12  1.97E-12  1.27E-12  9.08E-13
  6.49E-13  4.49E-13  3.36E-13  2.20E-13  1.64E-13  1.14E-13  8.11E-14  5.85E-14
  4.01E-14  3.04E-14  2.03E-14  1.43E-14  1.01E-14  6.84E-15  4.96E-15  3.25E-15
   140.01677466316511     
  1.21E-39  1.28E-03  3.44E-04  8.12E-05  3.30E-05  1.20E-05  4.35E-06  2.94E-06
  2.11E-06  1.63E-06  1.00E-06  6.87E-07  4.95E-07  3.77E-07  2.60E-07  1.79E-07
  1.45E-07  1.01E-07  7.25E-08  4.93E-08  3.71E-08  2.72E-08  1.83E-08  1.37E-08
  9.58E-09  7.14E-09  4.87E-09  3.18E-09  2.27E-09  1.49E-09  1.00E-09  6.83E-10
  4.40E-10  3.01E-10  1.91E-10  1.19E-10  7.98E-11  4.89E-11  3.28E-11  2.01E-11
  1.35E-11  8.95E-12  5.75E-12  3.85E-12  2.49E-12  1.80E-12  1.16E-12  8.22E-13
  5.93E-13  4.08E-13  3.07E-13  2.02E-13  1.51E-13  1.05E-13  7.42E-14  5.42E-14
  3.67E-14  2.82E-14  1.88E-14  1.32E-14  9.46E-15  6.32E-15  4.64E-15  3.01E-15
   142.01627413107968     
  9.98E-39  1.25E-03  3.35E-04  7.90E-05  3.22E-05  1.17E-05  4.27E-06  2.85E-06
  2.04E-06  1.58E-06  9.67E-07  6.60E-07  4.74E-07  3.64E-07  2.52E-07  1.72E-07
  1.41E-07  9.72E-08  6.96E-08  4.68E-08  3.53E-08  2.58E-08  1.75E-08  1.28E-08
  9.00E-09  6.77E-09  4.59E-09  3.03E-09  2.16E-09  1.40E-09  9.42E-10  6.46E-10
  4.17E-10  2.87E-10  1.80E-10  1.13E-10  7.51E-11  4.61E-11  3.11E-11  1.90E-11
  1.27E-11  8.34E-12  5.34E-12  3.58E-12  2.31E-12  1.66E-12  1.07E-12  7.46E-13
  5.44E-13  3.72E-13  2.81E-13  1.86E-13  1.40E-13  9.76E-14  6.85E-14  5.07E-14
  3.40E-14  2.63E-14  1.75E-14  1.23E-14  8.88E-15  5.90E-15  4.36E-15  2.80E-15
   144.01603979654573     
  3.62E-39  1.23E-03  3.26E-04  7.67E-05  3.14E-05  1.14E-05  4.19E-06  2.77E-06
  1.96E-06  1.53E-06  9.31E-07  6.34E-07  4.54E-07  3.51E-07  2.44E-07  1.64E-07
  1.36E-07  9.37E-08  6.66E-08  4.43E-08  3.36E-08  2.45E-08  1.67E-08  1.20E-08
  8.43E-09  6.39E-09  4.30E-09  2.87E-09  2.04E-09  1.32E-09  8.80E-10  6.06E-10
  3.91E-10  2.71E-10  1.70E-10  1.06E-10  7.02E-11  4.28E-11  2.90E-11  1.76E-11
  1.18E-11  7.68E-12  4.89E-12  3.29E-12  2.09E-12  1.50E-12  9.68E-13  6.68E-13
  4.90E-13  3.34E-13  2.51E-13  1.68E-13  1.26E-13  8.90E-14  6.20E-14  4.62E-14
  3.10E-14  2.38E-14  1.60E-14  1.12E-14  8.08E-15  5.36E-15  3.93E-15  2.53E-15
   146.01539915081148     
  1.26E-38  1.21E-03  3.17E-04  7.47E-05  3.06E-05  1.10E-05  4.10E-06  2.69E-06
  1.90E-06  1.48E-06  8.96E-07  6.08E-07  4.36E-07  3.38E-07  2.36E-07  1.58E-07
  1.31E-07  9.01E-08  6.36E-08  4.21E-08  3.19E-08  2.32E-08  1.58E-08  1.13E-08
  7.87E-09  5.97E-09  4.01E-09  2.71E-09  1.91E-09  1.24E-09  8.17E-10  5.63E-10
  3.61E-10  2.50E-10  1.58E-10  9.87E-11  6.48E-11  3.92E-11  2.65E-11  1.60E-11
  1.07E-11  6.95E-12  4.38E-12  2.94E-12  1.87E-12  1.33E-12  8.58E-13  5.89E-13
  4.31E-13  2.93E-13  2.20E-13  1.48E-13  1.11E-13  7.93E-14  5.51E-14  4.09E-14
  2.78E-14  2.09E-14  1.42E-14  9.86E-15  7.14E-15  4.74E-15  3.42E-15  2.23E-15
   148.01454532899510     
  1.08E-39  1.18E-03  3.08E-04  7.30E-05  2.99E-05  1.07E-05  4.02E-06  2.61E-06
  1.85E-06  1.43E-06  8.65E-07  5.83E-07  4.21E-07  3.26E-07  2.29E-07  1.52E-07
  1.27E-07  8.67E-08  6.08E-08  4.03E-08  3.03E-08  2.20E-08  1.50E-08  1.07E-08
  7.38E-09  5.56E-09  3.76E-09  2.55E-09  1.80E-09  1.16E-09  7.63E-10  5.23E-10
  3.34E-10  2.31E-10  1.47E-10  9.16E-11  6.02E-11  3.61E-11  2.41E-11  1.46E-11
  9.66E-12  6.27E-12  3.93E-12  2.63E-12  1.68E-12  1.18E-12  7.63E-13  5.22E-13
  3.81E-13  2.60E-13  1.92E-13  1.31E-13  9.77E-14  7.06E-14  4.90E-14  3.62E-14
  2.50E-14  1.84E-14  1.26E-14  8.78E-15  6.33E-15  4.22E-15  3.00E-15  1.97E-15
   150.01407258393456     
  5.95E-39  1.16E-03  3.00E-04  7.13E-05  2.91E-05  1.04E-05  3.95E-06  2.54E-06
  1.80E-06  1.38E-06  8.37E-07  5.58E-07  4.06E-07  3.15E-07  2.21E-07  1.48E-07
  1.22E-07  8.36E-08  5.82E-08  3.88E-08  2.88E-08  2.09E-08  1.42E-08  1.01E-08
  6.99E-09  5.19E-09  3.52E-09  2.41E-09  1.69E-09  1.09E-09  7.19E-10  4.91E-10
  3.11E-10  2.14E-10  1.36E-10  8.53E-11  5.66E-11  3.37E-11  2.22E-11  1.35E-11
  8.86E-12  5.70E-12  3.58E-12  2.37E-12  1.53E-12  1.06E-12  6.86E-13  4.69E-13
  3.40E-13  2.34E-13  1.70E-13  1.18E-13  8.70E-14  6.32E-14  4.41E-14  3.24E-14
  2.28E-14  1.66E-14  1.14E-14  7.94E-15  5.69E-15  3.82E-15  2.70E-15  1.78E-15
   152.01419136903201     
  1.60E-38  1.14E-03  2.91E-04  6.95E-05  2.84E-05  1.00E-05  3.89E-06  2.46E-06
  1.75E-06  1.33E-06  8.09E-07  5.33E-07  3.92E-07  3.04E-07  2.13E-07  1.44E-07
  1.18E-07  8.05E-08  5.56E-08  3.73E-08  2.74E-08  1.98E-08  1.35E-08  9.63E-09
  6.64E-09  4.85E-09  3.28E-09  2.25E-09  1.59E-09  1.02E-09  6.78E-10  4.61E-10
  2.90E-10  1.99E-10  1.27E-10  7.94E-11  5.30E-11  3.16E-11  2.05E-11  1.25E-11
  8.16E-12  5.21E-12  3.27E-12  2.14E-12  1.40E-12  9.55E-13  6.18E-13  4.24E-13
  3.04E-13  2.10E-13  1.51E-13  1.06E-13  7.77E-14  5.62E-14  3.97E-14  2.89E-14
  2.07E-14  1.49E-14  1.03E-14  7.17E-15  5.10E-15  3.46E-15  2.41E-15  1.60E-15
   154.01468452225689     
  3.24E-39  1.12E-03  2.82E-04  6.78E-05  2.78E-05  9.72E-06  3.84E-06  2.39E-06
  1.70E-06  1.28E-06  7.81E-07  5.10E-07  3.78E-07  2.93E-07  2.05E-07  1.40E-07
  1.13E-07  7.75E-08  5.32E-08  3.58E-08  2.62E-08  1.87E-08  1.28E-08  9.13E-09
  6.30E-09  4.53E-09  3.04E-09  2.10E-09  1.48E-09  9.46E-10  6.37E-10  4.30E-10
  2.71E-10  1.84E-10  1.17E-10  7.31E-11  4.89E-11  2.94E-11  1.89E-11  1.14E-11
  7.45E-12  4.73E-12  2.97E-12  1.91E-12  1.26E-12  8.59E-13  5.55E-13  3.79E-13
  2.70E-13  1.88E-13  1.34E-13  9.41E-14  6.87E-14  4.95E-14  3.53E-14  2.53E-14
  1.82E-14  1.32E-14  9.10E-15  6.35E-15  4.47E-15  3.05E-15  2.11E-15  1.40E-15
   156.01518052894818     
  8.75E-39  1.10E-03  2.74E-04  6.62E-05  2.72E-05  9.41E-06  3.78E-06  2.32E-06
  1.66E-06  1.24E-06  7.55E-07  4.88E-07  3.65E-07  2.82E-07  1.98E-07  1.36E-07
  1.09E-07  7.42E-08  5.11E-08  3.42E-08  2.51E-08  1.77E-08  1.21E-08  8.66E-09
  5.95E-09  4.24E-09  2.83E-09  1.95E-09  1.38E-09  8.78E-10  5.94E-10  3.98E-10
  2.51E-10  1.70E-10  1.07E-10  6.65E-11  4.44E-11  2.69E-11  1.73E-11  1.04E-11
  6.72E-12  4.24E-12  2.67E-12  1.71E-12  1.12E-12  7.65E-13  4.94E-13  3.37E-13
  2.39E-13  1.67E-13  1.18E-13  8.27E-14  6.01E-14  4.30E-14  3.08E-14  2.18E-14
  1.59E-14  1.15E-14  7.86E-15  5.51E-15  3.87E-15  2.64E-15  1.81E-15  1.20E-15
   158.01546412030308     
  4.88E-39  1.08E-03  2.66E-04  6.49E-05  2.66E-05  9.08E-06  3.72E-06  2.25E-06
  1.61E-06  1.19E-06  7.30E-07  4.68E-07  3.54E-07  2.72E-07  1.91E-07  1.31E-07
  1.05E-07  7.07E-08  4.92E-08  3.25E-08  2.42E-08  1.68E-08  1.15E-08  8.23E-09
  5.60E-09  3.99E-09  2.64E-09  1.80E-09  1.28E-09  8.18E-10  5.53E-10  3.67E-10
  2.33E-10  1.56E-10  9.87E-11  6.03E-11  4.01E-11  2.44E-11  1.57E-11  9.45E-12
  6.07E-12  3.80E-12  2.38E-12  1.53E-12  9.97E-13  6.80E-13  4.39E-13  3.02E-13
  2.11E-13  1.48E-13  1.04E-13  7.27E-14  5.27E-14  3.74E-14  2.68E-14  1.89E-14
  1.37E-14  9.92E-15  6.77E-15  4.75E-15  3.34E-15  2.26E-15  1.55E-15  1.02E-15
   160.01569464590358     
  1.80E-38  1.06E-03  2.57E-04  6.35E-05  2.60E-05  8.75E-06  3.66E-06  2.19E-06
  1.57E-06  1.15E-06  7.06E-07  4.49E-07  3.42E-07  2.61E-07  1.85E-07  1.27E-07
  1.02E-07  6.75E-08  4.74E-08  3.10E-08  2.33E-08  1.61E-08  1.09E-08  7.81E-09
  5.28E-09  3.75E-09  2.47E-09  1.67E-09  1.19E-09  7.62E-10  5.14E-10  3.40E-10
  2.16E-10  1.43E-10  9.10E-11  5.50E-11  3.65E-11  2.20E-11  1.42E-11  8.55E-12
  5.50E-12  3.44E-12  2.14E-12  1.38E-12  8.93E-13  6.09E-13  3.93E-13  2.71E-13
  1.88E-13  1.32E-13  9.27E-14  6.41E-14  4.63E-14  3.29E-14  2.34E-14  1.65E-14
  1.19E-14  8.57E-15  5.84E-15  4.09E-15  2.89E-15  1.95E-15  1.33E-15  8.77E-16
   162.01635048804357     
  1.00E-39  1.04E-03  2.49E-04  6.21E-05  2.54E-05  8.43E-06  3.61E-06  2.13E-06
  1.52E-06  1.11E-06  6.81E-07  4.32E-07  3.31E-07  2.51E-07  1.80E-07  1.22E-07
  9.83E-08  6.47E-08  4.56E-08  2.96E-08  2.24E-08  1.54E-08  1.03E-08  7.41E-09
  4.99E-09  3.53E-09  2.32E-09  1.56E-09  1.10E-09  7.06E-10  4.78E-10  3.14E-10
  2.01E-10  1.31E-10  8.42E-11  5.06E-11  3.35E-11  1.99E-11  1.29E-11  7.77E-12
  5.02E-12  3.12E-12  1.94E-12  1.25E-12  8.07E-13  5.50E-13  3.53E-13  2.44E-13
  1.70E-13  1.18E-13  8.31E-14  5.67E-14  4.10E-14  2.91E-14  2.05E-14  1.44E-14
  1.04E-14  7.44E-15  5.09E-15  3.55E-15  2.51E-15  1.69E-15  1.16E-15  7.64E-16
   164.01731480995375     
  1.12E-39  1.02E-03  2.42E-04  6.07E-05  2.49E-05  8.14E-06  3.56E-06  2.08E-06
  1.47E-06  1.08E-06  6.55E-07  4.16E-07  3.19E-07  2.41E-07  1.75E-07  1.17E-07
  9.52E-08  6.23E-08  4.37E-08  2.83E-08  2.15E-08  1.49E-08  9.81E-09  7.05E-09
  4.73E-09  3.33E-09  2.19E-09  1.46E-09  1.01E-09  6.52E-10  4.46E-10  2.90E-10
  1.87E-10  1.21E-10  7.80E-11  4.66E-11  3.09E-11  1.82E-11  1.18E-11  7.07E-12
  4.59E-12  2.84E-12  1.77E-12  1.14E-12  7.37E-13  4.99E-13  3.20E-13  2.21E-13
  1.55E-13  1.07E-13  7.49E-14  5.06E-14  3.65E-14  2.58E-14  1.81E-14  1.27E-14
  9.07E-15  6.47E-15  4.46E-15  3.08E-15  2.18E-15  1.47E-15  1.00E-15  6.69E-16
   166.01841544021909     
  6.12E-40  1.00E-03  2.34E-04  5.94E-05  2.45E-05  7.86E-06  3.51E-06  2.03E-06
  1.42E-06  1.05E-06  6.31E-07  4.01E-07  3.09E-07  2.30E-07  1.70E-07  1.12E-07
  9.21E-08  6.01E-08  4.18E-08  2.71E-08  2.06E-08  1.43E-08  9.31E-09  6.71E-09
  4.49E-09  3.13E-09  2.06E-09  1.36E-09  9.41E-10  6.02E-10  4.13E-10  2.67E-10
  1.73E-10  1.12E-10  7.19E-11  4.26E-11  2.82E-11  1.66E-11  1.07E-11  6.37E-12
  4.15E-12  2.60E-12  1.61E-12  1.03E-12  6.70E-13  4.53E-13  2.90E-13  2.00E-13
  1.39E-13  9.61E-14  6.70E-14  4.53E-14  3.25E-14  2.27E-14  1.60E-14  1.10E-14
  7.86E-15  5.58E-15  3.85E-15  2.63E-15  1.87E-15  1.26E-15  8.56E-16  5.73E-16
   168.01959832447776     
  1.09E-38  9.85E-04  2.26E-04  5.81E-05  2.40E-05  7.59E-06  3.44E-06  1.99E-06
  1.37E-06  1.01E-06  6.08E-07  3.86E-07  2.98E-07  2.21E-07  1.65E-07  1.08E-07
  8.89E-08  5.77E-08  3.98E-08  2.60E-08  1.96E-08  1.38E-08  8.84E-09  6.39E-09
  4.25E-09  2.93E-09  1.94E-09  1.27E-09  8.72E-10  5.55E-10  3.80E-10  2.45E-10
  1.58E-10  1.03E-10  6.56E-11  3.86E-11  2.56E-11  1.51E-11  9.64E-12  5.70E-12
  3.70E-12  2.34E-12  1.45E-12  9.28E-13  6.05E-13  4.12E-13  2.62E-13  1.80E-13
  1.25E-13  8.64E-14  5.96E-14  4.04E-14  2.87E-14  1.98E-14  1.39E-14  9.55E-15
  6.76E-15  4.78E-15  3.27E-15  2.21E-15  1.57E-15  1.06E-15  7.14E-16  4.79E-16
   170.02060015218225     
  2.23E-40  9.66E-04  2.19E-04  5.70E-05  2.34E-05  7.32E-06  3.37E-06  1.95E-06
  1.32E-06  9.81E-07  5.86E-07  3.72E-07  2.88E-07  2.12E-07  1.59E-07  1.04E-07
  8.57E-08  5.54E-08  3.79E-08  2.50E-08  1.87E-08  1.32E-08  8.43E-09  6.09E-09
  4.04E-09  2.75E-09  1.82E-09  1.19E-09  8.08E-10  5.11E-10  3.50E-10  2.25E-10
  1.45E-10  9.44E-11  5.96E-11  3.52E-11  2.32E-11  1.37E-11  8.64E-12  5.13E-12
  3.30E-12  2.10E-12  1.31E-12  8.38E-13  5.47E-13  3.74E-13  2.39E-13  1.64E-13
  1.13E-13  7.75E-14  5.35E-14  3.63E-14  2.55E-14  1.75E-14  1.22E-14  8.33E-15
  5.85E-15  4.13E-15  2.79E-15  1.88E-15  1.33E-15  8.93E-16  5.99E-16  4.02E-16
   172.02170225811881     
  1.57E-38  9.48E-04  2.12E-04  5.58E-05  2.30E-05  7.07E-06  3.30E-06  1.92E-06
  1.27E-06  9.49E-07  5.65E-07  3.60E-07  2.79E-07  2.05E-07  1.54E-07  1.01E-07
  8.25E-08  5.33E-08  3.63E-08  2.42E-08  1.78E-08  1.27E-08  8.09E-09  5.82E-09
  3.85E-09  2.61E-09  1.71E-09  1.12E-09  7.53E-10  4.73E-10  3.23E-10  2.08E-10
  1.33E-10  8.70E-11  5.47E-11  3.24E-11  2.12E-11  1.25E-11  7.87E-12  4.68E-12
  2.98E-12  1.91E-12  1.19E-12  7.66E-13  5.00E-13  3.42E-13  2.20E-13  1.50E-13
  1.03E-13  7.05E-14  4.85E-14  3.29E-14  2.29E-14  1.57E-14  1.08E-14  7.37E-15
  5.15E-15  3.61E-15  2.42E-15  1.63E-15  1.15E-15  7.68E-16  5.15E-16  3.43E-16
   174.02248336444831     
  3.56E-38  9.30E-04  2.06E-04  5.46E-05  2.26E-05  6.84E-06  3.22E-06  1.88E-06
  1.23E-06  9.18E-07  5.46E-07  3.48E-07  2.69E-07  1.98E-07  1.48E-07  9.73E-08
  7.92E-08  5.14E-08  3.49E-08  2.32E-08  1.70E-08  1.21E-08  7.78E-09  5.56E-09
  3.68E-09  2.50E-09  1.59E-09  1.05E-09  7.07E-10  4.40E-10  2.98E-10  1.92E-10
  1.23E-10  8.05E-11  5.06E-11  2.97E-11  1.95E-11  1.16E-11  7.23E-12  4.31E-12
  2.72E-12  1.75E-12  1.10E-12  7.06E-13  4.58E-13  3.17E-13  2.01E-13  1.38E-13
  9.44E-14  6.46E-14  4.43E-14  2.98E-14  2.07E-14  1.42E-14  9.70E-15  6.58E-15
  4.55E-15  3.19E-15  2.12E-15  1.42E-15  9.99E-16  6.66E-16  4.44E-16  2.95E-16
   176.02339279572044     
  6.53E-39  9.12E-04  1.99E-04  5.33E-05  2.22E-05  6.64E-06  3.15E-06  1.85E-06
  1.19E-06  8.86E-07  5.26E-07  3.37E-07  2.59E-07  1.91E-07  1.42E-07  9.40E-08
  7.60E-08  4.96E-08  3.36E-08  2.22E-08  1.62E-08  1.16E-08  7.46E-09  5.32E-09
  3.52E-09  2.39E-09  1.49E-09  9.86E-10  6.65E-10  4.10E-10  2.75E-10  1.76E-10
  1.12E-10  7.43E-11  4.64E-11  2.72E-11  1.79E-11  1.06E-11  6.60E-12  3.96E-12
  2.48E-12  1.60E-12  1.00E-12  6.51E-13  4.18E-13  2.92E-13  1.84E-13  1.27E-13
  8.66E-14  5.87E-14  4.04E-14  2.68E-14  1.87E-14  1.28E-14  8.66E-15  5.82E-15
  4.00E-15  2.78E-15  1.85E-15  1.22E-15  8.64E-16  5.72E-16  3.77E-16  2.50E-16
   178.01293835590795     
  3.71E-39  8.95E-04  1.92E-04  5.22E-05  2.17E-05  6.45E-06  3.06E-06  1.82E-06
  1.15E-06  8.55E-07  5.06E-07  3.27E-07  2.50E-07  1.85E-07  1.37E-07  9.09E-08
  7.28E-08  4.80E-08  3.24E-08  2.12E-08  1.54E-08  1.11E-08  7.13E-09  5.07E-09
  3.36E-09  2.28E-09  1.39E-09  9.27E-10  6.22E-10  3.82E-10  2.53E-10  1.61E-10
  1.02E-10  6.81E-11  4.23E-11  2.49E-11  1.63E-11  9.55E-12  6.02E-12  3.61E-12
  2.26E-12  1.44E-12  9.07E-13  5.92E-13  3.81E-13  2.68E-13  1.68E-13  1.15E-13
  7.94E-14  5.38E-14  3.67E-14  2.40E-14  1.68E-14  1.14E-14  7.69E-15  5.15E-15
  3.52E-15  2.41E-15  1.60E-15  1.05E-15  7.39E-16  4.85E-16  3.17E-16  2.10E-16
   180.01441554650876     
  2.01E-39  8.77E-04  1.86E-04  5.11E-05  2.13E-05  6.27E-06  2.96E-06  1.79E-06
  1.11E-06  8.25E-07  4.86E-07  3.19E-07  2.41E-07  1.78E-07  1.32E-07  8.80E-08
  6.98E-08  4.64E-08  3.12E-08  2.03E-08  1.46E-08  1.05E-08  6.80E-09  4.83E-09
  3.21E-09  2.17E-09  1.32E-09  8.72E-10  5.81E-10  3.57E-10  2.35E-10  1.49E-10
  9.36E-11  6.21E-11  3.89E-11  2.27E-11  1.49E-11  8.72E-12  5.51E-12  3.28E-12
  2.06E-12  1.32E-12  8.21E-13  5.35E-13  3.48E-13  2.44E-13  1.55E-13  1.05E-13
  7.30E-14  4.93E-14  3.34E-14  2.18E-14  1.51E-14  1.02E-14  6.91E-15  4.60E-15
  3.13E-15  2.12E-15  1.40E-15  9.12E-16  6.37E-16  4.16E-16  2.69E-16  1.77E-16
   182.01567567094969     
  1.04E-38  8.59E-04  1.80E-04  4.99E-05  2.09E-05  6.09E-06  2.87E-06  1.76E-06
  1.08E-06  7.97E-07  4.66E-07  3.10E-07  2.33E-07  1.72E-07  1.27E-07  8.49E-08
  6.71E-08  4.47E-08  3.00E-08  1.95E-08  1.40E-08  9.97E-09  6.49E-09  4.61E-09
  3.07E-09  2.07E-09  1.26E-09  8.22E-10  5.46E-10  3.35E-10  2.18E-10  1.38E-10
  8.61E-11  5.67E-11  3.59E-11  2.09E-11  1.36E-11  8.02E-12  5.07E-12  3.02E-12
  1.89E-12  1.21E-12  7.48E-13  4.91E-13  3.18E-13  2.23E-13  1.42E-13  9.73E-14
  6.69E-14  4.50E-14  3.07E-14  2.00E-14  1.38E-14  9.27E-15  6.24E-15  4.11E-15
  2.81E-15  1.91E-15  1.24E-15  7.98E-16  5.54E-16  3.61E-16  2.33E-16  1.52E-16
   184.01666845642231     
  6.27E-39  8.42E-04  1.74E-04  4.88E-05  2.05E-05  5.94E-06  2.77E-06  1.73E-06
  1.04E-06  7.70E-07  4.47E-07  3.02E-07  2.25E-07  1.65E-07  1.23E-07  8.16E-08
  6.48E-08  4.29E-08  2.89E-08  1.88E-08  1.34E-08  9.42E-09  6.19E-09  4.40E-09
  2.94E-09  1.97E-09  1.20E-09  7.76E-10  5.15E-10  3.15E-10  2.03E-10  1.29E-10
  7.96E-11  5.19E-11  3.28E-11  1.95E-11  1.25E-11  7.32E-12  4.67E-12  2.80E-12
  1.74E-12  1.12E-12  6.87E-13  4.53E-13  2.93E-13  2.06E-13  1.30E-13  8.93E-14
  6.14E-14  4.17E-14  2.82E-14  1.83E-14  1.26E-14  8.42E-15  5.63E-15  3.70E-15
  2.52E-15  1.71E-15  1.10E-15  7.05E-16  4.87E-16  3.16E-16  2.02E-16  1.31E-16
   186.01763578807902     
  1.09E-38  8.25E-04  1.69E-04  4.76E-05  2.01E-05  5.80E-06  2.67E-06  1.70E-06
  1.01E-06  7.45E-07  4.28E-07  2.93E-07  2.17E-07  1.58E-07  1.18E-07  7.84E-08
  6.27E-08  4.11E-08  2.78E-08  1.81E-08  1.29E-08  8.92E-09  5.88E-09  4.19E-09
  2.81E-09  1.88E-09  1.15E-09  7.35E-10  4.86E-10  2.97E-10  1.90E-10  1.19E-10
  7.39E-11  4.76E-11  3.00E-11  1.81E-11  1.16E-11  6.73E-12  4.31E-12  2.58E-12
  1.61E-12  1.04E-12  6.37E-13  4.17E-13  2.70E-13  1.91E-13  1.20E-13  8.18E-14
  5.61E-14  3.83E-14  2.60E-14  1.69E-14  1.15E-14  7.64E-15  5.07E-15  3.35E-15
  2.26E-15  1.53E-15  9.83E-16  6.24E-16  4.31E-16  2.78E-16  1.78E-16  1.13E-16
   188.01883420594311     
  1.41E-39  8.07E-04  1.63E-04  4.64E-05  1.98E-05  5.68E-06  2.58E-06  1.66E-06
  9.80E-07  7.22E-07  4.10E-07  2.84E-07  2.11E-07  1.52E-07  1.14E-07  7.53E-08
  6.06E-08  3.93E-08  2.68E-08  1.74E-08  1.25E-08  8.51E-09  5.56E-09  3.97E-09
  2.67E-09  1.79E-09  1.11E-09  6.98E-10  4.56E-10  2.79E-10  1.78E-10  1.11E-10
  6.89E-11  4.36E-11  2.75E-11  1.66E-11  1.07E-11  6.27E-12  4.00E-12  2.36E-12
  1.49E-12  9.64E-13  5.95E-13  3.87E-13  2.49E-13  1.75E-13  1.10E-13  7.60E-14
  5.13E-14  3.49E-14  2.38E-14  1.56E-14  1.06E-14  7.02E-15  4.56E-15  3.02E-15
  2.02E-15  1.37E-15  8.86E-16  5.57E-16  3.80E-16  2.43E-16  1.56E-16  9.76E-17
   190.02034350006460     
  3.70E-39  7.90E-04  1.58E-04  4.53E-05  1.94E-05  5.55E-06  2.48E-06  1.63E-06
  9.49E-07  7.00E-07  3.92E-07  2.74E-07  2.05E-07  1.46E-07  1.09E-07  7.26E-08
  5.84E-08  3.77E-08  2.57E-08  1.66E-08  1.20E-08  8.16E-09  5.25E-09  3.75E-09
  2.52E-09  1.71E-09  1.07E-09  6.66E-10  4.30E-10  2.62E-10  1.66E-10  1.04E-10
  6.44E-11  4.02E-11  2.51E-11  1.53E-11  9.83E-12  5.83E-12  3.70E-12  2.20E-12
  1.38E-12  8.76E-13  5.49E-13  3.63E-13  2.31E-13  1.59E-13  1.02E-13  6.98E-14
  4.73E-14  3.22E-14  2.16E-14  1.42E-14  9.68E-15  6.47E-15  4.21E-15  2.75E-15
  1.81E-15  1.22E-15  7.88E-16  5.02E-16  3.40E-16  2.16E-16  1.36E-16  8.43E-17
   192.02195482376243     
  4.94E-40  7.73E-04  1.53E-04  4.42E-05  1.90E-05  5.43E-06  2.38E-06  1.59E-06
  9.18E-07  6.80E-07  3.76E-07  2.64E-07  1.99E-07  1.40E-07  1.05E-07  7.00E-08
  5.59E-08  3.62E-08  2.47E-08  1.59E-08  1.15E-08  7.82E-09  4.97E-09  3.54E-09
  2.36E-09  1.62E-09  1.03E-09  6.38E-10  4.10E-10  2.44E-10  1.55E-10  9.78E-11
  6.01E-11  3.77E-11  2.29E-11  1.40E-11  9.00E-12  5.38E-12  3.44E-12  2.05E-12
  1.29E-12  8.05E-13  5.05E-13  3.35E-13  2.14E-13  1.49E-13  9.33E-14  6.38E-14
  4.36E-14  2.93E-14  1.99E-14  1.29E-14  8.79E-15  5.88E-15  3.86E-15  2.54E-15
  1.66E-15  1.10E-15  7.01E-16  4.44E-16  3.01E-16  1.93E-16  1.21E-16  7.50E-17
   194.02335423330197     
  1.02E-38  7.56E-04  1.49E-04  4.30E-05  1.86E-05  5.32E-06  2.29E-06  1.55E-06
  8.87E-07  6.61E-07  3.61E-07  2.54E-07  1.93E-07  1.34E-07  1.01E-07  6.75E-08
  5.34E-08  3.49E-08  2.37E-08  1.53E-08  1.11E-08  7.48E-09  4.73E-09  3.36E-09
  2.22E-09  1.52E-09  9.85E-10  6.13E-10  3.93E-10  2.30E-10  1.44E-10  9.10E-11
  5.61E-11  3.56E-11  2.13E-11  1.29E-11  8.21E-12  4.97E-12  3.21E-12  1.91E-12
  1.21E-12  7.58E-13  4.73E-13  3.09E-13  1.97E-13  1.38E-13  8.64E-14  5.97E-14
  4.02E-14  2.69E-14  1.83E-14  1.18E-14  8.12E-15  5.37E-15  3.52E-15  2.31E-15
  1.51E-15  1.02E-15  6.44E-16  4.07E-16  2.69E-16  1.70E-16  1.07E-16  6.73E-17
   196.01276165247137     
  6.30E-39  7.39E-04  1.44E-04  4.19E-05  1.82E-05  5.21E-06  2.21E-06  1.51E-06
  8.56E-07  6.43E-07  3.47E-07  2.44E-07  1.87E-07  1.29E-07  9.72E-08  6.51E-08
  5.12E-08  3.37E-08  2.27E-08  1.47E-08  1.06E-08  7.18E-09  4.51E-09  3.18E-09
  2.11E-09  1.43E-09  9.38E-10  5.82E-10  3.78E-10  2.21E-10  1.36E-10  8.45E-11
  5.24E-11  3.35E-11  2.01E-11  1.21E-11  7.64E-12  4.62E-12  2.98E-12  1.79E-12
  1.15E-12  7.18E-13  4.43E-13  2.94E-13  1.84E-13  1.29E-13  8.12E-14  5.52E-14
  3.77E-14  2.50E-14  1.68E-14  1.09E-14  7.45E-15  4.96E-15  3.28E-15  2.15E-15
  1.39E-15  9.27E-16  5.85E-16  3.78E-16  2.50E-16  1.57E-16  9.77E-17  6.00E-17
   198.01410078846436     
  1.60E-40  7.23E-04  1.40E-04  4.07E-05  1.79E-05  5.12E-06  2.13E-06  1.47E-06
  8.25E-07  6.25E-07  3.35E-07  2.35E-07  1.81E-07  1.23E-07  9.33E-08  6.27E-08
  4.92E-08  3.24E-08  2.17E-08  1.41E-08  1.02E-08  6.92E-09  4.29E-09  3.00E-09
  2.01E-09  1.36E-09  8.94E-10  5.45E-10  3.61E-10  2.13E-10  1.30E-10  7.98E-11
  4.88E-11  3.11E-11  1.88E-11  1.13E-11  7.22E-12  4.33E-12  2.78E-12  1.67E-12
  1.08E-12  6.78E-13  4.19E-13  2.78E-13  1.72E-13  1.22E-13  7.57E-14  5.10E-14
  3.53E-14  2.31E-14  1.57E-14  1.01E-14  6.85E-15  4.52E-15  2.98E-15  2.00E-15
  1.30E-15  8.68E-16  5.37E-16  3.40E-16  2.25E-16  1.45E-16  9.18E-17  5.69E-17
   200.01568659294261     
  8.75E-39  7.06E-04  1.35E-04  3.96E-05  1.75E-05  5.02E-06  2.05E-06  1.43E-06
  7.95E-07  6.07E-07  3.23E-07  2.26E-07  1.75E-07  1.19E-07  8.93E-08  6.05E-08
  4.74E-08  3.11E-08  2.08E-08  1.35E-08  9.71E-09  6.67E-09  4.08E-09  2.82E-09
  1.89E-09  1.29E-09  8.50E-10  5.09E-10  3.42E-10  2.02E-10  1.23E-10  7.66E-11
  4.55E-11  2.87E-11  1.74E-11  1.04E-11  6.73E-12  4.04E-12  2.62E-12  1.56E-12
  1.01E-12  6.38E-13  3.94E-13  2.60E-13  1.62E-13  1.13E-13  7.11E-14  4.79E-14
  3.26E-14  2.13E-14  1.44E-14  9.26E-15  6.33E-15  4.17E-15  2.70E-15  1.81E-15
  1.18E-15  8.07E-16  5.03E-16  3.19E-16  2.06E-16  1.29E-16  8.17E-17  5.18E-17
   202.01727199861875     
  9.91E-40  6.90E-04  1.32E-04  3.85E-05  1.71E-05  4.92E-06  1.98E-06  1.38E-06
  7.66E-07  5.90E-07  3.12E-07  2.18E-07  1.69E-07  1.15E-07  8.51E-08  5.84E-08
  4.57E-08  3.00E-08  2.00E-08  1.29E-08  9.25E-09  6.42E-09  3.91E-09  2.65E-09
  1.76E-09  1.22E-09  8.03E-10  4.84E-10  3.23E-10  1.89E-10  1.16E-10  7.32E-11
  4.31E-11  2.70E-11  1.62E-11  9.67E-12  6.18E-12  3.77E-12  2.44E-12  1.48E-12
  9.58E-13  6.01E-13  3.69E-13  2.44E-13  1.52E-13  1.05E-13  6.60E-14  4.42E-14
  3.03E-14  1.98E-14  1.33E-14  8.53E-15  5.73E-15  3.83E-15  2.49E-15  1.65E-15
  1.08E-15  7.29E-16  4.60E-16  2.97E-16  1.93E-16  1.21E-16  7.60E-17  4.64E-17
   204.01902186966251     
  2.78E-39  6.73E-04  1.28E-04  3.74E-05  1.66E-05  4.83E-06  1.91E-06  1.34E-06
  7.40E-07  5.72E-07  3.02E-07  2.10E-07  1.62E-07  1.11E-07  8.09E-08  5.63E-08
  4.38E-08  2.89E-08  1.93E-08  1.23E-08  8.81E-09  6.14E-09  3.77E-09  2.51E-09
  1.64E-09  1.14E-09  7.55E-10  4.64E-10  3.07E-10  1.78E-10  1.09E-10  6.91E-11
  4.11E-11  2.57E-11  1.53E-11  9.10E-12  5.72E-12  3.50E-12  2.25E-12  1.39E-12
  9.11E-13  5.71E-13  3.55E-13  2.29E-13  1.43E-13  9.86E-14  6.09E-14  4.15E-14
  2.82E-14  1.83E-14  1.24E-14  7.91E-15  5.31E-15  3.49E-15  2.27E-15  1.51E-15
  1.00E-15  6.81E-16  4.26E-16  2.72E-16  1.77E-16  1.13E-16  7.28E-17  4.48E-17
   206.02072355125580     
  2.67E-39  6.57E-04  1.24E-04  3.64E-05  1.62E-05  4.74E-06  1.85E-06  1.29E-06
  7.16E-07  5.55E-07  2.93E-07  2.02E-07  1.56E-07  1.07E-07  7.67E-08  5.41E-08
  4.20E-08  2.79E-08  1.85E-08  1.17E-08  8.41E-09  5.85E-09  3.64E-09  2.39E-09
  1.54E-09  1.06E-09  7.08E-10  4.42E-10  2.93E-10  1.71E-10  1.03E-10  6.47E-11
  3.83E-11  2.45E-11  1.47E-11  8.69E-12  5.44E-12  3.25E-12  2.08E-12  1.30E-12
  8.56E-13  5.45E-13  3.43E-13  2.20E-13  1.36E-13  9.22E-14  5.70E-14  3.90E-14
  2.62E-14  1.72E-14  1.15E-14  7.31E-15  4.96E-15  3.26E-15  2.10E-15  1.38E-15
  9.09E-16  6.26E-16  3.98E-16  2.57E-16  1.67E-16  1.04E-16  6.67E-17  4.17E-17
   208.02246892026017     
  7.89E-40  6.42E-04  1.21E-04  3.53E-05  1.58E-05  4.65E-06  1.80E-06  1.24E-06
  6.93E-07  5.37E-07  2.84E-07  1.94E-07  1.50E-07  1.04E-07  7.27E-08  5.18E-08
  4.02E-08  2.70E-08  1.78E-08  1.12E-08  8.04E-09  5.57E-09  3.51E-09  2.30E-09
  1.45E-09  9.86E-10  6.61E-10  4.16E-10  2.76E-10  1.64E-10  9.88E-11  6.11E-11
  3.52E-11  2.29E-11  1.38E-11  8.30E-12  5.26E-12  3.08E-12  1.95E-12  1.19E-12
  7.95E-13  5.12E-13  3.24E-13  2.12E-13  1.31E-13  8.80E-14  5.31E-14  3.62E-14
  2.44E-14  1.59E-14  1.08E-14  6.79E-15  4.58E-15  3.01E-15  1.95E-15  1.28E-15
  8.28E-16  5.64E-16  3.62E-16  2.36E-16  1.56E-16  9.88E-17  6.34E-17  3.85E-17
   210.01233711491642     
  3.61E-40  6.26E-04  1.17E-04  3.42E-05  1.53E-05  4.57E-06  1.75E-06  1.20E-06
  6.73E-07  5.20E-07  2.76E-07  1.86E-07  1.44E-07  1.01E-07  6.92E-08  4.93E-08
  3.87E-08  2.61E-08  1.70E-08  1.07E-08  7.69E-09  5.29E-09  3.38E-09  2.21E-09
  1.38E-09  9.23E-10  6.16E-10  3.88E-10  2.58E-10  1.56E-10  9.51E-11  5.85E-11
  3.30E-11  2.12E-11  1.28E-11  7.78E-12  5.00E-12  2.98E-12  1.88E-12  1.12E-12
  7.35E-13  4.74E-13  3.02E-13  2.01E-13  1.25E-13  8.50E-14  5.02E-14  3.38E-14
  2.26E-14  1.48E-14  1.00E-14  6.31E-15  4.24E-15  2.78E-15  1.78E-15  1.18E-15
  7.70E-16  5.18E-16  3.28E-16  2.13E-16  1.40E-16  9.07E-17  5.97E-17  3.69E-17
   212.01400084753001     
  1.26E-40  6.10E-04  1.14E-04  3.32E-05  1.49E-05  4.48E-06  1.70E-06  1.15E-06
  6.54E-07  5.04E-07  2.69E-07  1.78E-07  1.39E-07  9.73E-08  6.61E-08  4.68E-08
  3.72E-08  2.52E-08  1.63E-08  1.03E-08  7.32E-09  5.04E-09  3.24E-09  2.12E-09
  1.31E-09  8.66E-10  5.72E-10  3.63E-10  2.39E-10  1.45E-10  9.05E-11  5.61E-11
  3.17E-11  1.97E-11  1.18E-11  7.17E-12  4.65E-12  2.84E-12  1.83E-12  1.09E-12
  6.98E-13  4.45E-13  2.79E-13  1.87E-13  1.18E-13  8.06E-14  4.82E-14  3.18E-14
  2.10E-14  1.37E-14  9.24E-15  5.82E-15  3.90E-15  2.58E-15  1.64E-15  1.07E-15
  6.99E-16  4.74E-16  3.01E-16  1.96E-16  1.28E-16  8.23E-17  5.34E-17  3.36E-17
   214.01583981203240     
  1.33E-39  5.95E-04  1.11E-04  3.22E-05  1.44E-05  4.39E-06  1.65E-06  1.11E-06
  6.35E-07  4.88E-07  2.61E-07  1.70E-07  1.34E-07  9.38E-08  6.35E-08  4.43E-08
  3.57E-08  2.42E-08  1.57E-08  9.88E-09  6.94E-09  4.80E-09  3.09E-09  2.04E-09
  1.26E-09  8.17E-10  5.31E-10  3.39E-10  2.22E-10  1.35E-10  8.48E-11  5.32E-11
  3.08E-11  1.88E-11  1.10E-11  6.59E-12  4.31E-12  2.63E-12  1.73E-12  1.04E-12
  6.78E-13  4.25E-13  2.62E-13  1.76E-13  1.10E-13  7.54E-14  4.57E-14  3.00E-14
  1.96E-14  1.27E-14  8.49E-15  5.36E-15  3.58E-15  2.34E-15  1.51E-15  9.89E-16
  6.36E-16  4.26E-16  2.73E-16  1.80E-16  1.18E-16  7.54E-17  4.89E-17  3.05E-17
   216.01782115056560     
  1.56E-38  5.80E-04  1.08E-04  3.12E-05  1.40E-05  4.30E-06  1.61E-06  1.06E-06
  6.17E-07  4.72E-07  2.54E-07  1.64E-07  1.29E-07  9.02E-08  6.10E-08  4.19E-08
  3.42E-08  2.32E-08  1.53E-08  9.48E-09  6.58E-09  4.57E-09  2.92E-09  1.96E-09
  1.20E-09  7.75E-10  4.95E-10  3.15E-10  2.06E-10  1.25E-10  7.86E-11  4.95E-11
  2.95E-11  1.80E-11  1.05E-11  6.16E-12  3.97E-12  2.43E-12  1.60E-12  9.77E-13
  6.49E-13  4.10E-13  2.51E-13  1.66E-13  1.04E-13  7.07E-14  4.28E-14  2.80E-14
  1.83E-14  1.18E-14  7.84E-15  4.93E-15  3.30E-15  2.14E-15  1.38E-15  9.08E-16
  5.84E-16  3.90E-16  2.44E-16  1.60E-16  1.08E-16  6.93E-17  4.52E-17  2.81E-17
   218.01982925045988     
  1.42E-38  5.65E-04  1.05E-04  3.02E-05  1.35E-05  4.21E-06  1.57E-06  1.02E-06
  5.99E-07  4.58E-07  2.46E-07  1.58E-07  1.23E-07  8.67E-08  5.88E-08  3.98E-08
  3.25E-08  2.22E-08  1.48E-08  9.11E-09  6.26E-09  4.36E-09  2.76E-09  1.88E-09
  1.16E-09  7.41E-10  4.66E-10  2.93E-10  1.92E-10  1.16E-10  7.27E-11  4.58E-11
  2.77E-11  1.72E-11  1.02E-11  5.87E-12  3.70E-12  2.26E-12  1.48E-12  9.05E-13
  6.04E-13  3.91E-13  2.40E-13  1.58E-13  9.86E-14  6.70E-14  4.05E-14  2.63E-14
  1.71E-14  1.09E-14  7.27E-15  4.53E-15  3.03E-15  1.97E-15  1.27E-15  8.27E-16
  5.34E-16  3.57E-16  2.22E-16  1.44E-16  9.58E-17  6.25E-17  4.12E-17  2.56E-17
