   2.0212276278728090     
  0.00E+00  3.23E-20  1.11E-19  1.72E-19  3.70E-19  5.96E-19  7.46E-19  9.47E-19
  1.14E-18  1.62E-18  1.70E-18  1.87E-18  2.22E-18  2.50E-18  2.67E-18  2.59E-18
  3.03E-18  3.07E-18  3.18E-18  3.08E-18  3.32E-18  3.59E-18  3.53E-18  3.68E-18
  3.72E-18  3.89E-18  3.82E-18  3.71E-18  3.74E-18  3.68E-18  3.63E-18  3.65E-18
  3.51E-18  3.53E-18  3.42E-18  3.17E-18  3.03E-18  2.79E-18  2.59E-18  2.33E-18
  2.21E-18  2.02E-18  1.78E-18  1.62E-18  1.39E-18  1.24E-18  1.01E-18  8.63E-19
  7.33E-19  6.10E-19  5.08E-19  4.10E-19  3.43E-19  2.78E-19  2.20E-19  1.75E-19
  1.38E-19  1.10E-19  8.33E-20  6.43E-20  5.08E-20  3.87E-20  3.01E-20  2.25E-20
   4.0155938952611692     
  0.00E+00  8.90E-08  1.47E-07  9.74E-08  8.24E-08  5.13E-08  2.75E-08  1.78E-08
  1.27E-08  1.16E-08  9.53E-09  8.32E-09  8.13E-09  7.74E-09  6.35E-09  4.98E-09
  4.92E-09  3.93E-09  3.34E-09  2.77E-09  2.45E-09  2.22E-09  1.76E-09  1.43E-09
  1.10E-09  9.09E-10  7.23E-10  5.50E-10  4.29E-10  3.05E-10  2.07E-10  1.42E-10
  8.95E-11  6.05E-11  3.95E-11  2.63E-11  2.01E-11  1.56E-11  1.18E-11  8.10E-12
  6.01E-12  4.67E-12  3.64E-12  2.81E-12  2.11E-12  1.72E-12  1.38E-12  1.16E-12
  9.16E-13  7.05E-13  5.49E-13  4.23E-13  3.34E-13  2.49E-13  1.89E-13  1.51E-13
  1.24E-13  1.02E-13  7.99E-14  6.38E-14  5.07E-14  3.98E-14  3.22E-14  2.52E-14
   6.0175482632651471     
  0.00E+00  2.68E-06  1.64E-06  6.49E-07  5.75E-07  3.04E-07  1.66E-07  1.57E-07
  1.09E-07  9.05E-08  6.38E-08  4.70E-08  3.59E-08  2.64E-08  1.88E-08  1.27E-08
  9.56E-09  5.85E-09  3.64E-09  2.37E-09  1.76E-09  1.21E-09  7.37E-10  4.91E-10
  3.26E-10  2.18E-10  1.39E-10  9.03E-11  6.32E-11  4.15E-11  2.88E-11  2.01E-11
  1.42E-11  1.02E-11  7.47E-12  5.17E-12  3.72E-12  2.64E-12  1.94E-12  1.38E-12
  1.08E-12  8.08E-13  5.79E-13  4.16E-13  2.99E-13  2.34E-13  1.67E-13  1.29E-13
  9.61E-14  7.34E-14  5.70E-14  4.25E-14  3.34E-14  2.60E-14  1.96E-14  1.49E-14
  1.14E-14  8.77E-15  6.59E-15  4.97E-15  4.06E-15  3.14E-15  2.46E-15  1.89E-15
   8.0121013006781361     
  0.00E+00  1.02E-05  4.22E-06  8.26E-07  5.06E-07  4.87E-07  2.88E-07  1.99E-07
  1.59E-07  1.18E-07  5.85E-08  3.12E-08  2.16E-08  1.43E-08  9.30E-09  5.26E-09
  3.61E-09  2.15E-09  1.33E-09  7.83E-10  4.91E-10  2.89E-10  1.61E-10  1.03E-10
  6.84E-11  4.79E-11  3.24E-11  2.13E-11  1.48E-11  1.02E-11  7.08E-12  5.08E-12
  3.48E-12  2.53E-12  1.83E-12  1.24E-12  8.90E-13  6.31E-13  4.60E-13  3.20E-13
  2.42E-13  1.81E-13  1.29E-13  9.64E-14  7.01E-14  5.48E-14  4.01E-14  3.12E-14
  2.35E-14  1.77E-14  1.33E-14  1.01E-14  7.96E-15  5.98E-15  4.55E-15  3.50E-15
  2.74E-15  2.15E-15  1.61E-15  1.23E-15  9.83E-16  7.44E-16  5.91E-16  4.47E-16
   10.012243397747243     
  0.00E+00  1.01E-05  3.78E-06  9.16E-07  8.11E-07  5.60E-07  2.99E-07  2.23E-07
  1.22E-07  7.02E-08  3.18E-08  1.60E-08  9.45E-09  5.37E-09  3.20E-09  1.62E-09
  1.06E-09  5.94E-10  3.40E-10  2.02E-10  1.33E-10  8.56E-11  4.94E-11  3.23E-11
  2.17E-11  1.52E-11  9.70E-12  6.26E-12  4.22E-12  2.83E-12  1.99E-12  1.39E-12
  9.86E-13  7.04E-13  5.06E-13  3.47E-13  2.53E-13  1.81E-13  1.31E-13  9.28E-14
  7.13E-14  5.33E-14  3.87E-14  2.96E-14  2.14E-14  1.69E-14  1.25E-14  9.75E-15
  7.48E-15  5.67E-15  4.31E-15  3.27E-15  2.57E-15  1.95E-15  1.50E-15  1.17E-15
  9.23E-16  7.23E-16  5.50E-16  4.34E-16  3.42E-16  2.62E-16  2.08E-16  1.57E-16
   12.011236499487735     
  0.00E+00  1.58E-05  5.36E-06  1.01E-06  8.15E-07  5.48E-07  2.93E-07  1.48E-07
  6.72E-08  3.19E-08  1.26E-08  6.41E-09  3.97E-09  2.16E-09  1.21E-09  6.14E-10
  4.07E-10  2.27E-10  1.38E-10  8.05E-11  5.18E-11  3.42E-11  2.07E-11  1.34E-11
  8.84E-12  6.15E-12  3.97E-12  2.54E-12  1.77E-12  1.17E-12  8.27E-13  6.04E-13
  4.04E-13  2.98E-13  2.15E-13  1.48E-13  1.10E-13  7.75E-14  5.68E-14  4.03E-14
  3.06E-14  2.28E-14  1.66E-14  1.29E-14  9.53E-15  7.35E-15  5.38E-15  4.17E-15
  3.23E-15  2.48E-15  1.92E-15  1.45E-15  1.14E-15  8.79E-16  6.79E-16  5.26E-16
  4.14E-16  3.32E-16  2.52E-16  1.98E-16  1.58E-16  1.23E-16  9.67E-17  7.36E-17
   14.018227014620168     
  0.00E+00  2.23E-05  5.43E-06  1.04E-06  8.86E-07  4.88E-07  1.74E-07  7.42E-08
  3.18E-08  1.45E-08  6.67E-09  3.32E-09  1.89E-09  1.05E-09  5.77E-10  3.23E-10
  2.10E-10  1.27E-10  7.64E-11  4.54E-11  3.03E-11  1.97E-11  1.18E-11  7.88E-12
  5.05E-12  3.54E-12  2.25E-12  1.46E-12  9.93E-13  6.63E-13  4.54E-13  3.21E-13
  2.21E-13  1.59E-13  1.11E-13  7.71E-14  5.62E-14  4.07E-14  2.95E-14  2.13E-14
  1.60E-14  1.19E-14  8.65E-15  6.59E-15  4.78E-15  3.74E-15  2.73E-15  2.08E-15
  1.63E-15  1.24E-15  9.72E-16  7.34E-16  5.76E-16  4.42E-16  3.43E-16  2.66E-16
  2.06E-16  1.62E-16  1.23E-16  9.43E-17  7.44E-17  5.75E-17  4.45E-17  3.39E-17
   16.012449174488459     
  0.00E+00  1.04E-05  3.71E-06  9.57E-07  7.68E-07  3.27E-07  1.04E-07  4.30E-08
  1.58E-08  8.64E-09  3.88E-09  2.00E-09  1.22E-09  6.97E-10  4.13E-10  2.19E-10
  1.54E-10  9.19E-11  5.50E-11  3.23E-11  2.18E-11  1.42E-11  8.70E-12  5.64E-12
  3.65E-12  2.48E-12  1.58E-12  1.01E-12  6.84E-13  4.57E-13  3.03E-13  2.10E-13
  1.40E-13  9.96E-14  7.00E-14  4.72E-14  3.48E-14  2.41E-14  1.76E-14  1.23E-14
  9.09E-15  6.85E-15  4.84E-15  3.66E-15  2.67E-15  2.09E-15  1.50E-15  1.18E-15
  9.05E-16  6.90E-16  5.36E-16  4.05E-16  3.20E-16  2.47E-16  1.90E-16  1.46E-16
  1.13E-16  9.00E-17  6.74E-17  5.22E-17  4.09E-17  3.08E-17  2.38E-17  1.80E-17
   18.017355660989999     
  0.00E+00  8.81E-06  4.58E-06  9.08E-07  6.40E-07  2.36E-07  6.72E-08  2.75E-08
  1.08E-08  5.81E-09  2.79E-09  1.49E-09  8.59E-10  5.43E-10  3.18E-10  1.79E-10
  1.30E-10  7.84E-11  4.64E-11  2.80E-11  1.89E-11  1.20E-11  7.35E-12  4.81E-12
  3.03E-12  2.09E-12  1.31E-12  8.35E-13  5.63E-13  3.66E-13  2.38E-13  1.61E-13
  1.09E-13  7.47E-14  5.13E-14  3.45E-14  2.46E-14  1.71E-14  1.22E-14  8.44E-15
  6.09E-15  4.44E-15  3.15E-15  2.35E-15  1.70E-15  1.28E-15  9.34E-16  7.05E-16
  5.45E-16  4.14E-16  3.20E-16  2.39E-16  1.87E-16  1.41E-16  1.09E-16  8.29E-17
  6.46E-17  5.05E-17  3.85E-17  2.93E-17  2.31E-17  1.77E-17  1.38E-17  1.04E-17
   20.019283150327841     
  0.00E+00  1.72E-05  3.92E-06  8.62E-07  4.71E-07  1.58E-07  4.71E-08  1.93E-08
  8.14E-09  4.73E-09  2.37E-09  1.25E-09  7.80E-10  4.77E-10  2.87E-10  1.69E-10
  1.19E-10  7.32E-11  4.30E-11  2.54E-11  1.72E-11  1.12E-11  6.72E-12  4.35E-12
  2.80E-12  1.87E-12  1.18E-12  7.43E-13  4.93E-13  3.21E-13  2.11E-13  1.41E-13
  9.19E-14  6.28E-14  4.26E-14  2.80E-14  1.94E-14  1.32E-14  9.23E-15  6.32E-15
  4.60E-15  3.24E-15  2.27E-15  1.64E-15  1.17E-15  8.69E-16  6.28E-16  4.71E-16
  3.56E-16  2.66E-16  2.01E-16  1.48E-16  1.15E-16  8.75E-17  6.51E-17  5.13E-17
  3.98E-17  3.11E-17  2.39E-17  1.82E-17  1.45E-17  1.09E-17  8.62E-18  6.53E-18
   22.019080939313582     
  0.00E+00  7.70E-06  3.51E-06  7.63E-07  3.80E-07  1.18E-07  3.82E-08  1.76E-08
  7.12E-09  4.11E-09  2.01E-09  1.16E-09  7.41E-10  4.67E-10  2.71E-10  1.54E-10
  1.12E-10  6.82E-11  4.11E-11  2.42E-11  1.66E-11  1.07E-11  6.40E-12  4.11E-12
  2.67E-12  1.78E-12  1.11E-12  7.04E-13  4.70E-13  2.99E-13  1.93E-13  1.30E-13
  8.30E-14  5.70E-14  3.76E-14  2.45E-14  1.71E-14  1.15E-14  7.72E-15  5.16E-15
  3.70E-15  2.61E-15  1.78E-15  1.28E-15  8.87E-16  6.55E-16  4.64E-16  3.41E-16
  2.50E-16  1.85E-16  1.39E-16  1.03E-16  7.82E-17  5.82E-17  4.38E-17  3.38E-17
  2.62E-17  2.03E-17  1.54E-17  1.19E-17  9.50E-18  7.34E-18  5.71E-18  4.38E-18
   24.013148899670345     
  0.00E+00  7.82E-06  2.90E-06  6.45E-07  3.02E-07  8.61E-08  3.25E-08  1.43E-08
  6.61E-09  3.79E-09  1.99E-09  1.07E-09  6.69E-10  4.42E-10  2.61E-10  1.51E-10
  1.10E-10  6.81E-11  4.02E-11  2.37E-11  1.61E-11  1.06E-11  6.33E-12  4.05E-12
  2.58E-12  1.72E-12  1.08E-12  6.66E-13  4.41E-13  2.82E-13  1.82E-13  1.22E-13
  7.73E-14  5.26E-14  3.47E-14  2.23E-14  1.52E-14  1.01E-14  6.81E-15  4.49E-15
  3.16E-15  2.17E-15  1.46E-15  1.02E-15  6.97E-16  4.92E-16  3.39E-16  2.42E-16
  1.74E-16  1.27E-16  9.09E-17  6.58E-17  4.93E-17  3.68E-17  2.70E-17  2.03E-17
  1.56E-17  1.23E-17  9.16E-18  7.12E-18  5.51E-18  4.23E-18  3.30E-18  2.47E-18
   26.011647996395887     
  0.00E+00  1.52E-05  2.98E-06  5.74E-07  2.39E-07  8.30E-08  2.74E-08  1.37E-08
  6.74E-09  3.73E-09  1.93E-09  1.03E-09  6.69E-10  4.38E-10  2.62E-10  1.50E-10
  1.09E-10  6.54E-11  3.99E-11  2.36E-11  1.59E-11  1.03E-11  6.21E-12  3.96E-12
  2.53E-12  1.70E-12  1.05E-12  6.55E-13  4.27E-13  2.74E-13  1.76E-13  1.17E-13
  7.46E-14  5.03E-14  3.31E-14  2.10E-14  1.42E-14  9.42E-15  6.24E-15  4.11E-15
  2.84E-15  1.92E-15  1.27E-15  8.86E-16  5.86E-16  4.11E-16  2.76E-16  1.93E-16
  1.37E-16  9.74E-17  6.84E-17  4.80E-17  3.50E-17  2.51E-17  1.81E-17  1.33E-17
  9.95E-18  7.35E-18  5.44E-18  4.02E-18  3.06E-18  2.22E-18  1.70E-18  1.23E-18
   28.020977254108981     
  0.00E+00  9.37E-06  2.62E-06  5.44E-07  2.29E-07  6.06E-08  2.42E-08  1.28E-08
  6.34E-09  3.52E-09  1.87E-09  9.92E-10  6.62E-10  4.32E-10  2.58E-10  1.48E-10
  1.07E-10  6.48E-11  3.92E-11  2.32E-11  1.57E-11  1.03E-11  6.11E-12  3.96E-12
  2.52E-12  1.67E-12  1.05E-12  6.42E-13  4.23E-13  2.70E-13  1.72E-13  1.14E-13
  7.30E-14  4.87E-14  3.20E-14  2.02E-14  1.37E-14  8.92E-15  5.92E-15  3.80E-15
  2.63E-15  1.78E-15  1.16E-15  7.93E-16  5.25E-16  3.62E-16  2.40E-16  1.66E-16
  1.14E-16  7.93E-17  5.49E-17  3.73E-17  2.66E-17  1.88E-17  1.32E-17  9.39E-18
  6.81E-18  4.99E-18  3.50E-18  2.57E-18  1.89E-18  1.37E-18  1.03E-18  7.41E-19
   30.012144725052792     
  0.00E+00  1.00E-05  3.00E-06  5.17E-07  1.94E-07  7.22E-08  2.40E-08  1.34E-08
  6.13E-09  3.57E-09  1.82E-09  1.00E-09  6.57E-10  4.33E-10  2.58E-10  1.46E-10
  1.07E-10  6.40E-11  3.92E-11  2.31E-11  1.55E-11  1.04E-11  6.11E-12  3.91E-12
  2.51E-12  1.64E-12  1.02E-12  6.39E-13  4.18E-13  2.68E-13  1.70E-13  1.12E-13
  7.19E-14  4.76E-14  3.10E-14  1.98E-14  1.32E-14  8.59E-15  5.69E-15  3.67E-15
  2.52E-15  1.68E-15  1.10E-15  7.45E-16  4.88E-16  3.34E-16  2.18E-16  1.47E-16
  1.02E-16  6.95E-17  4.67E-17  3.14E-17  2.22E-17  1.52E-17  1.05E-17  7.29E-18
  5.20E-18  3.72E-18  2.60E-18  1.88E-18  1.36E-18  9.73E-19  7.15E-19  5.15E-19
   32.015487561634636     
  0.00E+00  1.25E-05  2.91E-06  4.73E-07  1.88E-07  5.90E-08  2.31E-08  1.29E-08
  6.15E-09  3.49E-09  1.82E-09  1.02E-09  6.80E-10  4.18E-10  2.59E-10  1.49E-10
  1.06E-10  6.52E-11  3.82E-11  2.33E-11  1.55E-11  1.00E-11  6.10E-12  3.89E-12
  2.47E-12  1.65E-12  1.02E-12  6.37E-13  4.19E-13  2.65E-13  1.69E-13  1.11E-13
  7.02E-14  4.69E-14  3.06E-14  1.95E-14  1.30E-14  8.43E-15  5.56E-15  3.57E-15
  2.44E-15  1.61E-15  1.05E-15  7.06E-16  4.60E-16  3.14E-16  2.02E-16  1.37E-16
  9.32E-17  6.27E-17  4.21E-17  2.78E-17  1.93E-17  1.31E-17  8.86E-18  6.08E-18
  4.28E-18  3.03E-18  2.06E-18  1.46E-18  1.06E-18  7.42E-19  5.42E-19  3.86E-19
   34.015657541174647     
  0.00E+00  9.61E-06  3.00E-06  4.33E-07  2.04E-07  6.00E-08  2.36E-08  1.29E-08
  5.90E-09  3.55E-09  1.81E-09  1.02E-09  6.43E-10  4.23E-10  2.56E-10  1.46E-10
  1.04E-10  6.47E-11  3.91E-11  2.30E-11  1.56E-11  1.01E-11  6.02E-12  3.90E-12
  2.50E-12  1.65E-12  1.02E-12  6.32E-13  4.14E-13  2.63E-13  1.68E-13  1.10E-13
  7.01E-14  4.66E-14  3.05E-14  1.92E-14  1.28E-14  8.34E-15  5.48E-15  3.52E-15
  2.38E-15  1.58E-15  1.02E-15  6.87E-16  4.45E-16  3.02E-16  1.94E-16  1.31E-16
  8.82E-17  5.89E-17  3.91E-17  2.56E-17  1.76E-17  1.18E-17  7.90E-18  5.39E-18
  3.72E-18  2.60E-18  1.75E-18  1.23E-18  8.70E-19  6.07E-19  4.34E-19  3.05E-19
   36.016540193639258     
  0.00E+00  9.57E-06  3.02E-06  4.33E-07  1.55E-07  5.64E-08  2.51E-08  1.24E-08
  5.77E-09  3.58E-09  1.75E-09  1.01E-09  6.55E-10  4.31E-10  2.52E-10  1.46E-10
  1.07E-10  6.40E-11  3.88E-11  2.30E-11  1.55E-11  1.00E-11  5.98E-12  3.88E-12
  2.47E-12  1.62E-12  1.02E-12  6.30E-13  4.15E-13  2.61E-13  1.69E-13  1.10E-13
  6.96E-14  4.66E-14  3.03E-14  1.90E-14  1.27E-14  8.23E-15  5.44E-15  3.49E-15
  2.36E-15  1.57E-15  1.00E-15  6.77E-16  4.38E-16  2.97E-16  1.90E-16  1.28E-16
  8.55E-17  5.69E-17  3.76E-17  2.46E-17  1.68E-17  1.12E-17  7.48E-18  5.05E-18
  3.46E-18  2.41E-18  1.62E-18  1.13E-18  7.88E-19  5.46E-19  3.90E-19  2.69E-19
   38.015110552460683     
  0.00E+00  1.07E-05  2.85E-06  4.72E-07  1.67E-07  5.52E-08  2.30E-08  1.31E-08
  5.88E-09  3.39E-09  1.80E-09  1.01E-09  6.50E-10  4.17E-10  2.55E-10  1.45E-10
  1.06E-10  6.52E-11  3.86E-11  2.29E-11  1.56E-11  1.01E-11  6.03E-12  3.84E-12
  2.47E-12  1.63E-12  1.02E-12  6.26E-13  4.14E-13  2.63E-13  1.68E-13  1.10E-13
  6.95E-14  4.65E-14  3.02E-14  1.91E-14  1.27E-14  8.26E-15  5.38E-15  3.47E-15
  2.34E-15  1.55E-15  9.98E-16  6.69E-16  4.33E-16  2.92E-16  1.87E-16  1.26E-16
  8.44E-17  5.61E-17  3.69E-17  2.41E-17  1.64E-17  1.09E-17  7.23E-18  4.87E-18
  3.34E-18  2.31E-18  1.54E-18  1.07E-18  7.53E-19  5.14E-19  3.62E-19  2.52E-19
   40.012819898455028     
  0.00E+00  9.19E-06  2.28E-06  4.92E-07  1.78E-07  5.22E-08  2.50E-08  1.12E-08
  5.69E-09  3.53E-09  1.76E-09  1.01E-09  6.47E-10  4.14E-10  2.58E-10  1.48E-10
  1.05E-10  6.41E-11  3.91E-11  2.27E-11  1.56E-11  1.00E-11  6.10E-12  3.86E-12
  2.47E-12  1.64E-12  1.01E-12  6.30E-13  4.11E-13  2.63E-13  1.67E-13  1.09E-13
  6.93E-14  4.63E-14  3.01E-14  1.90E-14  1.26E-14  8.18E-15  5.37E-15  3.45E-15
  2.33E-15  1.54E-15  9.89E-16  6.64E-16  4.28E-16  2.90E-16  1.86E-16  1.24E-16
  8.33E-17  5.54E-17  3.65E-17  2.37E-17  1.61E-17  1.07E-17  7.08E-18  4.78E-18
  3.25E-18  2.25E-18  1.50E-18  1.04E-18  7.25E-19  4.98E-19  3.50E-19  2.41E-19
   42.014869684977860     
  0.00E+00  9.59E-06  2.50E-06  4.56E-07  1.45E-07  5.36E-08  2.76E-08  1.30E-08
  5.85E-09  3.33E-09  1.74E-09  1.01E-09  6.61E-10  4.10E-10  2.55E-10  1.48E-10
  1.04E-10  6.48E-11  3.88E-11  2.30E-11  1.54E-11  1.02E-11  6.09E-12  3.85E-12
  2.46E-12  1.63E-12  1.02E-12  6.28E-13  4.11E-13  2.59E-13  1.67E-13  1.10E-13
  6.91E-14  4.63E-14  3.00E-14  1.90E-14  1.26E-14  8.18E-15  5.36E-15  3.43E-15
  2.33E-15  1.54E-15  9.88E-16  6.61E-16  4.27E-16  2.88E-16  1.84E-16  1.23E-16
  8.29E-17  5.50E-17  3.63E-17  2.35E-17  1.60E-17  1.06E-17  6.99E-18  4.71E-18
  3.21E-18  2.21E-18  1.48E-18  1.02E-18  7.13E-19  4.85E-19  3.43E-19  2.35E-19
   44.014606268313464     
  0.00E+00  8.90E-06  2.47E-06  4.00E-07  1.83E-07  5.46E-08  2.51E-08  1.26E-08
  5.93E-09  3.64E-09  1.75E-09  1.01E-09  6.43E-10  4.17E-10  2.53E-10  1.42E-10
  1.04E-10  6.44E-11  3.83E-11  2.30E-11  1.58E-11  1.01E-11  6.04E-12  3.83E-12
  2.45E-12  1.63E-12  1.01E-12  6.32E-13  4.07E-13  2.62E-13  1.66E-13  1.09E-13
  6.97E-14  4.63E-14  3.02E-14  1.89E-14  1.27E-14  8.17E-15  5.35E-15  3.44E-15
  2.31E-15  1.54E-15  9.85E-16  6.60E-16  4.26E-16  2.88E-16  1.84E-16  1.23E-16
  8.24E-17  5.48E-17  3.61E-17  2.33E-17  1.59E-17  1.05E-17  6.97E-18  4.67E-18
  3.18E-18  2.19E-18  1.46E-18  1.00E-18  7.04E-19  4.80E-19  3.37E-19  2.33E-19
   46.014997171668547     
  0.00E+00  9.73E-06  2.00E-06  3.84E-07  1.59E-07  5.56E-08  2.40E-08  1.29E-08
  5.71E-09  3.40E-09  1.77E-09  1.01E-09  6.35E-10  4.11E-10  2.54E-10  1.49E-10
  1.07E-10  6.49E-11  3.87E-11  2.30E-11  1.55E-11  9.98E-12  6.00E-12  3.86E-12
  2.46E-12  1.63E-12  1.02E-12  6.29E-13  4.12E-13  2.62E-13  1.67E-13  1.09E-13
  6.90E-14  4.63E-14  3.00E-14  1.89E-14  1.26E-14  8.16E-15  5.35E-15  3.42E-15
  2.32E-15  1.53E-15  9.81E-16  6.60E-16  4.25E-16  2.87E-16  1.83E-16  1.23E-16
  8.24E-17  5.46E-17  3.59E-17  2.33E-17  1.58E-17  1.04E-17  6.91E-18  4.62E-18
  3.15E-18  2.17E-18  1.45E-18  9.93E-19  6.93E-19  4.71E-19  3.34E-19  2.30E-19
   48.023061465411686     
  0.00E+00  1.03E-05  2.29E-06  4.15E-07  1.62E-07  5.65E-08  2.34E-08  1.12E-08
  5.92E-09  3.51E-09  1.78E-09  9.98E-10  6.54E-10  4.23E-10  2.53E-10  1.49E-10
  1.05E-10  6.40E-11  3.91E-11  2.33E-11  1.57E-11  1.01E-11  6.03E-12  3.87E-12
  2.45E-12  1.63E-12  1.01E-12  6.29E-13  4.12E-13  2.61E-13  1.66E-13  1.09E-13
  6.93E-14  4.61E-14  3.00E-14  1.90E-14  1.26E-14  8.14E-15  5.35E-15  3.42E-15
  2.32E-15  1.53E-15  9.82E-16  6.58E-16  4.25E-16  2.87E-16  1.83E-16  1.23E-16
  8.22E-17  5.45E-17  3.59E-17  2.32E-17  1.58E-17  1.04E-17  6.88E-18  4.61E-18
  3.14E-18  2.16E-18  1.43E-18  9.88E-19  6.89E-19  4.68E-19  3.30E-19  2.27E-19
   50.022952978596898     
  0.00E+00  9.25E-06  2.47E-06  4.35E-07  1.75E-07  5.66E-08  2.32E-08  1.37E-08
  6.04E-09  3.63E-09  1.80E-09  9.75E-10  6.57E-10  4.22E-10  2.55E-10  1.42E-10
  1.04E-10  6.47E-11  3.85E-11  2.31E-11  1.55E-11  1.02E-11  6.06E-12  3.86E-12
  2.48E-12  1.64E-12  1.02E-12  6.27E-13  4.13E-13  2.60E-13  1.67E-13  1.09E-13
  6.92E-14  4.62E-14  3.00E-14  1.89E-14  1.26E-14  8.15E-15  5.34E-15  3.42E-15
  2.32E-15  1.53E-15  9.83E-16  6.60E-16  4.25E-16  2.86E-16  1.83E-16  1.23E-16
  8.20E-17  5.44E-17  3.58E-17  2.31E-17  1.57E-17  1.04E-17  6.86E-18  4.61E-18
  3.12E-18  2.15E-18  1.43E-18  9.81E-19  6.88E-19  4.68E-19  3.27E-19  2.26E-19
   52.013477321470987     
  0.00E+00  1.02E-05  3.06E-06  4.07E-07  1.48E-07  5.82E-08  2.34E-08  1.16E-08
  5.59E-09  3.38E-09  1.73E-09  9.71E-10  6.46E-10  4.23E-10  2.50E-10  1.43E-10
  1.06E-10  6.32E-11  3.89E-11  2.31E-11  1.55E-11  1.01E-11  6.04E-12  3.86E-12
  2.47E-12  1.64E-12  1.02E-12  6.27E-13  4.10E-13  2.62E-13  1.67E-13  1.09E-13
  6.91E-14  4.62E-14  3.00E-14  1.89E-14  1.26E-14  8.17E-15  5.35E-15  3.41E-15
  2.31E-15  1.53E-15  9.83E-16  6.59E-16  4.25E-16  2.87E-16  1.83E-16  1.22E-16
  8.20E-17  5.42E-17  3.58E-17  2.31E-17  1.57E-17  1.04E-17  6.84E-18  4.59E-18
  3.11E-18  2.14E-18  1.42E-18  9.81E-19  6.84E-19  4.62E-19  3.26E-19  2.25E-19
   54.018683766080834     
  0.00E+00  1.07E-05  2.32E-06  3.66E-07  1.76E-07  5.70E-08  2.28E-08  1.24E-08
  5.13E-09  3.60E-09  1.85E-09  1.00E-09  6.56E-10  4.24E-10  2.49E-10  1.51E-10
  1.06E-10  6.53E-11  3.87E-11  2.31E-11  1.59E-11  1.00E-11  6.03E-12  3.88E-12
  2.49E-12  1.65E-12  1.01E-12  6.29E-13  4.12E-13  2.60E-13  1.66E-13  1.09E-13
  6.93E-14  4.63E-14  3.01E-14  1.89E-14  1.26E-14  8.13E-15  5.33E-15  3.43E-15
  2.32E-15  1.53E-15  9.83E-16  6.57E-16  4.25E-16  2.86E-16  1.83E-16  1.22E-16
  8.19E-17  5.42E-17  3.57E-17  2.31E-17  1.57E-17  1.03E-17  6.82E-18  4.58E-18
  3.10E-18  2.14E-18  1.42E-18  9.80E-19  6.82E-19  4.63E-19  3.27E-19  2.24E-19
   56.013705268456391     
  0.00E+00  8.75E-06  2.77E-06  3.71E-07  1.58E-07  5.39E-08  2.39E-08  1.20E-08
  5.57E-09  3.23E-09  1.77E-09  1.02E-09  6.46E-10  4.17E-10  2.55E-10  1.44E-10
  1.07E-10  6.43E-11  3.84E-11  2.30E-11  1.53E-11  1.01E-11  6.05E-12  3.83E-12
  2.47E-12  1.66E-12  1.03E-12  6.29E-13  4.11E-13  2.59E-13  1.66E-13  1.09E-13
  6.91E-14  4.64E-14  2.99E-14  1.88E-14  1.26E-14  8.17E-15  5.32E-15  3.41E-15
  2.31E-15  1.53E-15  9.82E-16  6.58E-16  4.25E-16  2.86E-16  1.83E-16  1.22E-16
  8.19E-17  5.41E-17  3.57E-17  2.31E-17  1.57E-17  1.03E-17  6.83E-18  4.60E-18
  3.13E-18  2.14E-18  1.42E-18  9.77E-19  6.81E-19  4.65E-19  3.25E-19  2.24E-19
   58.023036548069285     
  0.00E+00  9.92E-06  2.72E-06  4.25E-07  1.59E-07  5.25E-08  2.43E-08  1.37E-08
  6.00E-09  3.68E-09  1.82E-09  1.03E-09  6.70E-10  4.29E-10  2.55E-10  1.47E-10
  1.07E-10  6.51E-11  3.88E-11  2.30E-11  1.55E-11  1.01E-11  6.02E-12  3.85E-12
  2.43E-12  1.65E-12  9.99E-13  6.31E-13  4.09E-13  2.62E-13  1.65E-13  1.09E-13
  6.93E-14  4.63E-14  2.99E-14  1.88E-14  1.26E-14  8.13E-15  5.32E-15  3.42E-15
  2.32E-15  1.53E-15  9.83E-16  6.55E-16  4.24E-16  2.86E-16  1.82E-16  1.22E-16
  8.17E-17  5.41E-17  3.57E-17  2.31E-17  1.57E-17  1.03E-17  6.83E-18  4.57E-18
  3.11E-18  2.14E-18  1.42E-18  9.74E-19  6.82E-19  4.64E-19  3.26E-19  2.24E-19
   60.013050583194314     
  0.00E+00  9.40E-06  2.36E-06  4.71E-07  1.85E-07  5.12E-08  2.33E-08  1.19E-08
  5.75E-09  3.17E-09  1.78E-09  1.04E-09  6.24E-10  4.30E-10  2.52E-10  1.41E-10
  1.07E-10  6.40E-11  3.84E-11  2.28E-11  1.57E-11  1.02E-11  5.97E-12  3.84E-12
  2.46E-12  1.64E-12  1.02E-12  6.27E-13  4.09E-13  2.61E-13  1.66E-13  1.09E-13
  6.96E-14  4.62E-14  3.00E-14  1.88E-14  1.25E-14  8.14E-15  5.31E-15  3.42E-15
  2.31E-15  1.53E-15  9.81E-16  6.55E-16  4.24E-16  2.86E-16  1.82E-16  1.23E-16
  8.15E-17  5.42E-17  3.56E-17  2.30E-17  1.57E-17  1.03E-17  6.83E-18  4.57E-18
  3.11E-18  2.13E-18  1.42E-18  9.79E-19  6.81E-19  4.62E-19  3.26E-19  2.24E-19
   62.018363370855887     
  0.00E+00  8.39E-06  2.28E-06  4.59E-07  1.43E-07  5.27E-08  2.30E-08  1.25E-08
  5.66E-09  3.35E-09  1.79E-09  1.03E-09  6.73E-10  4.23E-10  2.53E-10  1.48E-10
  1.07E-10  6.38E-11  3.92E-11  2.29E-11  1.56E-11  1.01E-11  6.02E-12  3.87E-12
  2.46E-12  1.64E-12  1.01E-12  6.28E-13  4.10E-13  2.62E-13  1.67E-13  1.09E-13
  6.89E-14  4.65E-14  2.99E-14  1.89E-14  1.26E-14  8.13E-15  5.30E-15  3.42E-15
  2.31E-15  1.53E-15  9.83E-16  6.58E-16  4.24E-16  2.86E-16  1.82E-16  1.22E-16
  8.19E-17  5.43E-17  3.56E-17  2.31E-17  1.57E-17  1.03E-17  6.82E-18  4.57E-18
  3.10E-18  2.13E-18  1.42E-18  9.72E-19  6.82E-19  4.62E-19  3.26E-19  2.24E-19
   64.013427305126001     
  0.00E+00  9.83E-06  1.76E-06  4.11E-07  1.57E-07  5.35E-08  2.48E-08  1.16E-08
  5.52E-09  3.45E-09  1.72E-09  9.91E-10  6.55E-10  4.20E-10  2.48E-10  1.51E-10
  1.07E-10  6.45E-11  3.85E-11  2.28E-11  1.55E-11  1.01E-11  6.08E-12  3.87E-12
  2.48E-12  1.64E-12  1.02E-12  6.28E-13  4.10E-13  2.59E-13  1.67E-13  1.09E-13
  6.93E-14  4.64E-14  3.00E-14  1.88E-14  1.26E-14  8.15E-15  5.31E-15  3.42E-15
  2.32E-15  1.53E-15  9.81E-16  6.56E-16  4.24E-16  2.86E-16  1.82E-16  1.22E-16
  8.18E-17  5.42E-17  3.57E-17  2.30E-17  1.57E-17  1.03E-17  6.81E-18  4.59E-18
  3.11E-18  2.13E-18  1.42E-18  9.75E-19  6.77E-19  4.62E-19  3.25E-19  2.24E-19
   66.019831170378865     
  0.00E+00  9.13E-06  2.89E-06  3.95E-07  1.78E-07  5.35E-08  2.59E-08  1.29E-08
  5.46E-09  3.50E-09  1.74E-09  9.88E-10  6.39E-10  4.12E-10  2.50E-10  1.42E-10
  1.07E-10  6.44E-11  3.84E-11  2.24E-11  1.57E-11  1.02E-11  6.09E-12  3.86E-12
  2.47E-12  1.65E-12  1.01E-12  6.31E-13  4.07E-13  2.61E-13  1.66E-13  1.09E-13
  6.89E-14  4.62E-14  3.00E-14  1.90E-14  1.26E-14  8.15E-15  5.32E-15  3.42E-15
  2.31E-15  1.53E-15  9.83E-16  6.57E-16  4.24E-16  2.86E-16  1.82E-16  1.22E-16
  8.20E-17  5.42E-17  3.57E-17  2.30E-17  1.56E-17  1.03E-17  6.83E-18  4.59E-18
  3.10E-18  2.14E-18  1.42E-18  9.77E-19  6.79E-19  4.61E-19  3.25E-19  2.24E-19
   68.014261245293170     
  0.00E+00  9.43E-06  1.85E-06  4.14E-07  1.48E-07  5.58E-08  2.50E-08  1.27E-08
  5.71E-09  3.43E-09  1.76E-09  1.01E-09  6.56E-10  4.07E-10  2.58E-10  1.46E-10
  1.05E-10  6.35E-11  3.92E-11  2.26E-11  1.55E-11  1.01E-11  6.10E-12  3.87E-12
  2.48E-12  1.65E-12  1.02E-12  6.27E-13  4.12E-13  2.62E-13  1.65E-13  1.10E-13
  6.88E-14  4.61E-14  3.00E-14  1.89E-14  1.26E-14  8.14E-15  5.33E-15  3.42E-15
  2.31E-15  1.53E-15  9.81E-16  6.56E-16  4.23E-16  2.85E-16  1.82E-16  1.22E-16
  8.16E-17  5.42E-17  3.56E-17  2.30E-17  1.56E-17  1.03E-17  6.82E-18  4.58E-18
  3.11E-18  2.14E-18  1.42E-18  9.78E-19  6.78E-19  4.60E-19  3.26E-19  2.24E-19
   70.020504801134848     
  0.00E+00  1.06E-05  2.60E-06  4.23E-07  1.77E-07  5.57E-08  2.60E-08  1.24E-08
  5.79E-09  3.44E-09  1.76E-09  1.02E-09  6.58E-10  4.16E-10  2.51E-10  1.47E-10
  1.05E-10  6.44E-11  3.88E-11  2.30E-11  1.54E-11  1.01E-11  6.09E-12  3.84E-12
  2.46E-12  1.64E-12  1.02E-12  6.21E-13  4.10E-13  2.60E-13  1.66E-13  1.09E-13
  6.94E-14  4.64E-14  2.99E-14  1.89E-14  1.26E-14  8.13E-15  5.33E-15  3.42E-15
  2.31E-15  1.53E-15  9.82E-16  6.57E-16  4.24E-16  2.85E-16  1.82E-16  1.22E-16
  8.16E-17  5.42E-17  3.56E-17  2.30E-17  1.56E-17  1.03E-17  6.82E-18  4.57E-18
  3.10E-18  2.13E-18  1.41E-18  9.75E-19  6.78E-19  4.63E-19  3.25E-19  2.23E-19
   72.015100426888665     
  0.00E+00  9.32E-06  2.75E-06  3.87E-07  1.58E-07  5.53E-08  2.48E-08  1.19E-08
  5.82E-09  3.49E-09  1.76E-09  1.05E-09  6.28E-10  4.14E-10  2.53E-10  1.46E-10
  1.03E-10  6.46E-11  3.81E-11  2.31E-11  1.58E-11  1.00E-11  6.04E-12  3.86E-12
  2.45E-12  1.63E-12  1.01E-12  6.29E-13  4.12E-13  2.61E-13  1.66E-13  1.09E-13
  6.90E-14  4.65E-14  3.01E-14  1.89E-14  1.25E-14  8.17E-15  5.35E-15  3.41E-15
  2.32E-15  1.53E-15  9.80E-16  6.57E-16  4.24E-16  2.87E-16  1.82E-16  1.22E-16
  8.19E-17  5.41E-17  3.57E-17  2.30E-17  1.56E-17  1.03E-17  6.79E-18  4.55E-18
  3.11E-18  2.13E-18  1.42E-18  9.77E-19  6.79E-19  4.62E-19  3.25E-19  2.23E-19
   74.022162950983301     
  0.00E+00  1.01E-05  2.69E-06  3.42E-07  1.57E-07  5.41E-08  2.32E-08  1.29E-08
  5.71E-09  3.42E-09  1.78E-09  1.08E-09  6.47E-10  4.20E-10  2.60E-10  1.45E-10
  1.05E-10  6.37E-11  3.90E-11  2.32E-11  1.54E-11  1.01E-11  6.06E-12  3.81E-12
  2.46E-12  1.62E-12  1.01E-12  6.31E-13  4.12E-13  2.60E-13  1.67E-13  1.08E-13
  6.93E-14  4.64E-14  3.01E-14  1.89E-14  1.26E-14  8.14E-15  5.33E-15  3.41E-15
  2.31E-15  1.53E-15  9.82E-16  6.56E-16  4.24E-16  2.86E-16  1.82E-16  1.22E-16
  8.17E-17  5.40E-17  3.57E-17  2.30E-17  1.56E-17  1.03E-17  6.83E-18  4.56E-18
  3.09E-18  2.13E-18  1.42E-18  9.74E-19  6.81E-19  4.62E-19  3.24E-19  2.23E-19
   76.019504890194298     
  0.00E+00  1.02E-05  2.84E-06  3.51E-07  1.75E-07  5.60E-08  2.56E-08  1.22E-08
  5.49E-09  3.26E-09  1.73E-09  1.03E-09  6.49E-10  4.05E-10  2.55E-10  1.45E-10
  1.05E-10  6.46E-11  3.85E-11  2.31E-11  1.56E-11  9.93E-12  6.07E-12  3.85E-12
  2.46E-12  1.63E-12  1.00E-12  6.29E-13  4.11E-13  2.61E-13  1.67E-13  1.09E-13
  6.95E-14  4.64E-14  3.00E-14  1.89E-14  1.26E-14  8.11E-15  5.34E-15  3.42E-15
  2.31E-15  1.53E-15  9.80E-16  6.57E-16  4.24E-16  2.86E-16  1.82E-16  1.22E-16
  8.17E-17  5.41E-17  3.56E-17  2.30E-17  1.56E-17  1.03E-17  6.81E-18  4.58E-18
  3.12E-18  2.13E-18  1.42E-18  9.76E-19  6.79E-19  4.62E-19  3.24E-19  2.24E-19
   78.018288399615344     
  0.00E+00  8.51E-06  1.98E-06  4.19E-07  1.42E-07  5.50E-08  2.35E-08  1.21E-08
  5.52E-09  3.41E-09  1.79E-09  9.78E-10  6.10E-10  4.17E-10  2.55E-10  1.47E-10
  1.05E-10  6.39E-11  3.90E-11  2.29E-11  1.57E-11  1.01E-11  6.02E-12  3.85E-12
  2.47E-12  1.63E-12  1.02E-12  6.31E-13  4.12E-13  2.62E-13  1.67E-13  1.08E-13
  6.92E-14  4.63E-14  2.99E-14  1.88E-14  1.26E-14  8.16E-15  5.32E-15  3.42E-15
  2.31E-15  1.53E-15  9.80E-16  6.56E-16  4.24E-16  2.86E-16  1.83E-16  1.22E-16
  8.18E-17  5.40E-17  3.56E-17  2.30E-17  1.56E-17  1.03E-17  6.84E-18  4.57E-18
  3.10E-18  2.13E-18  1.42E-18  9.73E-19  6.80E-19  4.62E-19  3.26E-19  2.24E-19
   80.016671384655652     
  0.00E+00  9.71E-06  3.07E-06  4.81E-07  1.79E-07  5.43E-08  2.06E-08  1.24E-08
  5.86E-09  3.44E-09  1.79E-09  9.85E-10  6.87E-10  4.21E-10  2.60E-10  1.48E-10
  1.05E-10  6.51E-11  3.84E-11  2.29E-11  1.55E-11  1.03E-11  6.03E-12  3.87E-12
  2.49E-12  1.63E-12  1.02E-12  6.28E-13  4.11E-13  2.61E-13  1.67E-13  1.09E-13
  6.94E-14  4.62E-14  3.00E-14  1.89E-14  1.26E-14  8.15E-15  5.33E-15  3.43E-15
  2.31E-15  1.53E-15  9.84E-16  6.56E-16  4.24E-16  2.85E-16  1.82E-16  1.22E-16
  8.18E-17  5.42E-17  3.56E-17  2.30E-17  1.56E-17  1.03E-17  6.82E-18  4.57E-18
  3.11E-18  2.14E-18  1.42E-18  9.75E-19  6.79E-19  4.65E-19  3.25E-19  2.24E-19
   82.015637026620013     
  0.00E+00  9.19E-06  1.73E-06  4.81E-07  1.62E-07  5.36E-08  2.18E-08  1.35E-08
  6.14E-09  3.48E-09  1.81E-09  1.00E-09  6.73E-10  4.32E-10  2.55E-10  1.43E-10
  1.05E-10  6.36E-11  3.90E-11  2.28E-11  1.56E-11  1.01E-11  6.10E-12  3.90E-12
  2.50E-12  1.65E-12  1.01E-12  6.25E-13  4.13E-13  2.59E-13  1.66E-13  1.08E-13
  6.91E-14  4.61E-14  2.98E-14  1.88E-14  1.26E-14  8.13E-15  5.31E-15  3.41E-15
  2.32E-15  1.53E-15  9.80E-16  6.56E-16  4.24E-16  2.86E-16  1.82E-16  1.22E-16
  8.17E-17  5.42E-17  3.56E-17  2.31E-17  1.56E-17  1.03E-17  6.81E-18  4.57E-18
  3.10E-18  2.14E-18  1.42E-18  9.77E-19  6.77E-19  4.63E-19  3.26E-19  2.25E-19
   84.016076795226255     
  0.00E+00  8.34E-06  2.30E-06  4.42E-07  1.48E-07  5.53E-08  2.27E-08  1.12E-08
  5.93E-09  3.41E-09  1.84E-09  9.87E-10  6.58E-10  4.33E-10  2.55E-10  1.47E-10
  1.05E-10  6.34E-11  3.84E-11  2.27E-11  1.56E-11  1.02E-11  6.07E-12  3.83E-12
  2.49E-12  1.63E-12  1.01E-12  6.22E-13  4.09E-13  2.61E-13  1.66E-13  1.09E-13
  6.91E-14  4.61E-14  3.00E-14  1.88E-14  1.26E-14  8.15E-15  5.33E-15  3.42E-15
  2.31E-15  1.53E-15  9.81E-16  6.56E-16  4.24E-16  2.85E-16  1.82E-16  1.22E-16
  8.18E-17  5.41E-17  3.56E-17  2.30E-17  1.56E-17  1.03E-17  6.82E-18  4.57E-18
  3.11E-18  2.13E-18  1.42E-18  9.75E-19  6.80E-19  4.61E-19  3.25E-19  2.25E-19
   86.017711897796275     
  0.00E+00  1.02E-05  2.12E-06  4.21E-07  1.86E-07  5.45E-08  2.41E-08  1.26E-08
  5.85E-09  3.48E-09  1.76E-09  9.96E-10  6.47E-10  4.27E-10  2.58E-10  1.47E-10
  1.06E-10  6.39E-11  3.89E-11  2.32E-11  1.57E-11  9.98E-12  5.99E-12  3.88E-12
  2.49E-12  1.63E-12  1.01E-12  6.30E-13  4.14E-13  2.62E-13  1.67E-13  1.09E-13
  6.90E-14  4.61E-14  3.00E-14  1.88E-14  1.26E-14  8.14E-15  5.33E-15  3.43E-15
  2.31E-15  1.53E-15  9.83E-16  6.57E-16  4.24E-16  2.86E-16  1.83E-16  1.22E-16
  8.17E-17  5.42E-17  3.56E-17  2.30E-17  1.56E-17  1.03E-17  6.82E-18  4.56E-18
  3.10E-18  2.14E-18  1.42E-18  9.75E-19  6.79E-19  4.64E-19  3.23E-19  2.23E-19
   88.020127822144545     
  0.00E+00  9.34E-06  2.52E-06  4.31E-07  1.48E-07  5.36E-08  2.42E-08  1.22E-08
  5.90E-09  3.43E-09  1.77E-09  1.03E-09  6.46E-10  4.00E-10  2.56E-10  1.43E-10
  1.06E-10  6.44E-11  3.83E-11  2.31E-11  1.56E-11  1.01E-11  6.00E-12  3.87E-12
  2.43E-12  1.64E-12  1.02E-12  6.29E-13  4.16E-13  2.60E-13  1.66E-13  1.09E-13
  6.88E-14  4.61E-14  2.99E-14  1.88E-14  1.26E-14  8.15E-15  5.32E-15  3.43E-15
  2.31E-15  1.53E-15  9.81E-16  6.58E-16  4.24E-16  2.86E-16  1.82E-16  1.22E-16
  8.17E-17  5.40E-17  3.56E-17  2.30E-17  1.56E-17  1.03E-17  6.82E-18  4.57E-18
  3.10E-18  2.13E-18  1.42E-18  9.74E-19  6.79E-19  4.64E-19  3.25E-19  2.24E-19
   90.022864777919963     
  0.00E+00  9.52E-06  2.72E-06  4.31E-07  1.54E-07  5.24E-08  2.44E-08  1.29E-08
  5.89E-09  3.50E-09  1.74E-09  1.03E-09  6.47E-10  4.12E-10  2.56E-10  1.50E-10
  1.04E-10  6.44E-11  3.92E-11  2.28E-11  1.55E-11  1.01E-11  6.06E-12  3.85E-12
  2.46E-12  1.63E-12  1.01E-12  6.29E-13  4.13E-13  2.60E-13  1.67E-13  1.09E-13
  6.92E-14  4.61E-14  3.00E-14  1.88E-14  1.26E-14  8.12E-15  5.33E-15  3.42E-15
  2.31E-15  1.53E-15  9.82E-16  6.55E-16  4.24E-16  2.86E-16  1.83E-16  1.22E-16
  8.18E-17  5.41E-17  3.57E-17  2.31E-17  1.57E-17  1.03E-17  6.81E-18  4.58E-18
  3.10E-18  2.13E-18  1.42E-18  9.74E-19  6.79E-19  4.61E-19  3.25E-19  2.24E-19
   92.013643113988351     
  0.00E+00  1.08E-05  2.07E-06  3.86E-07  1.78E-07  5.30E-08  2.54E-08  1.17E-08
  6.09E-09  3.45E-09  1.78E-09  1.01E-09  6.52E-10  4.10E-10  2.55E-10  1.44E-10
  1.06E-10  6.31E-11  3.91E-11  2.28E-11  1.55E-11  1.02E-11  6.11E-12  3.85E-12
  2.45E-12  1.63E-12  1.01E-12  6.34E-13  4.11E-13  2.60E-13  1.67E-13  1.09E-13
  6.87E-14  4.61E-14  3.00E-14  1.88E-14  1.26E-14  8.14E-15  5.35E-15  3.42E-15
  2.31E-15  1.53E-15  9.83E-16  6.56E-16  4.25E-16  2.86E-16  1.83E-16  1.22E-16
  8.17E-17  5.41E-17  3.56E-17  2.31E-17  1.57E-17  1.03E-17  6.82E-18  4.57E-18
  3.11E-18  2.13E-18  1.42E-18  9.75E-19  6.79E-19  4.63E-19  3.25E-19  2.24E-19
   94.015670415952158     
  0.00E+00  9.27E-06  3.41E-06  3.34E-07  1.50E-07  5.41E-08  2.44E-08  1.36E-08
  5.88E-09  3.56E-09  1.75E-09  9.94E-10  6.32E-10  4.13E-10  2.50E-10  1.44E-10
  1.06E-10  6.46E-11  3.79E-11  2.29E-11  1.57E-11  1.01E-11  6.12E-12  3.85E-12
  2.49E-12  1.62E-12  1.02E-12  6.29E-13  4.08E-13  2.61E-13  1.67E-13  1.09E-13
  6.94E-14  4.61E-14  3.00E-14  1.90E-14  1.26E-14  8.15E-15  5.34E-15  3.42E-15
  2.31E-15  1.53E-15  9.81E-16  6.56E-16  4.24E-16  2.85E-16  1.82E-16  1.22E-16
  8.17E-17  5.41E-17  3.56E-17  2.31E-17  1.57E-17  1.03E-17  6.81E-18  4.57E-18
  3.11E-18  2.13E-18  1.42E-18  9.74E-19  6.79E-19  4.61E-19  3.24E-19  2.24E-19
   96.018952638944441     
  0.00E+00  9.73E-06  2.25E-06  3.38E-07  1.77E-07  5.67E-08  2.37E-08  1.14E-08
  5.70E-09  3.52E-09  1.75E-09  9.73E-10  6.50E-10  4.21E-10  2.51E-10  1.49E-10
  1.08E-10  6.37E-11  3.92E-11  2.33E-11  1.56E-11  1.01E-11  6.08E-12  3.88E-12
  2.47E-12  1.63E-12  1.01E-12  6.25E-13  4.10E-13  2.61E-13  1.67E-13  1.09E-13
  6.96E-14  4.61E-14  3.01E-14  1.89E-14  1.26E-14  8.14E-15  5.34E-15  3.42E-15
  2.32E-15  1.53E-15  9.81E-16  6.57E-16  4.24E-16  2.86E-16  1.82E-16  1.22E-16
  8.19E-17  5.40E-17  3.57E-17  2.30E-17  1.56E-17  1.03E-17  6.81E-18  4.57E-18
  3.10E-18  2.13E-18  1.43E-18  9.76E-19  6.79E-19  4.61E-19  3.25E-19  2.25E-19
   98.022564442034067     
  0.00E+00  9.94E-06  2.66E-06  4.00E-07  1.57E-07  5.64E-08  2.43E-08  1.26E-08
  6.09E-09  3.51E-09  1.77E-09  9.63E-10  6.48E-10  4.01E-10  2.52E-10  1.45E-10
  1.07E-10  6.38E-11  3.85E-11  2.31E-11  1.54E-11  1.01E-11  6.06E-12  3.81E-12
  2.46E-12  1.64E-12  1.02E-12  6.28E-13  4.07E-13  2.61E-13  1.66E-13  1.09E-13
  6.97E-14  4.61E-14  2.99E-14  1.87E-14  1.26E-14  8.12E-15  5.33E-15  3.42E-15
  2.31E-15  1.53E-15  9.84E-16  6.55E-16  4.24E-16  2.85E-16  1.82E-16  1.22E-16
  8.16E-17  5.39E-17  3.56E-17  2.30E-17  1.57E-17  1.03E-17  6.82E-18  4.57E-18
  3.11E-18  2.13E-18  1.42E-18  9.75E-19  6.80E-19  4.63E-19  3.25E-19  2.24E-19
   100.01430704147901     
  0.00E+00  8.34E-06  2.06E-06  4.66E-07  1.52E-07  5.85E-08  2.53E-08  1.19E-08
  6.19E-09  3.41E-09  1.76E-09  9.86E-10  6.60E-10  4.18E-10  2.52E-10  1.44E-10
  1.07E-10  6.44E-11  3.88E-11  2.30E-11  1.57E-11  9.99E-12  6.05E-12  3.87E-12
  2.47E-12  1.63E-12  1.01E-12  6.27E-13  4.13E-13  2.60E-13  1.66E-13  1.09E-13
  6.93E-14  4.60E-14  3.00E-14  1.88E-14  1.26E-14  8.15E-15  5.35E-15  3.41E-15
  2.31E-15  1.53E-15  9.80E-16  6.55E-16  4.24E-16  2.86E-16  1.82E-16  1.22E-16
  8.16E-17  5.40E-17  3.57E-17  2.31E-17  1.57E-17  1.03E-17  6.82E-18  4.57E-18
  3.11E-18  2.13E-18  1.42E-18  9.74E-19  6.77E-19  4.60E-19  3.23E-19  2.23E-19
   102.01882216038022     
  0.00E+00  9.53E-06  2.35E-06  4.70E-07  1.83E-07  5.76E-08  2.37E-08  1.33E-08
  6.07E-09  3.44E-09  1.72E-09  1.00E-09  6.64E-10  4.23E-10  2.54E-10  1.48E-10
  1.07E-10  6.33E-11  3.93E-11  2.30E-11  1.54E-11  1.01E-11  6.03E-12  3.86E-12
  2.46E-12  1.65E-12  1.01E-12  6.23E-13  4.09E-13  2.60E-13  1.67E-13  1.09E-13
  6.92E-14  4.61E-14  2.98E-14  1.88E-14  1.26E-14  8.15E-15  5.33E-15  3.42E-15
  2.32E-15  1.53E-15  9.84E-16  6.56E-16  4.24E-16  2.85E-16  1.82E-16  1.22E-16
  8.18E-17  5.41E-17  3.57E-17  2.30E-17  1.57E-17  1.03E-17  6.83E-18  4.57E-18
  3.10E-18  2.13E-18  1.42E-18  9.74E-19  6.79E-19  4.62E-19  3.26E-19  2.24E-19
   104.01202706594255     
  0.00E+00  9.29E-06  2.40E-06  4.34E-07  1.39E-07  5.72E-08  2.25E-08  1.20E-08
  6.16E-09  3.50E-09  1.79E-09  1.00E-09  6.30E-10  4.27E-10  2.54E-10  1.45E-10
  1.08E-10  6.41E-11  3.82E-11  2.26E-11  1.58E-11  1.00E-11  6.00E-12  3.85E-12
  2.47E-12  1.64E-12  1.02E-12  6.22E-13  4.14E-13  2.62E-13  1.68E-13  1.08E-13
  6.93E-14  4.62E-14  3.02E-14  1.90E-14  1.26E-14  8.13E-15  5.34E-15  3.42E-15
  2.31E-15  1.53E-15  9.82E-16  6.57E-16  4.23E-16  2.86E-16  1.82E-16  1.22E-16
  8.18E-17  5.41E-17  3.56E-17  2.31E-17  1.57E-17  1.03E-17  6.81E-18  4.58E-18
  3.11E-18  2.14E-18  1.41E-18  9.75E-19  6.80E-19  4.61E-19  3.26E-19  2.24E-19
   106.01701329383803     
  0.00E+00  8.62E-06  1.71E-06  4.15E-07  1.74E-07  5.34E-08  2.32E-08  1.29E-08
  6.31E-09  3.26E-09  1.82E-09  9.95E-10  6.42E-10  4.26E-10  2.53E-10  1.47E-10
  1.08E-10  6.39E-11  3.88E-11  2.26E-11  1.57E-11  9.98E-12  6.03E-12  3.88E-12
  2.46E-12  1.62E-12  1.01E-12  6.28E-13  4.10E-13  2.60E-13  1.67E-13  1.09E-13
  6.88E-14  4.62E-14  3.00E-14  1.88E-14  1.26E-14  8.16E-15  5.33E-15  3.42E-15
  2.31E-15  1.53E-15  9.81E-16  6.57E-16  4.23E-16  2.85E-16  1.82E-16  1.22E-16
  8.17E-17  5.41E-17  3.57E-17  2.30E-17  1.56E-17  1.03E-17  6.83E-18  4.58E-18
  3.11E-18  2.14E-18  1.42E-18  9.74E-19  6.77E-19  4.63E-19  3.24E-19  2.24E-19
   108.02250832030910     
  0.00E+00  1.05E-05  2.90E-06  4.26E-07  1.71E-07  5.45E-08  2.14E-08  1.16E-08
  5.80E-09  3.65E-09  1.77E-09  9.96E-10  6.61E-10  4.19E-10  2.53E-10  1.43E-10
  1.07E-10  6.27E-11  3.87E-11  2.29E-11  1.55E-11  1.02E-11  6.01E-12  3.82E-12
  2.46E-12  1.63E-12  1.01E-12  6.29E-13  4.10E-13  2.61E-13  1.66E-13  1.08E-13
  6.90E-14  4.61E-14  3.00E-14  1.90E-14  1.25E-14  8.14E-15  5.34E-15  3.42E-15
  2.31E-15  1.53E-15  9.81E-16  6.56E-16  4.23E-16  2.86E-16  1.82E-16  1.22E-16
  8.19E-17  5.41E-17  3.57E-17  2.30E-17  1.57E-17  1.03E-17  6.81E-18  4.58E-18
  3.10E-18  2.13E-18  1.43E-18  9.74E-19  6.79E-19  4.63E-19  3.25E-19  2.23E-19
   110.01595820096531     
  0.00E+00  9.55E-06  2.39E-06  4.30E-07  1.42E-07  5.38E-08  2.30E-08  1.28E-08
  5.55E-09  3.33E-09  1.81E-09  9.96E-10  6.51E-10  4.21E-10  2.51E-10  1.49E-10
  1.08E-10  6.38E-11  3.87E-11  2.28E-11  1.57E-11  1.01E-11  5.99E-12  3.86E-12
  2.44E-12  1.65E-12  1.01E-12  6.27E-13  4.12E-13  2.61E-13  1.67E-13  1.09E-13
  6.89E-14  4.60E-14  3.00E-14  1.89E-14  1.26E-14  8.13E-15  5.34E-15  3.41E-15
  2.31E-15  1.53E-15  9.82E-16  6.57E-16  4.23E-16  2.86E-16  1.82E-16  1.22E-16
  8.17E-17  5.41E-17  3.56E-17  2.30E-17  1.56E-17  1.03E-17  6.83E-18  4.57E-18
  3.11E-18  2.13E-18  1.42E-18  9.76E-19  6.79E-19  4.60E-19  3.25E-19  2.23E-19
   112.02182434772368     
  0.00E+00  9.62E-06  2.91E-06  3.88E-07  1.85E-07  5.30E-08  2.45E-08  1.25E-08
  6.00E-09  3.68E-09  1.78E-09  9.96E-10  6.63E-10  4.09E-10  2.48E-10  1.47E-10
  1.04E-10  6.50E-11  3.82E-11  2.28E-11  1.56E-11  1.01E-11  5.99E-12  3.85E-12
  2.45E-12  1.65E-12  1.02E-12  6.28E-13  4.11E-13  2.61E-13  1.67E-13  1.09E-13
  6.93E-14  4.61E-14  3.00E-14  1.88E-14  1.26E-14  8.15E-15  5.34E-15  3.41E-15
  2.32E-15  1.53E-15  9.83E-16  6.57E-16  4.23E-16  2.86E-16  1.82E-16  1.22E-16
  8.17E-17  5.40E-17  3.56E-17  2.30E-17  1.56E-17  1.03E-17  6.81E-18  4.58E-18
  3.10E-18  2.13E-18  1.42E-18  9.76E-19  6.78E-19  4.61E-19  3.26E-19  2.23E-19
   114.01697518974935     
  0.00E+00  1.07E-05  2.40E-06  3.30E-07  1.55E-07  5.36E-08  2.18E-08  1.22E-08
  5.98E-09  3.20E-09  1.79E-09  1.00E-09  6.42E-10  4.20E-10  2.50E-10  1.44E-10
  1.07E-10  6.38E-11  3.97E-11  2.29E-11  1.57E-11  1.01E-11  6.02E-12  3.85E-12
  2.44E-12  1.64E-12  1.01E-12  6.27E-13  4.11E-13  2.60E-13  1.66E-13  1.10E-13
  6.90E-14  4.63E-14  3.00E-14  1.89E-14  1.26E-14  8.17E-15  5.33E-15  3.41E-15
  2.31E-15  1.53E-15  9.82E-16  6.56E-16  4.23E-16  2.86E-16  1.82E-16  1.22E-16
  8.19E-17  5.40E-17  3.56E-17  2.31E-17  1.57E-17  1.03E-17  6.80E-18  4.59E-18
  3.11E-18  2.13E-18  1.41E-18  9.72E-19  6.81E-19  4.63E-19  3.24E-19  2.24E-19
   116.01186741371606     
  0.00E+00  8.98E-06  2.75E-06  3.24E-07  1.50E-07  5.65E-08  2.37E-08  1.23E-08
  5.86E-09  3.66E-09  1.81E-09  1.00E-09  6.53E-10  4.24E-10  2.54E-10  1.46E-10
  1.07E-10  6.40E-11  3.80E-11  2.28E-11  1.55E-11  1.00E-11  6.03E-12  3.86E-12
  2.46E-12  1.64E-12  1.01E-12  6.28E-13  4.08E-13  2.62E-13  1.66E-13  1.09E-13
  6.93E-14  4.62E-14  3.00E-14  1.88E-14  1.26E-14  8.14E-15  5.32E-15  3.42E-15
  2.32E-15  1.53E-15  9.83E-16  6.56E-16  4.24E-16  2.86E-16  1.82E-16  1.22E-16
  8.17E-17  5.41E-17  3.56E-17  2.30E-17  1.56E-17  1.03E-17  6.82E-18  4.59E-18
  3.10E-18  2.13E-18  1.41E-18  9.74E-19  6.81E-19  4.63E-19  3.26E-19  2.24E-19
   118.01954307563676     
  0.00E+00  9.44E-06  2.67E-06  3.74E-07  1.75E-07  5.83E-08  2.62E-08  1.33E-08
  6.04E-09  3.41E-09  1.76E-09  9.95E-10  6.44E-10  4.13E-10  2.54E-10  1.47E-10
  1.04E-10  6.43E-11  3.89E-11  2.27E-11  1.56E-11  1.01E-11  6.00E-12  3.84E-12
  2.44E-12  1.65E-12  1.01E-12  6.31E-13  4.14E-13  2.60E-13  1.66E-13  1.09E-13
  6.94E-14  4.61E-14  3.00E-14  1.89E-14  1.26E-14  8.12E-15  5.34E-15  3.43E-15
  2.31E-15  1.53E-15  9.83E-16  6.56E-16  4.24E-16  2.86E-16  1.82E-16  1.22E-16
  8.17E-17  5.42E-17  3.56E-17  2.31E-17  1.57E-17  1.03E-17  6.82E-18  4.58E-18
  3.10E-18  2.13E-18  1.42E-18  9.74E-19  6.78E-19  4.63E-19  3.26E-19  2.24E-19
   120.01548905410577     
  0.00E+00  9.72E-06  1.84E-06  4.28E-07  1.50E-07  5.86E-08  2.64E-08  1.18E-08
  6.03E-09  3.26E-09  1.74E-09  9.82E-10  6.60E-10  4.03E-10  2.58E-10  1.45E-10
  1.04E-10  6.42E-11  3.86E-11  2.30E-11  1.56E-11  1.02E-11  5.95E-12  3.86E-12
  2.44E-12  1.65E-12  1.01E-12  6.30E-13  4.11E-13  2.62E-13  1.66E-13  1.09E-13
  6.92E-14  4.62E-14  3.00E-14  1.88E-14  1.26E-14  8.14E-15  5.34E-15  3.42E-15
  2.31E-15  1.53E-15  9.83E-16  6.55E-16  4.24E-16  2.86E-16  1.82E-16  1.22E-16
  8.18E-17  5.42E-17  3.56E-17  2.30E-17  1.57E-17  1.03E-17  6.81E-18  4.57E-18
  3.11E-18  2.14E-18  1.42E-18  9.76E-19  6.78E-19  4.61E-19  3.25E-19  2.24E-19
   122.01182640950074     
  0.00E+00  8.22E-06  2.39E-06  4.30E-07  1.78E-07  5.79E-08  2.58E-08  1.16E-08
  6.09E-09  3.38E-09  1.77E-09  9.85E-10  6.46E-10  4.17E-10  2.60E-10  1.47E-10
  1.04E-10  6.42E-11  3.89E-11  2.31E-11  1.56E-11  1.02E-11  6.00E-12  3.89E-12
  2.45E-12  1.64E-12  1.02E-12  6.33E-13  4.10E-13  2.61E-13  1.66E-13  1.09E-13
  6.93E-14  4.63E-14  2.99E-14  1.89E-14  1.26E-14  8.16E-15  5.33E-15  3.42E-15
  2.32E-15  1.53E-15  9.83E-16  6.58E-16  4.24E-16  2.85E-16  1.82E-16  1.22E-16
  8.18E-17  5.40E-17  3.57E-17  2.30E-17  1.57E-17  1.03E-17  6.80E-18  4.57E-18
  3.11E-18  2.13E-18  1.41E-18  9.73E-19  6.79E-19  4.64E-19  3.24E-19  2.24E-19
   124.02069882397409     
  0.00E+00  9.57E-06  2.11E-06  3.95E-07  1.62E-07  5.69E-08  2.44E-08  1.26E-08
  5.86E-09  3.36E-09  1.71E-09  1.02E-09  6.31E-10  4.14E-10  2.55E-10  1.47E-10
  1.05E-10  6.48E-11  3.91E-11  2.31E-11  1.54E-11  1.02E-11  6.11E-12  3.85E-12
  2.46E-12  1.64E-12  1.01E-12  6.26E-13  4.12E-13  2.61E-13  1.67E-13  1.10E-13
  6.90E-14  4.62E-14  2.99E-14  1.89E-14  1.26E-14  8.14E-15  5.33E-15  3.42E-15
  2.31E-15  1.53E-15  9.83E-16  6.58E-16  4.24E-16  2.86E-16  1.82E-16  1.22E-16
  8.15E-17  5.42E-17  3.56E-17  2.30E-17  1.57E-17  1.03E-17  6.83E-18  4.57E-18
  3.10E-18  2.13E-18  1.42E-18  9.76E-19  6.76E-19  4.64E-19  3.25E-19  2.24E-19
   126.01774369094289     
  0.00E+00  9.56E-06  2.47E-06  3.84E-07  1.43E-07  5.58E-08  2.44E-08  1.37E-08
  5.53E-09  3.47E-09  1.77E-09  1.03E-09  6.52E-10  4.21E-10  2.54E-10  1.44E-10
  1.04E-10  6.24E-11  3.79E-11  2.28E-11  1.56E-11  1.01E-11  6.06E-12  3.82E-12
  2.48E-12  1.63E-12  1.02E-12  6.23E-13  4.09E-13  2.60E-13  1.67E-13  1.09E-13
  6.90E-14  4.60E-14  3.00E-14  1.89E-14  1.27E-14  8.12E-15  5.33E-15  3.42E-15
  2.31E-15  1.53E-15  9.80E-16  6.56E-16  4.25E-16  2.85E-16  1.82E-16  1.22E-16
  8.18E-17  5.40E-17  3.56E-17  2.30E-17  1.57E-17  1.03E-17  6.81E-18  4.58E-18
  3.10E-18  2.13E-18  1.42E-18  9.73E-19  6.77E-19  4.62E-19  3.25E-19  2.24E-19
   128.01502362305155     
  0.00E+00  8.91E-06  2.21E-06  4.12E-07  1.88E-07  5.68E-08  2.37E-08  1.13E-08
  5.58E-09  3.39E-09  1.77E-09  1.04E-09  6.53E-10  4.19E-10  2.57E-10  1.47E-10
  1.04E-10  6.44E-11  3.89E-11  2.27E-11  1.56E-11  1.02E-11  5.97E-12  3.87E-12
  2.44E-12  1.63E-12  1.01E-12  6.28E-13  4.15E-13  2.62E-13  1.66E-13  1.09E-13
  6.94E-14  4.60E-14  2.99E-14  1.89E-14  1.26E-14  8.15E-15  5.33E-15  3.43E-15
  2.31E-15  1.53E-15  9.82E-16  6.56E-16  4.24E-16  2.86E-16  1.82E-16  1.22E-16
  8.18E-17  5.40E-17  3.56E-17  2.30E-17  1.56E-17  1.03E-17  6.82E-18  4.58E-18
  3.11E-18  2.13E-18  1.42E-18  9.74E-19  6.79E-19  4.63E-19  3.25E-19  2.23E-19
   130.01285309990487     
  0.00E+00  1.07E-05  2.64E-06  4.28E-07  1.42E-07  5.52E-08  2.26E-08  1.26E-08
  5.77E-09  3.50E-09  1.82E-09  1.04E-09  6.53E-10  4.27E-10  2.55E-10  1.46E-10
  1.04E-10  6.26E-11  3.90E-11  2.28E-11  1.54E-11  1.00E-11  6.03E-12  3.86E-12
  2.46E-12  1.65E-12  1.01E-12  6.34E-13  4.09E-13  2.61E-13  1.67E-13  1.09E-13
  6.92E-14  4.62E-14  3.01E-14  1.90E-14  1.26E-14  8.17E-15  5.33E-15  3.42E-15
  2.32E-15  1.53E-15  9.81E-16  6.54E-16  4.24E-16  2.86E-16  1.82E-16  1.22E-16
  8.18E-17  5.41E-17  3.56E-17  2.30E-17  1.56E-17  1.03E-17  6.81E-18  4.58E-18
  3.10E-18  2.13E-18  1.42E-18  9.77E-19  6.78E-19  4.62E-19  3.26E-19  2.23E-19
   132.02301981223536     
  0.00E+00  9.71E-06  3.02E-06  3.98E-07  1.66E-07  5.62E-08  2.31E-08  1.21E-08
  5.81E-09  3.63E-09  1.71E-09  1.03E-09  6.36E-10  4.21E-10  2.54E-10  1.46E-10
  1.04E-10  6.33E-11  3.89E-11  2.30E-11  1.57E-11  1.00E-11  6.08E-12  3.87E-12
  2.45E-12  1.65E-12  1.02E-12  6.29E-13  4.12E-13  2.61E-13  1.67E-13  1.09E-13
  6.93E-14  4.64E-14  2.98E-14  1.89E-14  1.26E-14  8.15E-15  5.35E-15  3.41E-15
  2.30E-15  1.53E-15  9.80E-16  6.58E-16  4.24E-16  2.86E-16  1.82E-16  1.22E-16
  8.17E-17  5.41E-17  3.56E-17  2.30E-17  1.56E-17  1.03E-17  6.82E-18  4.56E-18
  3.12E-18  2.13E-18  1.42E-18  9.76E-19  6.79E-19  4.61E-19  3.26E-19  2.23E-19
   134.02173914646539     
  0.00E+00  9.53E-06  2.41E-06  3.41E-07  1.80E-07  5.63E-08  2.41E-08  1.29E-08
  5.70E-09  3.34E-09  1.84E-09  9.94E-10  6.77E-10  4.21E-10  2.55E-10  1.44E-10
  1.05E-10  6.38E-11  3.83E-11  2.28E-11  1.56E-11  9.93E-12  6.03E-12  3.88E-12
  2.48E-12  1.64E-12  1.01E-12  6.27E-13  4.13E-13  2.60E-13  1.67E-13  1.09E-13
  6.90E-14  4.63E-14  3.00E-14  1.89E-14  1.26E-14  8.15E-15  5.31E-15  3.43E-15
  2.32E-15  1.53E-15  9.81E-16  6.57E-16  4.24E-16  2.86E-16  1.82E-16  1.22E-16
  8.17E-17  5.41E-17  3.55E-17  2.30E-17  1.56E-17  1.03E-17  6.82E-18  4.56E-18
  3.10E-18  2.13E-18  1.42E-18  9.75E-19  6.79E-19  4.62E-19  3.24E-19  2.24E-19
   136.02009692679084     
  0.00E+00  1.05E-05  2.55E-06  3.19E-07  1.39E-07  5.62E-08  2.38E-08  1.18E-08
  5.80E-09  3.48E-09  1.73E-09  9.97E-10  6.34E-10  4.21E-10  2.55E-10  1.49E-10
  1.07E-10  6.49E-11  3.91E-11  2.28E-11  1.54E-11  9.94E-12  6.03E-12  3.84E-12
  2.49E-12  1.64E-12  1.01E-12  6.28E-13  4.11E-13  2.61E-13  1.67E-13  1.09E-13
  6.93E-14  4.60E-14  2.99E-14  1.89E-14  1.26E-14  8.12E-15  5.32E-15  3.41E-15
  2.32E-15  1.53E-15  9.81E-16  6.58E-16  4.24E-16  2.86E-16  1.82E-16  1.22E-16
  8.18E-17  5.41E-17  3.56E-17  2.31E-17  1.56E-17  1.03E-17  6.84E-18  4.57E-18
  3.10E-18  2.13E-18  1.42E-18  9.74E-19  6.80E-19  4.64E-19  3.26E-19  2.24E-19
   138.01817134086150     
  0.00E+00  8.73E-06  2.46E-06  3.51E-07  1.81E-07  5.48E-08  2.23E-08  1.33E-08
  5.80E-09  3.36E-09  1.82E-09  1.02E-09  6.45E-10  4.23E-10  2.58E-10  1.47E-10
  1.04E-10  6.42E-11  3.82E-11  2.29E-11  1.56E-11  1.01E-11  6.11E-12  3.86E-12
  2.47E-12  1.64E-12  1.02E-12  6.27E-13  4.12E-13  2.61E-13  1.66E-13  1.09E-13
  6.91E-14  4.61E-14  3.01E-14  1.90E-14  1.26E-14  8.14E-15  5.32E-15  3.42E-15
  2.30E-15  1.53E-15  9.80E-16  6.57E-16  4.24E-16  2.86E-16  1.82E-16  1.22E-16
  8.17E-17  5.42E-17  3.56E-17  2.30E-17  1.56E-17  1.03E-17  6.81E-18  4.56E-18
  3.10E-18  2.13E-18  1.42E-18  9.74E-19  6.80E-19  4.63E-19  3.27E-19  2.23E-19
   140.01677466316511     
  0.00E+00  9.22E-06  2.34E-06  3.87E-07  1.59E-07  5.52E-08  2.39E-08  1.15E-08
  5.79E-09  3.56E-09  1.81E-09  1.04E-09  6.68E-10  4.30E-10  2.53E-10  1.42E-10
  1.05E-10  6.36E-11  3.89E-11  2.29E-11  1.56E-11  1.02E-11  6.08E-12  3.85E-12
  2.46E-12  1.63E-12  1.02E-12  6.25E-13  4.11E-13  2.60E-13  1.66E-13  1.09E-13
  6.88E-14  4.63E-14  3.00E-14  1.89E-14  1.26E-14  8.16E-15  5.31E-15  3.42E-15
  2.32E-15  1.53E-15  9.82E-16  6.57E-16  4.24E-16  2.86E-16  1.82E-16  1.22E-16
  8.18E-17  5.42E-17  3.57E-17  2.30E-17  1.56E-17  1.03E-17  6.84E-18  4.57E-18
  3.10E-18  2.14E-18  1.42E-18  9.78E-19  6.79E-19  4.63E-19  3.24E-19  2.24E-19
   142.01627413107968     
  0.00E+00  9.61E-06  2.04E-06  3.79E-07  1.50E-07  5.74E-08  2.46E-08  1.32E-08
  5.92E-09  3.44E-09  1.81E-09  1.05E-09  6.42E-10  4.14E-10  2.49E-10  1.47E-10
  1.06E-10  6.46E-11  3.89E-11  2.30E-11  1.55E-11  1.01E-11  6.02E-12  3.86E-12
  2.46E-12  1.63E-12  1.00E-12  6.32E-13  4.13E-13  2.62E-13  1.66E-13  1.09E-13
  6.92E-14  4.62E-14  3.00E-14  1.89E-14  1.26E-14  8.13E-15  5.32E-15  3.43E-15
  2.31E-15  1.53E-15  9.79E-16  6.56E-16  4.23E-16  2.86E-16  1.82E-16  1.22E-16
  8.16E-17  5.41E-17  3.55E-17  2.30E-17  1.56E-17  1.03E-17  6.80E-18  4.59E-18
  3.10E-18  2.13E-18  1.42E-18  9.72E-19  6.76E-19  4.63E-19  3.25E-19  2.24E-19
   144.01603979654573     
  0.00E+00  8.29E-06  2.03E-06  3.47E-07  1.76E-07  5.58E-08  2.43E-08  1.16E-08
  5.63E-09  3.49E-09  1.77E-09  1.06E-09  6.55E-10  4.13E-10  2.54E-10  1.48E-10
  1.08E-10  6.35E-11  3.87E-11  2.29E-11  1.59E-11  1.02E-11  6.08E-12  3.84E-12
  2.47E-12  1.65E-12  1.01E-12  6.27E-13  4.09E-13  2.61E-13  1.66E-13  1.09E-13
  6.93E-14  4.63E-14  3.00E-14  1.89E-14  1.26E-14  8.15E-15  5.33E-15  3.43E-15
  2.31E-15  1.53E-15  9.82E-16  6.56E-16  4.23E-16  2.86E-16  1.82E-16  1.22E-16
  8.17E-17  5.41E-17  3.57E-17  2.31E-17  1.56E-17  1.03E-17  6.81E-18  4.59E-18
  3.12E-18  2.13E-18  1.42E-18  9.75E-19  6.78E-19  4.62E-19  3.24E-19  2.24E-19
   146.01539915081148     
  0.00E+00  9.84E-06  2.65E-06  3.47E-07  1.47E-07  5.67E-08  2.67E-08  1.26E-08
  5.58E-09  3.52E-09  1.76E-09  1.01E-09  6.62E-10  4.10E-10  2.53E-10  1.44E-10
  1.08E-10  6.42E-11  3.87E-11  2.30E-11  1.54E-11  1.01E-11  6.11E-12  3.88E-12
  2.46E-12  1.63E-12  1.02E-12  6.25E-13  4.11E-13  2.60E-13  1.67E-13  1.09E-13
  6.88E-14  4.65E-14  3.00E-14  1.89E-14  1.26E-14  8.15E-15  5.32E-15  3.42E-15
  2.31E-15  1.53E-15  9.82E-16  6.56E-16  4.24E-16  2.86E-16  1.82E-16  1.22E-16
  8.19E-17  5.41E-17  3.56E-17  2.30E-17  1.57E-17  1.03E-17  6.81E-18  4.57E-18
  3.10E-18  2.13E-18  1.43E-18  9.79E-19  6.79E-19  4.64E-19  3.26E-19  2.23E-19
   148.01454532899510     
  0.00E+00  9.83E-06  2.44E-06  3.92E-07  1.76E-07  5.74E-08  2.48E-08  1.21E-08
  5.76E-09  3.41E-09  1.70E-09  9.63E-10  6.39E-10  4.07E-10  2.53E-10  1.49E-10
  1.06E-10  6.37E-11  3.85E-11  2.31E-11  1.56E-11  9.97E-12  6.04E-12  3.85E-12
  2.48E-12  1.62E-12  1.02E-12  6.29E-13  4.10E-13  2.62E-13  1.66E-13  1.09E-13
  6.89E-14  4.64E-14  2.99E-14  1.89E-14  1.26E-14  8.13E-15  5.32E-15  3.41E-15
  2.31E-15  1.53E-15  9.81E-16  6.57E-16  4.25E-16  2.86E-16  1.82E-16  1.22E-16
  8.17E-17  5.42E-17  3.56E-17  2.30E-17  1.57E-17  1.03E-17  6.82E-18  4.57E-18
  3.11E-18  2.14E-18  1.42E-18  9.71E-19  6.79E-19  4.62E-19  3.24E-19  2.24E-19
   150.01407258393456     
  0.00E+00  9.13E-06  2.47E-06  4.30E-07  1.72E-07  5.95E-08  2.37E-08  1.33E-08
  5.67E-09  3.54E-09  1.80E-09  9.79E-10  6.65E-10  4.18E-10  2.56E-10  1.41E-10
  1.08E-10  6.41E-11  3.88E-11  2.26E-11  1.55E-11  1.00E-11  5.99E-12  3.85E-12
  2.48E-12  1.63E-12  1.01E-12  6.29E-13  4.15E-13  2.59E-13  1.66E-13  1.09E-13
  6.93E-14  4.62E-14  2.99E-14  1.89E-14  1.26E-14  8.15E-15  5.33E-15  3.41E-15
  2.32E-15  1.53E-15  9.81E-16  6.56E-16  4.24E-16  2.85E-16  1.82E-16  1.22E-16
  8.16E-17  5.42E-17  3.57E-17  2.30E-17  1.56E-17  1.03E-17  6.81E-18  4.58E-18
  3.10E-18  2.14E-18  1.41E-18  9.74E-19  6.80E-19  4.63E-19  3.25E-19  2.24E-19
   152.01419136903201     
  0.00E+00  1.08E-05  2.86E-06  4.14E-07  1.35E-07  5.83E-08  2.62E-08  1.16E-08
  5.97E-09  3.37E-09  1.74E-09  9.99E-10  6.27E-10  4.18E-10  2.48E-10  1.48E-10
  1.08E-10  6.36E-11  3.84E-11  2.27E-11  1.56E-11  1.02E-11  6.02E-12  3.83E-12
  2.45E-12  1.63E-12  1.01E-12  6.27E-13  4.09E-13  2.61E-13  1.67E-13  1.10E-13
  6.97E-14  4.60E-14  3.00E-14  1.90E-14  1.26E-14  8.16E-15  5.34E-15  3.41E-15
  2.31E-15  1.53E-15  9.82E-16  6.56E-16  4.23E-16  2.87E-16  1.83E-16  1.22E-16
  8.18E-17  5.41E-17  3.56E-17  2.31E-17  1.56E-17  1.03E-17  6.82E-18  4.57E-18
  3.09E-18  2.13E-18  1.42E-18  9.76E-19  6.78E-19  4.62E-19  3.25E-19  2.24E-19
   154.01468452225689     
  0.00E+00  9.63E-06  2.68E-06  3.61E-07  1.86E-07  5.71E-08  2.50E-08  1.26E-08
  6.23E-09  3.65E-09  1.77E-09  9.82E-10  6.53E-10  4.16E-10  2.50E-10  1.49E-10
  1.06E-10  6.48E-11  3.89E-11  2.29E-11  1.56E-11  1.01E-11  6.06E-12  3.87E-12
  2.47E-12  1.64E-12  1.01E-12  6.29E-13  4.10E-13  2.60E-13  1.67E-13  1.09E-13
  6.91E-14  4.60E-14  2.99E-14  1.90E-14  1.26E-14  8.13E-15  5.34E-15  3.43E-15
  2.31E-15  1.53E-15  9.82E-16  6.57E-16  4.24E-16  2.86E-16  1.82E-16  1.22E-16
  8.18E-17  5.42E-17  3.56E-17  2.30E-17  1.56E-17  1.03E-17  6.83E-18  4.57E-18
  3.10E-18  2.13E-18  1.42E-18  9.73E-19  6.76E-19  4.61E-19  3.24E-19  2.24E-19
   156.01518052894818     
  0.00E+00  9.27E-06  2.62E-06  3.31E-07  1.51E-07  5.46E-08  2.29E-08  1.23E-08
  5.84E-09  3.47E-09  1.76E-09  9.92E-10  6.10E-10  4.15E-10  2.58E-10  1.44E-10
  1.06E-10  6.39E-11  3.88E-11  2.27E-11  1.53E-11  1.00E-11  6.07E-12  3.88E-12
  2.49E-12  1.64E-12  1.02E-12  6.25E-13  4.08E-13  2.62E-13  1.68E-13  1.10E-13
  6.95E-14  4.62E-14  3.01E-14  1.88E-14  1.26E-14  8.13E-15  5.34E-15  3.43E-15
  2.31E-15  1.53E-15  9.81E-16  6.57E-16  4.25E-16  2.86E-16  1.83E-16  1.22E-16
  8.17E-17  5.41E-17  3.55E-17  2.30E-17  1.56E-17  1.03E-17  6.84E-18  4.58E-18
  3.11E-18  2.14E-18  1.42E-18  9.76E-19  6.78E-19  4.61E-19  3.25E-19  2.24E-19
   158.01546412030308     
  0.00E+00  1.02E-05  1.98E-06  3.46E-07  1.54E-07  5.34E-08  2.16E-08  1.21E-08
  5.42E-09  3.50E-09  1.77E-09  1.03E-09  6.59E-10  4.15E-10  2.50E-10  1.46E-10
  1.04E-10  6.56E-11  3.89E-11  2.30E-11  1.53E-11  1.03E-11  6.04E-12  3.84E-12
  2.46E-12  1.62E-12  1.01E-12  6.34E-13  4.11E-13  2.61E-13  1.68E-13  1.09E-13
  6.88E-14  4.63E-14  3.00E-14  1.90E-14  1.26E-14  8.16E-15  5.34E-15  3.42E-15
  2.32E-15  1.53E-15  9.83E-16  6.56E-16  4.25E-16  2.85E-16  1.82E-16  1.22E-16
  8.17E-17  5.41E-17  3.55E-17  2.30E-17  1.56E-17  1.03E-17  6.82E-18  4.57E-18
  3.11E-18  2.13E-18  1.42E-18  9.78E-19  6.80E-19  4.62E-19  3.24E-19  2.24E-19
   160.01569464590358     
  0.00E+00  8.50E-06  2.52E-06  3.65E-07  1.85E-07  5.33E-08  2.16E-08  1.25E-08
  5.83E-09  3.44E-09  1.78E-09  1.02E-09  6.70E-10  4.36E-10  2.50E-10  1.45E-10
  1.04E-10  6.36E-11  3.81E-11  2.28E-11  1.55E-11  1.01E-11  6.02E-12  3.83E-12
  2.48E-12  1.63E-12  1.02E-12  6.30E-13  4.10E-13  2.60E-13  1.67E-13  1.09E-13
  6.95E-14  4.62E-14  3.00E-14  1.89E-14  1.26E-14  8.16E-15  5.33E-15  3.41E-15
  2.31E-15  1.53E-15  9.81E-16  6.56E-16  4.24E-16  2.85E-16  1.82E-16  1.22E-16
  8.18E-17  5.41E-17  3.56E-17  2.31E-17  1.57E-17  1.03E-17  6.80E-18  4.57E-18
  3.11E-18  2.13E-18  1.42E-18  9.72E-19  6.79E-19  4.61E-19  3.26E-19  2.23E-19
   162.01635048804357     
  0.00E+00  9.06E-06  2.20E-06  3.47E-07  1.41E-07  5.39E-08  2.29E-08  1.34E-08
  6.35E-09  3.50E-09  1.76E-09  9.94E-10  6.80E-10  4.26E-10  2.58E-10  1.46E-10
  1.06E-10  6.42E-11  3.91E-11  2.25E-11  1.55E-11  9.99E-12  6.07E-12  3.86E-12
  2.46E-12  1.65E-12  1.02E-12  6.31E-13  4.08E-13  2.61E-13  1.66E-13  1.09E-13
  6.88E-14  4.61E-14  2.99E-14  1.88E-14  1.26E-14  8.12E-15  5.32E-15  3.41E-15
  2.30E-15  1.53E-15  9.81E-16  6.56E-16  4.24E-16  2.86E-16  1.82E-16  1.22E-16
  8.17E-17  5.41E-17  3.56E-17  2.31E-17  1.56E-17  1.03E-17  6.80E-18  4.56E-18
  3.10E-18  2.13E-18  1.42E-18  9.76E-19  6.80E-19  4.61E-19  3.24E-19  2.23E-19
   164.01731480995375     
  0.00E+00  9.71E-06  1.96E-06  3.13E-07  1.77E-07  5.42E-08  2.28E-08  1.18E-08
  6.04E-09  3.32E-09  1.83E-09  9.81E-10  6.34E-10  4.28E-10  2.54E-10  1.47E-10
  1.05E-10  6.32E-11  3.84E-11  2.27E-11  1.55E-11  1.01E-11  6.08E-12  3.86E-12
  2.46E-12  1.65E-12  1.01E-12  6.26E-13  4.11E-13  2.62E-13  1.66E-13  1.09E-13
  6.90E-14  4.61E-14  3.00E-14  1.89E-14  1.26E-14  8.14E-15  5.33E-15  3.41E-15
  2.32E-15  1.53E-15  9.81E-16  6.58E-16  4.24E-16  2.86E-16  1.82E-16  1.22E-16
  8.16E-17  5.40E-17  3.55E-17  2.30E-17  1.57E-17  1.03E-17  6.82E-18  4.57E-18
  3.11E-18  2.13E-18  1.42E-18  9.72E-19  6.78E-19  4.62E-19  3.24E-19  2.23E-19
   166.01841544021909     
  0.00E+00  8.52E-06  2.55E-06  3.19E-07  1.62E-07  5.75E-08  2.36E-08  1.17E-08
  5.85E-09  3.42E-09  1.81E-09  9.68E-10  6.67E-10  4.12E-10  2.56E-10  1.46E-10
  1.05E-10  6.38E-11  3.89E-11  2.26E-11  1.57E-11  9.96E-12  6.01E-12  3.83E-12
  2.46E-12  1.63E-12  1.01E-12  6.27E-13  4.12E-13  2.60E-13  1.67E-13  1.09E-13
  6.91E-14  4.62E-14  2.99E-14  1.88E-14  1.25E-14  8.16E-15  5.33E-15  3.42E-15
  2.32E-15  1.53E-15  9.81E-16  6.58E-16  4.24E-16  2.85E-16  1.83E-16  1.22E-16
  8.18E-17  5.41E-17  3.56E-17  2.30E-17  1.57E-17  1.03E-17  6.82E-18  4.58E-18
  3.11E-18  2.13E-18  1.41E-18  9.76E-19  6.80E-19  4.63E-19  3.26E-19  2.24E-19
   168.01959832447776     
  0.00E+00  1.01E-05  2.46E-06  3.78E-07  1.48E-07  5.76E-08  2.49E-08  1.26E-08
  5.77E-09  3.40E-09  1.78E-09  9.66E-10  6.49E-10  3.93E-10  2.60E-10  1.46E-10
  1.05E-10  6.46E-11  3.87E-11  2.27E-11  1.53E-11  1.01E-11  6.02E-12  3.86E-12
  2.45E-12  1.63E-12  1.02E-12  6.29E-13  4.12E-13  2.61E-13  1.67E-13  1.08E-13
  6.94E-14  4.62E-14  3.00E-14  1.89E-14  1.26E-14  8.14E-15  5.35E-15  3.42E-15
  2.31E-15  1.53E-15  9.81E-16  6.56E-16  4.24E-16  2.86E-16  1.82E-16  1.22E-16
  8.19E-17  5.41E-17  3.56E-17  2.31E-17  1.56E-17  1.03E-17  6.82E-18  4.58E-18
  3.11E-18  2.13E-18  1.42E-18  9.74E-19  6.81E-19  4.64E-19  3.25E-19  2.23E-19
   170.02060015218225     
  0.00E+00  1.01E-05  3.02E-06  4.38E-07  1.79E-07  5.80E-08  2.51E-08  1.33E-08
  5.65E-09  3.58E-09  1.76E-09  9.88E-10  6.36E-10  4.15E-10  2.57E-10  1.48E-10
  1.07E-10  6.42E-11  3.88E-11  2.30E-11  1.56E-11  1.02E-11  6.07E-12  3.82E-12
  2.44E-12  1.63E-12  1.01E-12  6.31E-13  4.14E-13  2.61E-13  1.66E-13  1.09E-13
  6.95E-14  4.60E-14  3.00E-14  1.90E-14  1.26E-14  8.13E-15  5.33E-15  3.42E-15
  2.30E-15  1.53E-15  9.83E-16  6.56E-16  4.25E-16  2.85E-16  1.82E-16  1.22E-16
  8.18E-17  5.41E-17  3.56E-17  2.30E-17  1.57E-17  1.03E-17  6.82E-18  4.56E-18
  3.10E-18  2.14E-18  1.42E-18  9.75E-19  6.80E-19  4.63E-19  3.24E-19  2.24E-19
   172.02170225811881     
  0.00E+00  9.25E-06  2.20E-06  4.42E-07  1.45E-07  5.63E-08  2.38E-08  1.15E-08
  5.96E-09  3.32E-09  1.78E-09  1.00E-09  6.56E-10  4.11E-10  2.56E-10  1.43E-10
  1.06E-10  6.37E-11  3.83E-11  2.29E-11  1.56E-11  1.02E-11  6.07E-12  3.87E-12
  2.45E-12  1.64E-12  1.01E-12  6.35E-13  4.09E-13  2.62E-13  1.66E-13  1.08E-13
  6.92E-14  4.60E-14  2.99E-14  1.89E-14  1.26E-14  8.15E-15  5.34E-15  3.42E-15
  2.32E-15  1.53E-15  9.81E-16  6.56E-16  4.25E-16  2.86E-16  1.82E-16  1.22E-16
  8.16E-17  5.41E-17  3.55E-17  2.31E-17  1.56E-17  1.03E-17  6.83E-18  4.56E-18
  3.10E-18  2.13E-18  1.42E-18  9.76E-19  6.78E-19  4.62E-19  3.25E-19  2.24E-19
   174.02248336444831     
  0.00E+00  1.07E-05  2.92E-06  3.96E-07  1.71E-07  5.83E-08  2.39E-08  1.28E-08
  6.10E-09  3.49E-09  1.77E-09  9.91E-10  6.33E-10  4.18E-10  2.58E-10  1.46E-10
  1.07E-10  6.47E-11  3.89E-11  2.28E-11  1.56E-11  1.00E-11  6.06E-12  3.88E-12
  2.46E-12  1.64E-12  1.01E-12  6.30E-13  4.12E-13  2.60E-13  1.67E-13  1.09E-13
  6.91E-14  4.61E-14  3.00E-14  1.89E-14  1.26E-14  8.14E-15  5.35E-15  3.42E-15
  2.31E-15  1.53E-15  9.82E-16  6.56E-16  4.24E-16  2.86E-16  1.82E-16  1.22E-16
  8.18E-17  5.42E-17  3.56E-17  2.31E-17  1.57E-17  1.03E-17  6.82E-18  4.58E-18
  3.10E-18  2.13E-18  1.42E-18  9.75E-19  6.79E-19  4.62E-19  3.26E-19  2.24E-19
   176.02339279572044     
  0.00E+00  9.45E-06  2.58E-06  3.60E-07  1.81E-07  5.48E-08  2.57E-08  1.22E-08
  6.14E-09  3.66E-09  1.75E-09  9.90E-10  6.35E-10  4.15E-10  2.56E-10  1.48E-10
  1.05E-10  6.45E-11  3.89E-11  2.26E-11  1.57E-11  1.01E-11  6.05E-12  3.88E-12
  2.45E-12  1.63E-12  1.02E-12  6.29E-13  4.10E-13  2.61E-13  1.65E-13  1.08E-13
  6.89E-14  4.61E-14  2.99E-14  1.88E-14  1.26E-14  8.14E-15  5.34E-15  3.42E-15
  2.31E-15  1.53E-15  9.84E-16  6.57E-16  4.23E-16  2.86E-16  1.82E-16  1.22E-16
  8.17E-17  5.42E-17  3.56E-17  2.30E-17  1.57E-17  1.03E-17  6.80E-18  4.58E-18
  3.11E-18  2.14E-18  1.42E-18  9.75E-19  6.75E-19  4.61E-19  3.26E-19  2.25E-19
   178.01293835590795     
  0.00E+00  8.99E-06  2.05E-06  3.62E-07  1.33E-07  5.32E-08  2.40E-08  1.28E-08
  6.05E-09  3.40E-09  1.73E-09  9.94E-10  6.80E-10  4.10E-10  2.58E-10  1.45E-10
  1.05E-10  6.37E-11  3.85E-11  2.26E-11  1.53E-11  1.02E-11  6.07E-12  3.87E-12
  2.47E-12  1.64E-12  1.01E-12  6.37E-13  4.13E-13  2.60E-13  1.66E-13  1.09E-13
  6.89E-14  4.61E-14  2.98E-14  1.89E-14  1.26E-14  8.13E-15  5.35E-15  3.42E-15
  2.31E-15  1.53E-15  9.77E-16  6.56E-16  4.24E-16  2.86E-16  1.82E-16  1.22E-16
  8.17E-17  5.42E-17  3.56E-17  2.31E-17  1.56E-17  1.03E-17  6.82E-18  4.56E-18
  3.10E-18  2.13E-18  1.42E-18  9.75E-19  6.78E-19  4.61E-19  3.26E-19  2.24E-19
   180.01441554650876     
  0.00E+00  9.96E-06  2.33E-06  3.70E-07  1.78E-07  5.25E-08  2.40E-08  1.16E-08
  5.78E-09  3.43E-09  1.77E-09  9.96E-10  6.46E-10  4.17E-10  2.56E-10  1.45E-10
  1.05E-10  6.47E-11  3.86E-11  2.27E-11  1.59E-11  1.01E-11  6.05E-12  3.85E-12
  2.46E-12  1.64E-12  1.01E-12  6.26E-13  4.13E-13  2.62E-13  1.67E-13  1.09E-13
  6.91E-14  4.61E-14  3.01E-14  1.89E-14  1.26E-14  8.15E-15  5.34E-15  3.42E-15
  2.31E-15  1.53E-15  9.80E-16  6.58E-16  4.24E-16  2.86E-16  1.82E-16  1.22E-16
  8.17E-17  5.42E-17  3.56E-17  2.30E-17  1.56E-17  1.03E-17  6.81E-18  4.57E-18
  3.11E-18  2.13E-18  1.42E-18  9.74E-19  6.79E-19  4.62E-19  3.24E-19  2.23E-19
   182.01567567094969     
  0.00E+00  8.38E-06  1.91E-06  3.46E-07  1.61E-07  5.43E-08  2.40E-08  1.30E-08
  5.67E-09  3.40E-09  1.71E-09  9.97E-10  6.45E-10  4.30E-10  2.52E-10  1.46E-10
  1.05E-10  6.40E-11  3.88E-11  2.28E-11  1.56E-11  1.02E-11  6.02E-12  3.88E-12
  2.45E-12  1.62E-12  1.01E-12  6.28E-13  4.12E-13  2.60E-13  1.67E-13  1.09E-13
  6.90E-14  4.61E-14  3.01E-14  1.89E-14  1.26E-14  8.15E-15  5.33E-15  3.42E-15
  2.31E-15  1.53E-15  9.82E-16  6.56E-16  4.24E-16  2.86E-16  1.82E-16  1.22E-16
  8.20E-17  5.40E-17  3.56E-17  2.30E-17  1.57E-17  1.03E-17  6.82E-18  4.58E-18
  3.11E-18  2.13E-18  1.42E-18  9.76E-19  6.79E-19  4.63E-19  3.24E-19  2.22E-19
   184.01666845642231     
  0.00E+00  9.14E-06  2.82E-06  3.08E-07  1.49E-07  5.46E-08  2.12E-08  1.19E-08
  5.77E-09  3.47E-09  1.81E-09  1.00E-09  6.41E-10  4.23E-10  2.51E-10  1.46E-10
  1.05E-10  6.47E-11  3.91E-11  2.32E-11  1.54E-11  9.96E-12  6.02E-12  3.81E-12
  2.47E-12  1.63E-12  1.02E-12  6.28E-13  4.12E-13  2.61E-13  1.67E-13  1.08E-13
  6.95E-14  4.61E-14  2.99E-14  1.89E-14  1.27E-14  8.14E-15  5.33E-15  3.41E-15
  2.31E-15  1.53E-15  9.81E-16  6.58E-16  4.24E-16  2.86E-16  1.82E-16  1.22E-16
  8.16E-17  5.41E-17  3.56E-17  2.30E-17  1.56E-17  1.03E-17  6.82E-18  4.58E-18
  3.11E-18  2.13E-18  1.42E-18  9.78E-19  6.80E-19  4.62E-19  3.25E-19  2.23E-19
   186.01763578807902     
  0.00E+00  9.93E-06  1.83E-06  3.14E-07  1.86E-07  5.49E-08  2.31E-08  1.36E-08
  5.89E-09  3.45E-09  1.76E-09  1.00E-09  6.44E-10  4.19E-10  2.50E-10  1.46E-10
  1.04E-10  6.32E-11  3.84E-11  2.33E-11  1.57E-11  1.00E-11  6.05E-12  3.87E-12
  2.47E-12  1.65E-12  1.01E-12  6.30E-13  4.12E-13  2.61E-13  1.66E-13  1.09E-13
  6.92E-14  4.62E-14  3.00E-14  1.89E-14  1.26E-14  8.16E-15  5.33E-15  3.41E-15
  2.31E-15  1.53E-15  9.82E-16  6.56E-16  4.24E-16  2.86E-16  1.83E-16  1.22E-16
  8.16E-17  5.42E-17  3.55E-17  2.30E-17  1.56E-17  1.03E-17  6.81E-18  4.58E-18
  3.10E-18  2.13E-18  1.42E-18  9.72E-19  6.81E-19  4.62E-19  3.27E-19  2.24E-19
   188.01883420594311     
  0.00E+00  8.79E-06  2.85E-06  3.77E-07  1.43E-07  5.43E-08  2.42E-08  1.13E-08
  5.71E-09  3.39E-09  1.83E-09  1.00E-09  6.66E-10  4.17E-10  2.50E-10  1.46E-10
  1.04E-10  6.40E-11  3.86E-11  2.28E-11  1.56E-11  1.02E-11  6.05E-12  3.84E-12
  2.45E-12  1.64E-12  1.01E-12  6.27E-13  4.11E-13  2.62E-13  1.67E-13  1.09E-13
  6.94E-14  4.63E-14  3.00E-14  1.89E-14  1.25E-14  8.13E-15  5.32E-15  3.41E-15
  2.31E-15  1.53E-15  9.81E-16  6.56E-16  4.24E-16  2.86E-16  1.82E-16  1.22E-16
  8.19E-17  5.42E-17  3.55E-17  2.30E-17  1.56E-17  1.03E-17  6.81E-18  4.58E-18
  3.11E-18  2.13E-18  1.42E-18  9.75E-19  6.78E-19  4.62E-19  3.26E-19  2.23E-19
   190.02034350006460     
  0.00E+00  1.03E-05  2.82E-06  4.46E-07  1.73E-07  5.42E-08  2.19E-08  1.22E-08
  5.68E-09  3.72E-09  1.78E-09  9.98E-10  6.47E-10  4.09E-10  2.52E-10  1.45E-10
  1.04E-10  6.48E-11  3.87E-11  2.27E-11  1.54E-11  1.01E-11  6.02E-12  3.81E-12
  2.47E-12  1.64E-12  1.02E-12  6.30E-13  4.11E-13  2.59E-13  1.68E-13  1.09E-13
  6.89E-14  4.63E-14  3.01E-14  1.88E-14  1.26E-14  8.14E-15  5.33E-15  3.41E-15
  2.31E-15  1.53E-15  9.81E-16  6.57E-16  4.23E-16  2.86E-16  1.83E-16  1.22E-16
  8.16E-17  5.42E-17  3.56E-17  2.31E-17  1.56E-17  1.03E-17  6.83E-18  4.58E-18
  3.11E-18  2.14E-18  1.42E-18  9.75E-19  6.79E-19  4.60E-19  3.23E-19  2.24E-19
   192.02195482376243     
  0.00E+00  1.02E-05  2.56E-06  4.60E-07  1.66E-07  5.44E-08  2.22E-08  1.24E-08
  5.88E-09  3.51E-09  1.77E-09  1.01E-09  6.59E-10  4.12E-10  2.54E-10  1.49E-10
  1.06E-10  6.49E-11  3.88E-11  2.28E-11  1.56E-11  1.01E-11  6.03E-12  3.91E-12
  2.46E-12  1.65E-12  1.01E-12  6.27E-13  4.10E-13  2.61E-13  1.67E-13  1.09E-13
  6.93E-14  4.62E-14  3.00E-14  1.89E-14  1.26E-14  8.14E-15  5.33E-15  3.42E-15
  2.31E-15  1.53E-15  9.79E-16  6.57E-16  4.24E-16  2.86E-16  1.82E-16  1.22E-16
  8.17E-17  5.42E-17  3.56E-17  2.30E-17  1.56E-17  1.03E-17  6.81E-18  4.57E-18
  3.11E-18  2.13E-18  1.42E-18  9.75E-19  6.78E-19  4.60E-19  3.25E-19  2.23E-19
   194.02335423330197     
  0.00E+00  9.17E-06  2.72E-06  4.22E-07  1.44E-07  5.53E-08  2.36E-08  1.34E-08
  5.86E-09  3.58E-09  1.79E-09  1.03E-09  6.48E-10  4.14E-10  2.54E-10  1.44E-10
  1.05E-10  6.45E-11  3.87E-11  2.28E-11  1.57E-11  1.02E-11  6.05E-12  3.81E-12
  2.45E-12  1.64E-12  1.02E-12  6.28E-13  4.08E-13  2.62E-13  1.67E-13  1.09E-13
  6.92E-14  4.61E-14  2.99E-14  1.89E-14  1.26E-14  8.15E-15  5.32E-15  3.43E-15
  2.31E-15  1.53E-15  9.81E-16  6.58E-16  4.24E-16  2.86E-16  1.82E-16  1.22E-16
  8.18E-17  5.41E-17  3.55E-17  2.31E-17  1.56E-17  1.03E-17  6.80E-18  4.57E-18
  3.11E-18  2.13E-18  1.42E-18  9.74E-19  6.79E-19  4.60E-19  3.25E-19  2.24E-19
   196.01276165247137     
  0.00E+00  1.05E-05  2.03E-06  3.87E-07  1.82E-07  5.43E-08  2.57E-08  1.15E-08
  5.87E-09  3.46E-09  1.81E-09  1.04E-09  6.44E-10  4.23E-10  2.55E-10  1.44E-10
  1.07E-10  6.41E-11  3.88E-11  2.30E-11  1.54E-11  1.02E-11  6.06E-12  3.90E-12
  2.46E-12  1.63E-12  1.01E-12  6.28E-13  4.13E-13  2.61E-13  1.66E-13  1.08E-13
  6.94E-14  4.60E-14  3.00E-14  1.89E-14  1.26E-14  8.16E-15  5.32E-15  3.42E-15
  2.31E-15  1.53E-15  9.81E-16  6.58E-16  4.23E-16  2.86E-16  1.82E-16  1.22E-16
  8.18E-17  5.41E-17  3.57E-17  2.30E-17  1.56E-17  1.03E-17  6.80E-18  4.56E-18
  3.10E-18  2.13E-18  1.41E-18  9.76E-19  6.79E-19  4.62E-19  3.24E-19  2.24E-19
   198.01410078846436     
  0.00E+00  9.16E-06  2.95E-06  3.92E-07  1.49E-07  5.64E-08  2.61E-08  1.27E-08
  5.62E-09  3.49E-09  1.79E-09  1.04E-09  6.68E-10  4.06E-10  2.53E-10  1.48E-10
  1.06E-10  6.55E-11  3.89E-11  2.31E-11  1.57E-11  1.00E-11  6.07E-12  3.85E-12
  2.46E-12  1.64E-12  1.01E-12  6.27E-13  4.08E-13  2.60E-13  1.66E-13  1.10E-13
  6.90E-14  4.60E-14  2.99E-14  1.89E-14  1.26E-14  8.14E-15  5.33E-15  3.42E-15
  2.31E-15  1.53E-15  9.81E-16  6.54E-16  4.23E-16  2.86E-16  1.83E-16  1.22E-16
  8.17E-17  5.41E-17  3.56E-17  2.31E-17  1.57E-17  1.03E-17  6.82E-18  4.55E-18
  3.10E-18  2.13E-18  1.42E-18  9.73E-19  6.80E-19  4.61E-19  3.25E-19  2.23E-19
   200.01568659294261     
  0.00E+00  8.72E-06  1.57E-06  4.02E-07  1.60E-07  5.60E-08  2.54E-08  1.25E-08
  5.27E-09  3.58E-09  1.80E-09  1.03E-09  6.49E-10  4.04E-10  2.48E-10  1.48E-10
  1.08E-10  6.41E-11  3.86E-11  2.30E-11  1.55E-11  1.01E-11  6.07E-12  3.85E-12
  2.47E-12  1.63E-12  1.01E-12  6.28E-13  4.12E-13  2.61E-13  1.67E-13  1.09E-13
  6.89E-14  4.61E-14  2.99E-14  1.89E-14  1.26E-14  8.13E-15  5.32E-15  3.42E-15
  2.31E-15  1.53E-15  9.85E-16  6.56E-16  4.24E-16  2.85E-16  1.82E-16  1.22E-16
  8.17E-17  5.42E-17  3.56E-17  2.30E-17  1.57E-17  1.03E-17  6.84E-18  4.56E-18
  3.11E-18  2.13E-18  1.42E-18  9.75E-19  6.81E-19  4.62E-19  3.26E-19  2.23E-19
   202.01727199861875     
  0.00E+00  9.86E-06  2.37E-06  3.77E-07  1.87E-07  5.53E-08  2.56E-08  1.19E-08
  5.59E-09  3.40E-09  1.75E-09  1.02E-09  6.29E-10  4.18E-10  2.49E-10  1.44E-10
  1.08E-10  6.43E-11  3.82E-11  2.30E-11  1.55E-11  1.00E-11  6.00E-12  3.85E-12
  2.49E-12  1.63E-12  1.01E-12  6.31E-13  4.12E-13  2.61E-13  1.66E-13  1.09E-13
  6.93E-14  4.61E-14  3.00E-14  1.89E-14  1.26E-14  8.14E-15  5.34E-15  3.42E-15
  2.31E-15  1.53E-15  9.82E-16  6.55E-16  4.24E-16  2.86E-16  1.83E-16  1.22E-16
  8.17E-17  5.42E-17  3.56E-17  2.30E-17  1.56E-17  1.03E-17  6.82E-18  4.57E-18
  3.09E-18  2.13E-18  1.42E-18  9.76E-19  6.80E-19  4.62E-19  3.24E-19  2.23E-19
   204.01902186966251     
  0.00E+00  8.47E-06  2.35E-06  3.34E-07  1.39E-07  5.32E-08  2.49E-08  1.23E-08
  5.62E-09  3.64E-09  1.74E-09  9.93E-10  6.60E-10  4.19E-10  2.52E-10  1.46E-10
  1.07E-10  6.44E-11  3.91E-11  2.25E-11  1.57E-11  1.00E-11  5.98E-12  3.80E-12
  2.50E-12  1.64E-12  1.01E-12  6.27E-13  4.13E-13  2.61E-13  1.66E-13  1.09E-13
  6.93E-14  4.61E-14  3.00E-14  1.89E-14  1.26E-14  8.15E-15  5.33E-15  3.42E-15
  2.31E-15  1.53E-15  9.81E-16  6.57E-16  4.23E-16  2.85E-16  1.82E-16  1.22E-16
  8.18E-17  5.42E-17  3.56E-17  2.30E-17  1.56E-17  1.03E-17  6.80E-18  4.58E-18
  3.11E-18  2.13E-18  1.42E-18  9.74E-19  6.80E-19  4.65E-19  3.25E-19  2.23E-19
   206.02072355125580     
  0.00E+00  9.31E-06  2.47E-06  3.29E-07  1.68E-07  5.41E-08  2.36E-08  1.32E-08
  5.44E-09  3.37E-09  1.72E-09  1.00E-09  6.42E-10  4.21E-10  2.52E-10  1.48E-10
  1.05E-10  6.36E-11  3.89E-11  2.25E-11  1.55E-11  1.00E-11  6.03E-12  3.88E-12
  2.48E-12  1.64E-12  1.01E-12  6.27E-13  4.12E-13  2.61E-13  1.67E-13  1.09E-13
  6.92E-14  4.63E-14  3.00E-14  1.88E-14  1.26E-14  8.13E-15  5.33E-15  3.41E-15
  2.32E-15  1.53E-15  9.81E-16  6.58E-16  4.23E-16  2.86E-16  1.82E-16  1.22E-16
  8.18E-17  5.43E-17  3.56E-17  2.31E-17  1.56E-17  1.03E-17  6.82E-18  4.58E-18
  3.09E-18  2.13E-18  1.42E-18  9.74E-19  6.75E-19  4.65E-19  3.25E-19  2.24E-19
   208.02246892026017     
  0.00E+00  1.02E-05  2.75E-06  3.82E-07  1.67E-07  5.28E-08  2.26E-08  1.21E-08
  5.73E-09  3.60E-09  1.76E-09  1.03E-09  6.51E-10  4.21E-10  2.56E-10  1.43E-10
  1.05E-10  6.48E-11  3.85E-11  2.31E-11  1.56E-11  1.02E-11  6.02E-12  3.84E-12
  2.45E-12  1.65E-12  1.02E-12  6.26E-13  4.10E-13  2.60E-13  1.66E-13  1.09E-13
  6.92E-14  4.63E-14  3.00E-14  1.89E-14  1.26E-14  8.15E-15  5.33E-15  3.42E-15
  2.31E-15  1.53E-15  9.79E-16  6.58E-16  4.24E-16  2.86E-16  1.82E-16  1.22E-16
  8.17E-17  5.41E-17  3.56E-17  2.30E-17  1.56E-17  1.03E-17  6.82E-18  4.58E-18
  3.11E-18  2.13E-18  1.41E-18  9.71E-19  6.79E-19  4.63E-19  3.26E-19  2.24E-19
   210.01233711491642     
  0.00E+00  9.05E-06  2.24E-06  4.48E-07  1.47E-07  5.08E-08  2.42E-08  1.21E-08
  6.00E-09  3.33E-09  1.79E-09  1.04E-09  6.50E-10  4.26E-10  2.61E-10  1.48E-10
  1.05E-10  6.47E-11  3.87E-11  2.32E-11  1.56E-11  1.02E-11  6.01E-12  3.88E-12
  2.46E-12  1.63E-12  1.01E-12  6.28E-13  4.12E-13  2.61E-13  1.67E-13  1.09E-13
  6.92E-14  4.59E-14  2.99E-14  1.89E-14  1.26E-14  8.14E-15  5.33E-15  3.41E-15
  2.31E-15  1.53E-15  9.82E-16  6.56E-16  4.24E-16  2.86E-16  1.82E-16  1.22E-16
  8.18E-17  5.40E-17  3.57E-17  2.30E-17  1.56E-17  1.03E-17  6.82E-18  4.56E-18
  3.11E-18  2.13E-18  1.42E-18  9.80E-19  6.78E-19  4.63E-19  3.25E-19  2.23E-19
   212.01400084753001     
  0.00E+00  1.04E-05  3.38E-06  4.61E-07  1.85E-07  5.18E-08  2.39E-08  1.24E-08
  5.79E-09  3.48E-09  1.77E-09  1.04E-09  6.60E-10  4.18E-10  2.56E-10  1.47E-10
  1.04E-10  6.43E-11  3.89E-11  2.31E-11  1.56E-11  1.02E-11  6.02E-12  3.85E-12
  2.48E-12  1.62E-12  1.01E-12  6.27E-13  4.09E-13  2.61E-13  1.67E-13  1.09E-13
  6.92E-14  4.59E-14  3.00E-14  1.89E-14  1.26E-14  8.14E-15  5.33E-15  3.41E-15
  2.31E-15  1.53E-15  9.83E-16  6.57E-16  4.24E-16  2.86E-16  1.82E-16  1.22E-16
  8.17E-17  5.41E-17  3.56E-17  2.31E-17  1.56E-17  1.03E-17  6.80E-18  4.56E-18
  3.10E-18  2.13E-18  1.42E-18  9.71E-19  6.78E-19  4.63E-19  3.26E-19  2.23E-19
   214.01583981203240     
  0.00E+00  1.02E-05  2.07E-06  4.28E-07  1.45E-07  5.36E-08  2.22E-08  1.27E-08
  5.44E-09  3.59E-09  1.78E-09  1.03E-09  6.42E-10  4.21E-10  2.54E-10  1.45E-10
  1.08E-10  6.55E-11  3.81E-11  2.29E-11  1.57E-11  1.00E-11  6.00E-12  3.84E-12
  2.47E-12  1.63E-12  1.01E-12  6.30E-13  4.10E-13  2.61E-13  1.68E-13  1.08E-13
  6.91E-14  4.62E-14  2.98E-14  1.89E-14  1.25E-14  8.14E-15  5.33E-15  3.42E-15
  2.32E-15  1.53E-15  9.83E-16  6.55E-16  4.24E-16  2.86E-16  1.82E-16  1.22E-16
  8.18E-17  5.39E-17  3.56E-17  2.30E-17  1.56E-17  1.03E-17  6.82E-18  4.56E-18
  3.11E-18  2.14E-18  1.42E-18  9.74E-19  6.80E-19  4.61E-19  3.25E-19  2.24E-19
   216.01782115056560     
  0.00E+00  8.96E-06  2.51E-06  4.05E-07  1.69E-07  5.64E-08  2.38E-08  1.17E-08
  5.68E-09  3.37E-09  1.77E-09  9.84E-10  6.53E-10  4.17E-10  2.55E-10  1.44E-10
  1.05E-10  6.54E-11  3.93E-11  2.26E-11  1.56E-11  1.01E-11  5.95E-12  3.87E-12
  2.49E-12  1.63E-12  1.01E-12  6.28E-13  4.12E-13  2.61E-13  1.67E-13  1.09E-13
  6.89E-14  4.63E-14  3.01E-14  1.88E-14  1.26E-14  8.14E-15  5.34E-15  3.43E-15
  2.31E-15  1.53E-15  9.80E-16  6.57E-16  4.24E-16  2.85E-16  1.82E-16  1.22E-16
  8.17E-17  5.40E-17  3.56E-17  2.31E-17  1.57E-17  1.03E-17  6.81E-18  4.58E-18
  3.10E-18  2.13E-18  1.43E-18  9.77E-19  6.79E-19  4.59E-19  3.23E-19  2.24E-19
   218.01982925045988     
  0.00E+00  1.02E-05  2.16E-06  4.21E-07  1.72E-07  5.69E-08  2.31E-08  1.31E-08
  5.60E-09  3.61E-09  1.82E-09  9.57E-10  6.41E-10  4.22E-10  2.52E-10  1.48E-10
  1.06E-10  6.33E-11  3.85E-11  2.28E-11  1.54E-11  1.01E-11  6.02E-12  3.81E-12
  2.48E-12  1.63E-12  1.02E-12  6.28E-13  4.11E-13  2.60E-13  1.66E-13  1.09E-13
  6.93E-14  4.61E-14  2.99E-14  1.89E-14  1.26E-14  8.15E-15  5.33E-15  3.42E-15
  2.31E-15  1.53E-15  9.81E-16  6.56E-16  4.23E-16  2.86E-16  1.82E-16  1.22E-16
  8.16E-17  5.40E-17  3.56E-17  2.30E-17  1.56E-17  1.03E-17  6.83E-18  4.58E-18
  3.10E-18  2.12E-18  1.42E-18  9.71E-19  6.80E-19  4.60E-19  3.26E-19  2.24E-19
