   2.0212276278728090     
  5.76E-13  1.05E+02  3.72E+01  9.50E+00  8.85E+00  6.58E+00  3.42E+00  2.64E+00
  2.06E+00  1.83E+00  1.39E+00  1.09E+00  9.83E-01  8.48E-01  6.95E-01  5.61E-01
  5.53E-01  4.64E-01  4.16E-01  3.52E-01  3.26E-01  3.16E-01  2.60E-01  2.41E-01
  2.13E-01  2.00E-01  1.82E-01  1.55E-01  1.47E-01  1.29E-01  1.21E-01  1.08E-01
  9.58E-02  8.89E-02  8.04E-02  7.04E-02  6.54E-02  5.74E-02  5.33E-02  4.63E-02
  4.20E-02  3.73E-02  3.28E-02  2.97E-02  2.56E-02  2.35E-02  2.02E-02  1.77E-02
  1.59E-02  1.43E-02  1.26E-02  1.07E-02  9.57E-03  8.41E-03  7.19E-03  6.36E-03
  5.62E-03  5.03E-03  4.34E-03  3.78E-03  3.40E-03  3.01E-03  2.67E-03  2.32E-03
   4.0155938952611692     
  5.35E-03  9.86E+01  3.49E+01  8.59E+00  8.58E+00  6.61E+00  3.41E+00  2.65E+00
  2.14E+00  1.83E+00  1.38E+00  1.10E+00  9.77E-01  8.53E-01  6.82E-01  5.64E-01
  5.53E-01  4.59E-01  4.02E-01  3.42E-01  3.11E-01  2.99E-01  2.42E-01  2.21E-01
  1.92E-01  1.76E-01  1.57E-01  1.31E-01  1.22E-01  1.03E-01  9.36E-02  8.21E-02
  7.01E-02  6.25E-02  5.40E-02  4.58E-02  4.05E-02  3.38E-02  3.02E-02  2.47E-02
  2.10E-02  1.77E-02  1.47E-02  1.25E-02  1.00E-02  8.65E-03  6.86E-03  5.59E-03
  4.67E-03  3.90E-03  3.19E-03  2.51E-03  2.07E-03  1.68E-03  1.33E-03  1.08E-03
  8.84E-04  7.30E-04  5.83E-04  4.80E-04  4.04E-04  3.38E-04  2.81E-04  2.34E-04
   6.0175482632651471     
  1.56E-02  6.90E+01  2.57E+01  8.46E+00  8.47E+00  5.74E+00  3.06E+00  2.43E+00
  2.02E+00  1.67E+00  1.32E+00  1.00E+00  9.39E-01  8.00E-01  6.61E-01  5.45E-01
  5.14E-01  4.28E-01  3.84E-01  3.20E-01  2.89E-01  2.73E-01  2.21E-01  1.99E-01
  1.70E-01  1.55E-01  1.35E-01  1.12E-01  9.97E-02  8.55E-02  7.42E-02  6.31E-02
  5.38E-02  4.60E-02  3.90E-02  3.23E-02  2.71E-02  2.24E-02  1.90E-02  1.51E-02
  1.26E-02  1.03E-02  8.27E-03  6.79E-03  5.45E-03  4.60E-03  3.58E-03  2.98E-03
  2.44E-03  2.05E-03  1.69E-03  1.38E-03  1.18E-03  1.03E-03  8.82E-04  7.75E-04
  6.91E-04  6.26E-04  5.60E-04  5.27E-04  5.06E-04  4.76E-04  4.62E-04  4.35E-04
   8.0121013006781361     
  6.79E-03  4.26E+01  1.93E+01  7.46E+00  7.43E+00  4.75E+00  2.92E+00  2.17E+00
  1.76E+00  1.57E+00  1.21E+00  9.04E-01  8.68E-01  7.12E-01  6.02E-01  4.83E-01
  4.81E-01  4.04E-01  3.51E-01  2.96E-01  2.67E-01  2.38E-01  2.02E-01  1.77E-01
  1.51E-01  1.35E-01  1.15E-01  9.78E-02  8.65E-02  7.21E-02  6.20E-02  5.25E-02
  4.41E-02  3.78E-02  3.15E-02  2.60E-02  2.23E-02  1.80E-02  1.57E-02  1.26E-02
  1.05E-02  9.05E-03  7.16E-03  6.09E-03  4.95E-03  4.35E-03  3.48E-03  3.01E-03
  2.66E-03  2.27E-03  1.97E-03  1.64E-03  1.48E-03  1.30E-03  1.14E-03  1.01E-03
  9.23E-04  8.20E-04  7.39E-04  6.71E-04  6.15E-04  5.54E-04  5.11E-04  4.71E-04
   10.012243397747243     
  1.05E-02  2.49E+01  1.29E+01  6.04E+00  5.76E+00  3.96E+00  2.62E+00  1.83E+00
  1.51E+00  1.44E+00  1.04E+00  8.48E-01  7.43E-01  6.34E-01  5.49E-01  4.40E-01
  4.33E-01  3.58E-01  3.12E-01  2.74E-01  2.42E-01  2.12E-01  1.80E-01  1.56E-01
  1.32E-01  1.21E-01  1.04E-01  8.70E-02  7.48E-02  6.36E-02  5.53E-02  4.71E-02
  3.86E-02  3.41E-02  2.89E-02  2.42E-02  2.10E-02  1.74E-02  1.50E-02  1.25E-02
  1.10E-02  9.51E-03  8.08E-03  7.14E-03  6.01E-03  5.27E-03  4.51E-03  3.95E-03
  3.49E-03  3.08E-03  2.76E-03  2.39E-03  2.13E-03  1.90E-03  1.67E-03  1.48E-03
  1.31E-03  1.22E-03  1.06E-03  9.91E-04  9.23E-04  8.50E-04  8.02E-04  7.36E-04
   12.011236499487735     
  1.54E-02  1.52E+01  8.38E+00  4.21E+00  4.16E+00  3.19E+00  2.19E+00  1.58E+00
  1.29E+00  1.29E+00  9.47E-01  7.43E-01  6.78E-01  5.80E-01  5.13E-01  3.76E-01
  3.89E-01  3.29E-01  3.05E-01  2.39E-01  2.21E-01  1.92E-01  1.61E-01  1.43E-01
  1.26E-01  1.16E-01  9.68E-02  8.25E-02  7.19E-02  6.26E-02  5.23E-02  4.69E-02
  3.85E-02  3.46E-02  2.95E-02  2.50E-02  2.23E-02  1.88E-02  1.66E-02  1.40E-02
  1.26E-02  1.11E-02  9.43E-03  8.25E-03  7.24E-03  6.47E-03  5.44E-03  4.88E-03
  4.46E-03  3.89E-03  3.48E-03  2.97E-03  2.68E-03  2.38E-03  2.07E-03  1.80E-03
  1.61E-03  1.46E-03  1.30E-03  1.17E-03  1.06E-03  9.59E-04  8.80E-04  8.03E-04
   14.018227014620168     
  9.80E-03  9.93E+00  5.61E+00  2.75E+00  3.06E+00  2.62E+00  1.80E+00  1.34E+00
  1.05E+00  1.12E+00  8.79E-01  6.93E-01  6.04E-01  5.31E-01  4.57E-01  3.67E-01
  3.52E-01  3.18E-01  2.69E-01  2.19E-01  2.15E-01  1.88E-01  1.60E-01  1.39E-01
  1.20E-01  1.10E-01  9.69E-02  8.17E-02  7.44E-02  6.44E-02  5.59E-02  4.93E-02
  4.27E-02  3.85E-02  3.34E-02  2.82E-02  2.58E-02  2.21E-02  1.93E-02  1.68E-02
  1.50E-02  1.33E-02  1.14E-02  1.01E-02  8.62E-03  7.80E-03  6.58E-03  5.82E-03
  5.20E-03  4.56E-03  4.03E-03  3.37E-03  3.03E-03  2.65E-03  2.26E-03  1.99E-03
  1.79E-03  1.57E-03  1.34E-03  1.18E-03  1.04E-03  9.04E-04  7.97E-04  6.89E-04
   16.012449174488459     
  9.55E-04  6.83E+00  4.00E+00  1.81E+00  2.20E+00  2.02E+00  1.49E+00  1.10E+00
  9.46E-01  9.30E-01  7.59E-01  6.16E-01  5.41E-01  5.10E-01  4.33E-01  3.27E-01
  3.37E-01  2.93E-01  2.53E-01  2.15E-01  1.90E-01  1.77E-01  1.54E-01  1.35E-01
  1.26E-01  1.09E-01  9.80E-02  8.47E-02  7.57E-02  6.55E-02  5.76E-02  5.11E-02
  4.44E-02  4.04E-02  3.52E-02  3.04E-02  2.77E-02  2.42E-02  2.12E-02  1.83E-02
  1.70E-02  1.50E-02  1.28E-02  1.13E-02  1.00E-02  8.93E-03  7.64E-03  6.75E-03
  6.03E-03  5.36E-03  4.59E-03  3.90E-03  3.45E-03  2.98E-03  2.56E-03  2.19E-03
  1.88E-03  1.63E-03  1.38E-03  1.20E-03  1.03E-03  8.76E-04  7.56E-04  6.35E-04
   18.017355660989999     
  4.26E-05  5.02E+00  2.87E+00  1.28E+00  1.68E+00  1.64E+00  1.17E+00  9.53E-01
  7.96E-01  8.14E-01  6.30E-01  5.46E-01  5.09E-01  4.51E-01  3.83E-01  3.21E-01
  3.13E-01  2.80E-01  2.43E-01  2.06E-01  1.83E-01  1.69E-01  1.40E-01  1.28E-01
  1.16E-01  1.06E-01  9.22E-02  8.25E-02  7.27E-02  6.60E-02  5.84E-02  5.24E-02
  4.56E-02  4.21E-02  3.76E-02  3.18E-02  2.94E-02  2.54E-02  2.31E-02  1.97E-02
  1.77E-02  1.61E-02  1.39E-02  1.27E-02  1.08E-02  9.80E-03  8.34E-03  7.19E-03
  6.42E-03  5.57E-03  4.90E-03  4.06E-03  3.64E-03  3.14E-03  2.67E-03  2.26E-03
  1.97E-03  1.74E-03  1.45E-03  1.23E-03  1.06E-03  9.06E-04  7.55E-04  6.30E-04
   20.019283150327841     
  8.67E-04  3.96E+00  2.12E+00  9.99E-01  1.31E+00  1.36E+00  9.74E-01  7.95E-01
  6.98E-01  7.05E-01  5.36E-01  4.89E-01  4.66E-01  3.98E-01  3.51E-01  2.86E-01
  2.91E-01  2.58E-01  2.32E-01  1.88E-01  1.72E-01  1.66E-01  1.39E-01  1.26E-01
  1.11E-01  1.05E-01  9.27E-02  7.96E-02  7.12E-02  6.14E-02  5.55E-02  5.05E-02
  4.36E-02  4.08E-02  3.60E-02  3.07E-02  2.77E-02  2.45E-02  2.21E-02  1.93E-02
  1.74E-02  1.53E-02  1.33E-02  1.21E-02  1.05E-02  9.52E-03  8.09E-03  7.11E-03
  6.41E-03  5.55E-03  4.92E-03  4.16E-03  3.72E-03  3.32E-03  2.83E-03  2.45E-03
  2.13E-03  1.86E-03  1.57E-03  1.32E-03  1.14E-03  9.29E-04  7.92E-04  6.45E-04
   22.019080939313582     
  1.77E-03  3.19E+00  1.69E+00  8.48E-01  1.08E+00  1.11E+00  8.29E-01  6.61E-01
  6.14E-01  6.37E-01  4.86E-01  4.38E-01  4.07E-01  3.49E-01  3.23E-01  2.64E-01
  2.65E-01  2.35E-01  2.10E-01  1.73E-01  1.70E-01  1.51E-01  1.29E-01  1.15E-01
  1.06E-01  9.73E-02  8.71E-02  7.63E-02  7.05E-02  6.08E-02  5.47E-02  4.99E-02
  4.25E-02  3.84E-02  3.53E-02  3.02E-02  2.73E-02  2.39E-02  2.13E-02  1.82E-02
  1.68E-02  1.47E-02  1.28E-02  1.13E-02  9.70E-03  8.80E-03  7.49E-03  6.62E-03
  5.85E-03  5.09E-03  4.41E-03  3.75E-03  3.28E-03  2.81E-03  2.42E-03  2.10E-03
  1.81E-03  1.58E-03  1.32E-03  1.12E-03  9.84E-04  8.20E-04  7.03E-04  5.83E-04
   24.013148899670345     
  1.51E-03  2.61E+00  1.46E+00  7.38E-01  9.56E-01  8.65E-01  7.15E-01  5.74E-01
  5.24E-01  5.89E-01  4.45E-01  3.95E-01  3.56E-01  3.13E-01  2.71E-01  2.36E-01
  2.47E-01  2.13E-01  1.96E-01  1.63E-01  1.50E-01  1.40E-01  1.20E-01  1.10E-01
  9.60E-02  9.22E-02  8.31E-02  7.10E-02  6.59E-02  5.84E-02  5.23E-02  4.51E-02
  4.00E-02  3.60E-02  3.25E-02  2.83E-02  2.50E-02  2.17E-02  1.94E-02  1.70E-02
  1.53E-02  1.35E-02  1.16E-02  1.03E-02  8.70E-03  8.07E-03  6.64E-03  5.98E-03
  5.33E-03  4.66E-03  4.07E-03  3.42E-03  3.01E-03  2.61E-03  2.24E-03  1.89E-03
  1.64E-03  1.41E-03  1.19E-03  1.02E-03  8.82E-04  7.46E-04  6.51E-04  5.51E-04
   26.011647996395887     
  1.13E-03  2.17E+00  1.33E+00  6.53E-01  8.77E-01  6.94E-01  6.38E-01  5.05E-01
  4.73E-01  5.51E-01  3.80E-01  3.63E-01  3.20E-01  2.85E-01  2.43E-01  2.10E-01
  2.24E-01  1.93E-01  1.76E-01  1.47E-01  1.38E-01  1.31E-01  1.10E-01  9.87E-02
  9.13E-02  8.41E-02  7.44E-02  6.67E-02  6.04E-02  5.32E-02  4.69E-02  4.33E-02
  3.78E-02  3.38E-02  3.04E-02  2.60E-02  2.35E-02  2.02E-02  1.80E-02  1.55E-02
  1.38E-02  1.20E-02  1.03E-02  9.07E-03  7.75E-03  6.87E-03  5.80E-03  4.97E-03
  4.34E-03  3.74E-03  3.24E-03  2.65E-03  2.33E-03  1.99E-03  1.67E-03  1.41E-03
  1.23E-03  1.05E-03  8.88E-04  7.45E-04  6.45E-04  5.34E-04  4.59E-04  3.74E-04
   28.020977254108981     
  1.20E-03  1.78E+00  1.25E+00  6.01E-01  7.96E-01  6.06E-01  5.35E-01  4.71E-01
  4.54E-01  4.91E-01  3.49E-01  3.10E-01  2.96E-01  2.68E-01  2.31E-01  2.03E-01
  2.03E-01  1.76E-01  1.59E-01  1.35E-01  1.26E-01  1.17E-01  1.02E-01  9.27E-02
  8.49E-02  7.68E-02  6.86E-02  6.11E-02  5.48E-02  4.98E-02  4.48E-02  4.02E-02
  3.38E-02  3.07E-02  2.75E-02  2.39E-02  2.12E-02  1.82E-02  1.65E-02  1.39E-02
  1.25E-02  1.09E-02  9.27E-03  8.29E-03  6.93E-03  6.16E-03  5.06E-03  4.52E-03
  3.90E-03  3.36E-03  2.86E-03  2.40E-03  2.07E-03  1.74E-03  1.47E-03  1.22E-03
  1.04E-03  8.73E-04  7.17E-04  5.89E-04  4.88E-04  3.91E-04  3.23E-04  2.53E-04
   30.012144725052792     
  1.21E-03  1.46E+00  1.17E+00  5.91E-01  7.00E-01  5.72E-01  4.54E-01  4.31E-01
  3.95E-01  4.49E-01  3.29E-01  2.89E-01  2.61E-01  2.47E-01  2.27E-01  1.90E-01
  1.85E-01  1.67E-01  1.53E-01  1.24E-01  1.15E-01  1.10E-01  9.44E-02  8.66E-02
  7.42E-02  7.19E-02  6.37E-02  5.61E-02  4.96E-02  4.45E-02  3.95E-02  3.56E-02
  3.12E-02  2.82E-02  2.51E-02  2.14E-02  1.95E-02  1.66E-02  1.46E-02  1.25E-02
  1.12E-02  9.68E-03  8.26E-03  7.45E-03  6.19E-03  5.44E-03  4.55E-03  3.89E-03
  3.34E-03  2.86E-03  2.39E-03  1.97E-03  1.66E-03  1.40E-03  1.15E-03  9.61E-04
  7.93E-04  6.70E-04  5.41E-04  4.42E-04  3.68E-04  2.98E-04  2.47E-04  1.98E-04
   32.015487561634636     
  1.08E-03  1.23E+00  1.09E+00  5.80E-01  6.22E-01  5.20E-01  4.23E-01  3.80E-01
  3.46E-01  3.94E-01  3.00E-01  2.78E-01  2.54E-01  2.35E-01  1.94E-01  1.72E-01
  1.80E-01  1.60E-01  1.37E-01  1.19E-01  1.15E-01  1.04E-01  8.67E-02  7.74E-02
  7.04E-02  6.61E-02  5.86E-02  5.04E-02  4.70E-02  4.07E-02  3.46E-02  3.13E-02
  2.71E-02  2.52E-02  2.16E-02  1.85E-02  1.69E-02  1.42E-02  1.29E-02  1.10E-02
  9.84E-03  8.37E-03  7.16E-03  6.19E-03  5.21E-03  4.56E-03  3.75E-03  3.21E-03
  2.69E-03  2.34E-03  1.91E-03  1.57E-03  1.35E-03  1.11E-03  9.04E-04  7.36E-04
  6.19E-04  5.10E-04  4.12E-04  3.29E-04  2.70E-04  2.20E-04  1.77E-04  1.42E-04
   34.015657541174647     
  7.57E-04  1.06E+00  1.01E+00  5.48E-01  5.83E-01  4.62E-01  3.90E-01  3.56E-01
  3.25E-01  3.38E-01  2.87E-01  2.50E-01  2.41E-01  2.25E-01  1.80E-01  1.63E-01
  1.58E-01  1.44E-01  1.34E-01  1.11E-01  1.06E-01  9.70E-02  8.32E-02  7.21E-02
  6.55E-02  6.04E-02  5.29E-02  4.76E-02  4.34E-02  3.68E-02  3.26E-02  2.83E-02
  2.44E-02  2.18E-02  1.92E-02  1.61E-02  1.46E-02  1.23E-02  1.08E-02  9.01E-03
  7.96E-03  6.99E-03  5.76E-03  5.05E-03  4.22E-03  3.68E-03  2.95E-03  2.51E-03
  2.17E-03  1.81E-03  1.51E-03  1.23E-03  1.04E-03  8.48E-04  6.96E-04  5.53E-04
  4.51E-04  3.68E-04  2.93E-04  2.28E-04  1.88E-04  1.46E-04  1.16E-04  9.12E-05
   36.016540193639258     
  3.04E-04  9.29E-01  9.62E-01  4.93E-01  5.62E-01  4.38E-01  3.53E-01  3.28E-01
  3.05E-01  3.39E-01  2.56E-01  2.25E-01  2.30E-01  2.05E-01  1.81E-01  1.48E-01
  1.49E-01  1.36E-01  1.23E-01  1.02E-01  9.69E-02  9.11E-02  7.61E-02  6.99E-02
  5.98E-02  5.38E-02  4.89E-02  4.42E-02  3.95E-02  3.47E-02  2.99E-02  2.69E-02
  2.22E-02  2.00E-02  1.75E-02  1.48E-02  1.32E-02  1.11E-02  9.50E-03  7.93E-03
  6.87E-03  5.90E-03  4.75E-03  4.18E-03  3.40E-03  2.95E-03  2.39E-03  2.02E-03
  1.69E-03  1.41E-03  1.16E-03  9.23E-04  7.74E-04  6.34E-04  5.12E-04  4.13E-04
  3.35E-04  2.78E-04  2.19E-04  1.78E-04  1.45E-04  1.16E-04  9.23E-05  7.29E-05
   38.015110552460683     
  3.06E-05  8.40E-01  9.18E-01  4.28E-01  5.35E-01  4.35E-01  3.27E-01  3.04E-01
  2.74E-01  3.39E-01  2.33E-01  2.11E-01  2.02E-01  1.96E-01  1.68E-01  1.43E-01
  1.42E-01  1.30E-01  1.17E-01  9.63E-02  8.87E-02  8.41E-02  7.21E-02  6.44E-02
  5.66E-02  5.08E-02  4.52E-02  3.90E-02  3.57E-02  3.10E-02  2.68E-02  2.44E-02
  2.06E-02  1.85E-02  1.64E-02  1.33E-02  1.17E-02  9.98E-03  8.65E-03  7.12E-03
  6.14E-03  5.24E-03  4.26E-03  3.68E-03  2.98E-03  2.52E-03  2.03E-03  1.72E-03
  1.44E-03  1.16E-03  9.61E-04  7.57E-04  6.25E-04  5.15E-04  4.16E-04  3.35E-04
  2.78E-04  2.27E-04  1.72E-04  1.34E-04  1.06E-04  8.05E-05  6.22E-05  4.69E-05
   40.012819898455028     
  4.27E-05  7.80E-01  8.74E-01  3.75E-01  4.98E-01  4.26E-01  3.13E-01  2.87E-01
  2.61E-01  3.11E-01  2.24E-01  1.94E-01  1.98E-01  1.77E-01  1.59E-01  1.31E-01
  1.35E-01  1.21E-01  1.09E-01  9.35E-02  8.42E-02  7.90E-02  6.82E-02  5.91E-02
  5.35E-02  4.95E-02  4.20E-02  3.58E-02  3.25E-02  2.82E-02  2.40E-02  2.17E-02
  1.78E-02  1.63E-02  1.42E-02  1.20E-02  1.07E-02  8.82E-03  7.81E-03  6.39E-03
  5.46E-03  4.74E-03  3.87E-03  3.30E-03  2.68E-03  2.30E-03  1.84E-03  1.53E-03
  1.27E-03  1.07E-03  8.49E-04  6.57E-04  5.41E-04  4.29E-04  3.39E-04  2.70E-04
  2.19E-04  1.74E-04  1.35E-04  1.05E-04  8.54E-05  6.46E-05  4.89E-05  3.74E-05
   42.014869684977860     
  2.89E-04  7.30E-01  8.35E-01  3.40E-01  4.57E-01  4.09E-01  3.11E-01  2.65E-01
  2.61E-01  2.83E-01  2.11E-01  1.84E-01  1.87E-01  1.66E-01  1.57E-01  1.21E-01
  1.23E-01  1.15E-01  9.78E-02  8.68E-02  8.06E-02  7.54E-02  6.36E-02  5.76E-02
  5.14E-02  4.67E-02  3.91E-02  3.38E-02  3.01E-02  2.63E-02  2.25E-02  2.01E-02
  1.67E-02  1.46E-02  1.27E-02  1.09E-02  9.44E-03  7.86E-03  6.83E-03  5.73E-03
  4.96E-03  4.22E-03  3.46E-03  2.92E-03  2.38E-03  2.03E-03  1.65E-03  1.38E-03
  1.16E-03  9.58E-04  7.81E-04  6.30E-04  5.19E-04  4.14E-04  3.37E-04  2.69E-04
  2.20E-04  1.76E-04  1.33E-04  1.03E-04  8.16E-05  6.11E-05  4.67E-05  3.47E-05
   44.014606268313464     
  6.15E-04  6.92E-01  7.99E-01  3.19E-01  4.18E-01  3.91E-01  3.07E-01  2.57E-01
  2.48E-01  2.59E-01  2.00E-01  1.73E-01  1.75E-01  1.61E-01  1.43E-01  1.17E-01
  1.19E-01  1.07E-01  9.47E-02  7.63E-02  7.26E-02  6.90E-02  5.92E-02  5.66E-02
  4.68E-02  4.29E-02  3.85E-02  3.28E-02  2.83E-02  2.37E-02  2.12E-02  1.87E-02
  1.54E-02  1.39E-02  1.18E-02  9.73E-03  8.47E-03  7.02E-03  6.11E-03  5.00E-03
  4.34E-03  3.60E-03  2.93E-03  2.56E-03  2.07E-03  1.75E-03  1.40E-03  1.17E-03
  9.67E-04  7.89E-04  6.50E-04  5.11E-04  4.16E-04  3.31E-04  2.64E-04  2.14E-04
  1.72E-04  1.39E-04  1.09E-04  8.40E-05  6.73E-05  5.24E-05  4.02E-05  3.07E-05
   46.014997171668547     
  9.34E-04  6.65E-01  7.66E-01  3.09E-01  3.81E-01  3.78E-01  2.89E-01  2.57E-01
  2.24E-01  2.51E-01  1.84E-01  1.70E-01  1.59E-01  1.55E-01  1.33E-01  1.14E-01
  1.12E-01  1.00E-01  9.03E-02  7.49E-02  6.88E-02  6.16E-02  5.35E-02  4.85E-02
  4.44E-02  4.06E-02  3.47E-02  3.04E-02  2.68E-02  2.35E-02  1.97E-02  1.74E-02
  1.45E-02  1.25E-02  1.09E-02  8.88E-03  7.75E-03  6.44E-03  5.48E-03  4.47E-03
  3.80E-03  3.20E-03  2.61E-03  2.19E-03  1.72E-03  1.45E-03  1.15E-03  9.55E-04
  7.75E-04  6.37E-04  5.17E-04  4.06E-04  3.28E-04  2.59E-04  2.06E-04  1.60E-04
  1.24E-04  9.93E-05  7.40E-05  5.69E-05  4.42E-05  3.35E-05  2.62E-05  1.93E-05
   48.023061465411686     
  1.20E-03  6.45E-01  7.42E-01  3.03E-01  3.57E-01  3.64E-01  2.77E-01  2.43E-01
  2.11E-01  2.37E-01  1.76E-01  1.59E-01  1.51E-01  1.42E-01  1.29E-01  1.09E-01
  1.11E-01  9.32E-02  8.43E-02  7.03E-02  6.68E-02  5.96E-02  4.92E-02  4.53E-02
  3.90E-02  3.69E-02  3.16E-02  2.74E-02  2.41E-02  2.09E-02  1.82E-02  1.60E-02
  1.36E-02  1.20E-02  1.02E-02  8.28E-03  7.10E-03  5.72E-03  4.87E-03  4.01E-03
  3.37E-03  2.85E-03  2.22E-03  1.87E-03  1.50E-03  1.28E-03  9.86E-04  8.00E-04
  6.48E-04  5.29E-04  4.17E-04  3.19E-04  2.49E-04  1.98E-04  1.55E-04  1.17E-04
  9.00E-05  7.08E-05  5.45E-05  4.03E-05  3.09E-05  2.37E-05  1.76E-05  1.28E-05
   50.022952978596898     
  1.34E-03  6.31E-01  7.20E-01  2.96E-01  3.41E-01  3.48E-01  2.72E-01  2.22E-01
  2.00E-01  2.25E-01  1.69E-01  1.50E-01  1.42E-01  1.33E-01  1.24E-01  1.02E-01
  1.06E-01  9.05E-02  8.16E-02  6.70E-02  6.29E-02  5.61E-02  4.69E-02  4.19E-02
  3.67E-02  3.34E-02  2.84E-02  2.44E-02  2.21E-02  1.85E-02  1.57E-02  1.40E-02
  1.20E-02  1.06E-02  8.83E-03  7.20E-03  6.58E-03  5.31E-03  4.46E-03  3.63E-03
  3.01E-03  2.49E-03  1.98E-03  1.64E-03  1.27E-03  1.07E-03  8.06E-04  6.55E-04
  5.21E-04  4.12E-04  3.17E-04  2.48E-04  1.98E-04  1.53E-04  1.17E-04  8.71E-05
  6.98E-05  5.33E-05  3.86E-05  2.82E-05  2.20E-05  1.59E-05  1.15E-05  8.18E-06
   52.013477321470987     
  1.36E-03  6.25E-01  6.96E-01  2.92E-01  3.27E-01  3.36E-01  2.67E-01  2.05E-01
  1.92E-01  2.14E-01  1.63E-01  1.42E-01  1.34E-01  1.27E-01  1.18E-01  9.63E-02
  9.91E-02  8.77E-02  7.77E-02  6.42E-02  6.11E-02  5.36E-02  4.48E-02  3.99E-02
  3.36E-02  3.01E-02  2.69E-02  2.21E-02  1.96E-02  1.67E-02  1.41E-02  1.24E-02
  1.03E-02  9.13E-03  7.77E-03  6.17E-03  5.53E-03  4.57E-03  3.86E-03  3.01E-03
  2.61E-03  2.17E-03  1.74E-03  1.41E-03  1.12E-03  9.20E-04  6.83E-04  5.56E-04
  4.35E-04  3.39E-04  2.53E-04  1.93E-04  1.47E-04  1.10E-04  8.28E-05  6.05E-05
  4.58E-05  3.42E-05  2.48E-05  1.80E-05  1.35E-05  9.74E-06  7.07E-06  5.05E-06
   54.018683766080834     
  1.31E-03  6.24E-01  6.71E-01  2.90E-01  3.16E-01  3.28E-01  2.56E-01  1.95E-01
  1.86E-01  2.00E-01  1.56E-01  1.40E-01  1.28E-01  1.19E-01  1.12E-01  9.12E-02
  9.51E-02  8.22E-02  7.24E-02  6.21E-02  5.75E-02  5.13E-02  4.38E-02  3.79E-02
  3.26E-02  2.80E-02  2.40E-02  2.02E-02  1.80E-02  1.52E-02  1.27E-02  1.10E-02
  9.10E-03  7.94E-03  6.64E-03  5.45E-03  4.72E-03  3.77E-03  3.23E-03  2.61E-03
  2.16E-03  1.77E-03  1.40E-03  1.17E-03  9.01E-04  7.59E-04  5.71E-04  4.61E-04
  3.60E-04  2.80E-04  2.12E-04  1.58E-04  1.20E-04  8.86E-05  6.60E-05  4.67E-05
  3.53E-05  2.59E-05  1.84E-05  1.28E-05  9.49E-06  6.63E-06  4.53E-06  3.16E-06
   56.013705268456391     
  1.18E-03  6.26E-01  6.49E-01  2.83E-01  3.02E-01  3.22E-01  2.44E-01  1.89E-01
  1.81E-01  1.89E-01  1.45E-01  1.37E-01  1.24E-01  1.14E-01  1.05E-01  8.71E-02
  9.18E-02  7.73E-02  6.86E-02  5.78E-02  5.42E-02  4.86E-02  4.12E-02  3.57E-02
  3.14E-02  2.69E-02  2.31E-02  1.85E-02  1.64E-02  1.38E-02  1.14E-02  9.97E-03
  8.12E-03  6.97E-03  5.76E-03  4.64E-03  3.97E-03  3.16E-03  2.70E-03  2.17E-03
  1.83E-03  1.48E-03  1.14E-03  9.50E-04  7.24E-04  5.86E-04  4.37E-04  3.51E-04
  2.76E-04  2.13E-04  1.61E-04  1.20E-04  9.17E-05  6.84E-05  5.06E-05  3.65E-05
  2.69E-05  1.95E-05  1.37E-05  9.57E-06  6.89E-06  4.74E-06  3.29E-06  2.26E-06
   58.023036548069285     
  1.04E-03  6.29E-01  6.27E-01  2.79E-01  2.88E-01  3.15E-01  2.33E-01  1.86E-01
  1.76E-01  1.81E-01  1.38E-01  1.32E-01  1.18E-01  1.08E-01  9.99E-02  8.41E-02
  8.87E-02  7.38E-02  6.59E-02  5.41E-02  5.00E-02  4.61E-02  3.84E-02  3.37E-02
  2.93E-02  2.52E-02  2.19E-02  1.73E-02  1.53E-02  1.31E-02  1.04E-02  8.92E-03
  7.10E-03  6.20E-03  5.08E-03  4.08E-03  3.41E-03  2.74E-03  2.22E-03  1.76E-03
  1.43E-03  1.17E-03  8.99E-04  7.44E-04  5.71E-04  4.62E-04  3.40E-04  2.64E-04
  2.04E-04  1.53E-04  1.13E-04  8.33E-05  6.28E-05  4.58E-05  3.30E-05  2.39E-05
  1.71E-05  1.26E-05  8.76E-06  6.13E-06  4.42E-06  2.99E-06  2.09E-06  1.42E-06
   60.013050583194314     
  9.33E-04  6.33E-01  6.06E-01  2.78E-01  2.78E-01  3.06E-01  2.27E-01  1.83E-01
  1.70E-01  1.73E-01  1.35E-01  1.24E-01  1.14E-01  1.02E-01  9.51E-02  8.12E-02
  8.51E-02  7.12E-02  6.37E-02  5.22E-02  4.63E-02  4.40E-02  3.54E-02  3.17E-02
  2.76E-02  2.40E-02  2.05E-02  1.59E-02  1.42E-02  1.20E-02  9.75E-03  8.29E-03
  6.55E-03  5.57E-03  4.50E-03  3.57E-03  3.01E-03  2.38E-03  1.95E-03  1.53E-03
  1.22E-03  9.52E-04  7.36E-04  5.86E-04  4.39E-04  3.51E-04  2.65E-04  2.00E-04
  1.55E-04  1.16E-04  8.56E-05  6.14E-05  4.57E-05  3.30E-05  2.34E-05  1.68E-05
  1.18E-05  8.44E-06  5.64E-06  3.90E-06  2.74E-06  1.84E-06  1.28E-06  8.47E-07
   62.018363370855887     
  8.62E-04  6.39E-01  5.86E-01  2.76E-01  2.70E-01  2.95E-01  2.22E-01  1.80E-01
  1.63E-01  1.68E-01  1.32E-01  1.15E-01  1.11E-01  9.68E-02  8.98E-02  7.75E-02
  8.14E-02  6.93E-02  6.09E-02  4.92E-02  4.41E-02  4.16E-02  3.34E-02  3.00E-02
  2.52E-02  2.27E-02  1.93E-02  1.52E-02  1.31E-02  1.07E-02  8.94E-03  7.55E-03
  5.92E-03  5.03E-03  4.09E-03  3.17E-03  2.62E-03  2.05E-03  1.66E-03  1.28E-03
  1.05E-03  8.18E-04  6.19E-04  4.86E-04  3.56E-04  2.82E-04  2.04E-04  1.57E-04
  1.18E-04  8.89E-05  6.47E-05  4.65E-05  3.40E-05  2.41E-05  1.71E-05  1.23E-05
  8.69E-06  6.17E-06  4.22E-06  2.84E-06  1.95E-06  1.28E-06  8.57E-07  5.44E-07
   64.013427305126001     
  8.00E-04  6.46E-01  5.67E-01  2.74E-01  2.63E-01  2.84E-01  2.18E-01  1.76E-01
  1.57E-01  1.61E-01  1.29E-01  1.09E-01  1.08E-01  9.31E-02  8.51E-02  7.49E-02
  7.77E-02  6.68E-02  5.77E-02  4.65E-02  4.16E-02  3.88E-02  3.14E-02  2.84E-02
  2.43E-02  2.09E-02  1.75E-02  1.44E-02  1.21E-02  9.96E-03  8.13E-03  6.79E-03
  5.31E-03  4.47E-03  3.64E-03  2.78E-03  2.33E-03  1.80E-03  1.43E-03  1.07E-03
  8.70E-04  6.73E-04  5.01E-04  4.02E-04  2.96E-04  2.29E-04  1.64E-04  1.22E-04
  9.22E-05  6.82E-05  4.99E-05  3.57E-05  2.64E-05  1.89E-05  1.34E-05  9.44E-06
  6.70E-06  4.87E-06  3.35E-06  2.29E-06  1.64E-06  1.12E-06  7.44E-07  4.93E-07
   66.019831170378865     
  7.43E-04  6.52E-01  5.48E-01  2.74E-01  2.56E-01  2.74E-01  2.12E-01  1.72E-01
  1.54E-01  1.54E-01  1.27E-01  1.04E-01  1.04E-01  9.01E-02  8.14E-02  7.28E-02
  7.32E-02  6.40E-02  5.53E-02  4.50E-02  3.96E-02  3.58E-02  2.95E-02  2.60E-02
  2.34E-02  1.98E-02  1.67E-02  1.32E-02  1.11E-02  9.00E-03  7.52E-03  6.12E-03
  4.91E-03  4.06E-03  3.18E-03  2.42E-03  2.04E-03  1.59E-03  1.26E-03  9.42E-04
  7.43E-04  5.70E-04  4.13E-04  3.22E-04  2.35E-04  1.82E-04  1.29E-04  9.64E-05
  7.24E-05  5.20E-05  3.70E-05  2.65E-05  1.94E-05  1.38E-05  9.92E-06  6.91E-06
  5.04E-06  3.65E-06  2.50E-06  1.77E-06  1.27E-06  8.80E-07  6.09E-07  4.22E-07
   68.014261245293170     
  7.00E-04  6.58E-01  5.30E-01  2.74E-01  2.50E-01  2.67E-01  2.07E-01  1.67E-01
  1.52E-01  1.48E-01  1.23E-01  1.01E-01  1.00E-01  8.78E-02  7.86E-02  6.95E-02
  6.87E-02  6.07E-02  5.37E-02  4.33E-02  3.84E-02  3.43E-02  2.80E-02  2.37E-02
  2.16E-02  1.86E-02  1.58E-02  1.27E-02  1.02E-02  8.41E-03  6.70E-03  5.54E-03
  4.45E-03  3.63E-03  2.93E-03  2.16E-03  1.73E-03  1.34E-03  1.10E-03  8.20E-04
  6.43E-04  4.97E-04  3.56E-04  2.71E-04  1.91E-04  1.49E-04  1.02E-04  7.58E-05
  5.60E-05  3.99E-05  2.82E-05  1.90E-05  1.38E-05  9.59E-06  6.63E-06  4.57E-06
  3.29E-06  2.32E-06  1.56E-06  1.10E-06  7.72E-07  5.26E-07  3.59E-07  2.46E-07
   70.020504801134848     
  6.73E-04  6.66E-01  5.16E-01  2.71E-01  2.43E-01  2.62E-01  2.02E-01  1.62E-01
  1.49E-01  1.44E-01  1.17E-01  9.95E-02  9.70E-02  8.60E-02  7.62E-02  6.57E-02
  6.48E-02  5.75E-02  5.13E-02  4.13E-02  3.73E-02  3.30E-02  2.65E-02  2.27E-02
  1.95E-02  1.73E-02  1.44E-02  1.18E-02  9.73E-03  7.75E-03  6.15E-03  5.08E-03
  3.93E-03  3.24E-03  2.55E-03  1.96E-03  1.51E-03  1.14E-03  8.99E-04  6.80E-04
  5.32E-04  4.16E-04  3.00E-04  2.26E-04  1.62E-04  1.24E-04  8.46E-05  6.16E-05
  4.50E-05  3.15E-05  2.23E-05  1.47E-05  1.05E-05  7.02E-06  4.73E-06  3.14E-06
  2.15E-06  1.48E-06  9.54E-07  6.37E-07  4.42E-07  2.90E-07  1.90E-07  1.26E-07
   72.015100426888665     
  6.69E-04  6.74E-01  5.01E-01  2.68E-01  2.36E-01  2.59E-01  1.96E-01  1.58E-01
  1.46E-01  1.42E-01  1.10E-01  9.87E-02  9.35E-02  8.51E-02  7.32E-02  6.24E-02
  6.25E-02  5.44E-02  4.79E-02  3.97E-02  3.56E-02  3.17E-02  2.54E-02  2.21E-02
  1.81E-02  1.61E-02  1.31E-02  1.08E-02  9.08E-03  7.07E-03  5.70E-03  4.66E-03
  3.56E-03  2.90E-03  2.25E-03  1.70E-03  1.36E-03  9.78E-04  7.70E-04  5.60E-04
  4.34E-04  3.35E-04  2.48E-04  1.83E-04  1.31E-04  1.00E-04  6.81E-05  5.03E-05
  3.63E-05  2.57E-05  1.80E-05  1.21E-05  8.43E-06  5.66E-06  3.76E-06  2.44E-06
  1.63E-06  1.09E-06  6.78E-07  4.31E-07  2.88E-07  1.80E-07  1.13E-07  7.11E-08
   74.022162950983301     
  6.86E-04  6.80E-01  4.88E-01  2.63E-01  2.29E-01  2.58E-01  1.91E-01  1.56E-01
  1.41E-01  1.41E-01  1.04E-01  9.79E-02  9.05E-02  8.39E-02  6.99E-02  6.02E-02
  6.09E-02  5.17E-02  4.49E-02  3.79E-02  3.35E-02  3.01E-02  2.46E-02  2.15E-02
  1.72E-02  1.51E-02  1.21E-02  9.89E-03  8.28E-03  6.57E-03  5.19E-03  4.24E-03
  3.22E-03  2.65E-03  2.02E-03  1.50E-03  1.20E-03  8.69E-04  6.67E-04  4.77E-04
  3.56E-04  2.74E-04  1.94E-04  1.47E-04  1.04E-04  7.78E-05  5.29E-05  3.77E-05
  2.77E-05  1.96E-05  1.36E-05  9.03E-06  6.36E-06  4.28E-06  2.82E-06  1.85E-06
  1.22E-06  8.10E-07  5.02E-07  3.15E-07  2.06E-07  1.25E-07  7.59E-08  4.66E-08
   76.019504890194298     
  7.05E-04  6.88E-01  4.76E-01  2.56E-01  2.25E-01  2.55E-01  1.85E-01  1.57E-01
  1.34E-01  1.41E-01  9.95E-02  9.56E-02  8.82E-02  8.15E-02  6.74E-02  5.80E-02
  5.95E-02  4.84E-02  4.31E-02  3.60E-02  3.18E-02  2.83E-02  2.34E-02  2.03E-02
  1.68E-02  1.44E-02  1.15E-02  9.02E-03  7.60E-03  5.97E-03  4.80E-03  3.84E-03
  2.92E-03  2.38E-03  1.84E-03  1.31E-03  1.05E-03  7.82E-04  5.75E-04  4.17E-04
  3.04E-04  2.25E-04  1.57E-04  1.17E-04  7.99E-05  6.13E-05  4.04E-05  2.83E-05
  1.99E-05  1.41E-05  9.63E-06  6.25E-06  4.41E-06  2.88E-06  1.91E-06  1.23E-06
  8.12E-07  5.29E-07  3.27E-07  2.03E-07  1.30E-07  7.91E-08  4.68E-08  2.83E-08
   78.018288399615344     
  7.14E-04  6.95E-01  4.67E-01  2.47E-01  2.22E-01  2.51E-01  1.81E-01  1.58E-01
  1.27E-01  1.40E-01  9.63E-02  9.21E-02  8.64E-02  7.81E-02  6.62E-02  5.61E-02
  5.78E-02  4.50E-02  4.21E-02  3.42E-02  3.01E-02  2.69E-02  2.18E-02  1.91E-02
  1.60E-02  1.39E-02  1.08E-02  8.59E-03  6.94E-03  5.46E-03  4.41E-03  3.53E-03
  2.65E-03  2.17E-03  1.67E-03  1.21E-03  9.29E-04  6.80E-04  5.11E-04  3.64E-04
  2.66E-04  1.94E-04  1.34E-04  9.65E-05  6.54E-05  4.91E-05  3.20E-05  2.25E-05
  1.50E-05  1.05E-05  6.96E-06  4.49E-06  3.09E-06  2.01E-06  1.30E-06  8.12E-07
  5.38E-07  3.44E-07  2.11E-07  1.28E-07  8.20E-08  4.90E-08  2.87E-08  1.72E-08
   80.016671384655652     
  7.29E-04  7.02E-01  4.59E-01  2.38E-01  2.19E-01  2.45E-01  1.77E-01  1.58E-01
  1.22E-01  1.38E-01  9.44E-02  8.83E-02  8.50E-02  7.48E-02  6.52E-02  5.48E-02
  5.54E-02  4.31E-02  4.06E-02  3.29E-02  2.85E-02  2.56E-02  2.01E-02  1.81E-02
  1.50E-02  1.32E-02  1.03E-02  8.29E-03  6.55E-03  5.06E-03  4.01E-03  3.23E-03
  2.43E-03  1.95E-03  1.50E-03  1.10E-03  8.41E-04  5.94E-04  4.53E-04  3.20E-04
  2.32E-04  1.66E-04  1.14E-04  8.12E-05  5.37E-05  3.98E-05  2.56E-05  1.80E-05
  1.20E-05  8.23E-06  5.23E-06  3.37E-06  2.22E-06  1.44E-06  9.18E-07  5.58E-07
  3.71E-07  2.29E-07  1.42E-07  8.34E-08  5.31E-08  3.12E-08  1.81E-08  1.08E-08
   82.015637026620013     
  7.63E-04  7.09E-01  4.50E-01  2.32E-01  2.17E-01  2.40E-01  1.74E-01  1.58E-01
  1.20E-01  1.33E-01  9.30E-02  8.52E-02  8.31E-02  7.22E-02  6.46E-02  5.33E-02
  5.30E-02  4.24E-02  3.87E-02  3.16E-02  2.75E-02  2.41E-02  1.88E-02  1.68E-02
  1.39E-02  1.24E-02  9.80E-03  7.78E-03  6.32E-03  4.74E-03  3.66E-03  2.98E-03
  2.24E-03  1.75E-03  1.35E-03  9.84E-04  7.50E-04  5.30E-04  3.99E-04  2.82E-04
  2.01E-04  1.43E-04  9.87E-05  6.85E-05  4.54E-05  3.28E-05  2.05E-05  1.43E-05
  9.55E-06  6.52E-06  4.17E-06  2.63E-06  1.69E-06  1.08E-06  6.83E-07  4.05E-07
  2.65E-07  1.59E-07  9.72E-08  5.64E-08  3.51E-08  2.04E-08  1.16E-08  6.76E-09
   84.016076795226255     
  8.07E-04  7.17E-01  4.42E-01  2.25E-01  2.14E-01  2.33E-01  1.71E-01  1.56E-01
  1.20E-01  1.28E-01  9.19E-02  8.30E-02  8.04E-02  7.01E-02  6.36E-02  5.20E-02
  5.04E-02  4.22E-02  3.65E-02  2.99E-02  2.71E-02  2.28E-02  1.79E-02  1.54E-02
  1.29E-02  1.15E-02  9.27E-03  7.28E-03  6.00E-03  4.51E-03  3.45E-03  2.74E-03
  2.07E-03  1.62E-03  1.21E-03  8.85E-04  6.79E-04  4.75E-04  3.52E-04  2.45E-04
  1.78E-04  1.26E-04  8.55E-05  5.89E-05  3.96E-05  2.73E-05  1.70E-05  1.16E-05
  7.49E-06  5.09E-06  3.25E-06  2.03E-06  1.29E-06  8.29E-07  5.12E-07  3.03E-07
  1.93E-07  1.15E-07  6.82E-08  3.89E-08  2.34E-08  1.34E-08  7.41E-09  4.18E-09
   86.017711897796275     
  8.52E-04  7.24E-01  4.35E-01  2.17E-01  2.13E-01  2.25E-01  1.69E-01  1.53E-01
  1.20E-01  1.24E-01  9.12E-02  8.12E-02  7.76E-02  6.82E-02  6.20E-02  5.13E-02
  4.81E-02  4.18E-02  3.44E-02  2.81E-02  2.66E-02  2.19E-02  1.73E-02  1.43E-02
  1.21E-02  1.05E-02  8.54E-03  6.80E-03  5.61E-03  4.25E-03  3.26E-03  2.54E-03
  1.93E-03  1.49E-03  1.10E-03  7.92E-04  6.28E-04  4.24E-04  3.10E-04  2.14E-04
  1.56E-04  1.09E-04  7.36E-05  5.04E-05  3.36E-05  2.34E-05  1.45E-05  9.66E-06
  6.13E-06  4.12E-06  2.54E-06  1.53E-06  9.84E-07  6.08E-07  3.69E-07  2.19E-07
  1.36E-07  8.00E-08  4.67E-08  2.63E-08  1.54E-08  8.60E-09  4.69E-09  2.58E-09
   88.020127822144545     
  8.94E-04  7.30E-01  4.30E-01  2.08E-01  2.13E-01  2.16E-01  1.67E-01  1.49E-01
  1.22E-01  1.21E-01  9.08E-02  7.91E-02  7.53E-02  6.67E-02  6.03E-02  4.98E-02
  4.70E-02  4.09E-02  3.31E-02  2.67E-02  2.53E-02  2.14E-02  1.66E-02  1.38E-02
  1.14E-02  9.80E-03  7.69E-03  6.33E-03  5.15E-03  4.01E-03  3.03E-03  2.35E-03
  1.79E-03  1.37E-03  1.04E-03  7.18E-04  5.72E-04  3.96E-04  2.77E-04  1.93E-04
  1.35E-04  9.61E-05  6.39E-05  4.24E-05  2.86E-05  1.97E-05  1.25E-05  8.25E-06
  5.29E-06  3.43E-06  2.12E-06  1.26E-06  7.85E-07  4.66E-07  2.78E-07  1.59E-07
  9.54E-08  5.55E-08  3.09E-08  1.72E-08  9.82E-09  5.32E-09  2.86E-09  1.53E-09
   90.022864777919963     
  9.40E-04  7.37E-01  4.25E-01  2.02E-01  2.12E-01  2.08E-01  1.65E-01  1.45E-01
  1.22E-01  1.20E-01  9.05E-02  7.66E-02  7.36E-02  6.55E-02  5.89E-02  4.75E-02
  4.68E-02  3.97E-02  3.22E-02  2.61E-02  2.37E-02  2.08E-02  1.59E-02  1.35E-02
  1.08E-02  9.33E-03  7.16E-03  5.77E-03  4.70E-03  3.68E-03  2.86E-03  2.19E-03
  1.63E-03  1.26E-03  9.62E-04  6.80E-04  5.16E-04  3.69E-04  2.62E-04  1.79E-04
  1.22E-04  8.63E-05  5.66E-05  3.78E-05  2.44E-05  1.65E-05  1.04E-05  6.81E-06
  4.45E-06  2.85E-06  1.75E-06  1.06E-06  6.55E-07  3.81E-07  2.23E-07  1.27E-07
  7.21E-08  4.07E-08  2.19E-08  1.17E-08  6.43E-09  3.36E-09  1.79E-09  9.17E-10
   92.013643113988351     
  9.95E-04  7.43E-01  4.19E-01  1.98E-01  2.09E-01  2.00E-01  1.63E-01  1.41E-01
  1.22E-01  1.19E-01  9.02E-02  7.40E-02  7.25E-02  6.46E-02  5.72E-02  4.54E-02
  4.62E-02  3.85E-02  3.15E-02  2.54E-02  2.24E-02  1.98E-02  1.53E-02  1.31E-02
  1.02E-02  8.88E-03  6.81E-03  5.32E-03  4.29E-03  3.33E-03  2.63E-03  2.05E-03
  1.46E-03  1.15E-03  8.69E-04  6.23E-04  4.69E-04  3.33E-04  2.43E-04  1.64E-04
  1.12E-04  7.74E-05  5.07E-05  3.39E-05  2.12E-05  1.42E-05  8.64E-06  5.49E-06
  3.57E-06  2.22E-06  1.35E-06  8.16E-07  5.01E-07  2.94E-07  1.70E-07  9.58E-08
  5.40E-08  3.00E-08  1.58E-08  8.13E-09  4.38E-09  2.23E-09  1.13E-09  5.70E-10
   94.015670415952158     
  1.06E-03  7.51E-01  4.14E-01  1.93E-01  2.06E-01  1.93E-01  1.61E-01  1.37E-01
  1.20E-01  1.19E-01  8.97E-02  7.20E-02  7.13E-02  6.40E-02  5.52E-02  4.37E-02
  4.50E-02  3.73E-02  3.10E-02  2.46E-02  2.14E-02  1.88E-02  1.49E-02  1.26E-02
  9.69E-03  8.45E-03  6.48E-03  4.98E-03  3.93E-03  3.04E-03  2.35E-03  1.88E-03
  1.33E-03  1.03E-03  7.70E-04  5.54E-04  4.17E-04  2.93E-04  2.16E-04  1.48E-04
  1.01E-04  6.88E-05  4.50E-05  3.01E-05  1.87E-05  1.21E-05  7.33E-06  4.59E-06
  2.89E-06  1.74E-06  1.02E-06  6.08E-07  3.64E-07  2.12E-07  1.21E-07  6.77E-08
  3.79E-08  2.10E-08  1.08E-08  5.56E-09  2.97E-09  1.51E-09  7.46E-10  3.76E-10
   96.018952638944441     
  1.12E-03  7.57E-01  4.09E-01  1.88E-01  2.04E-01  1.86E-01  1.59E-01  1.33E-01
  1.19E-01  1.19E-01  8.90E-02  7.11E-02  6.95E-02  6.38E-02  5.32E-02  4.22E-02
  4.37E-02  3.64E-02  3.04E-02  2.40E-02  2.06E-02  1.78E-02  1.45E-02  1.21E-02
  9.37E-03  7.99E-03  6.20E-03  4.72E-03  3.66E-03  2.80E-03  2.12E-03  1.71E-03
  1.23E-03  9.29E-04  6.81E-04  4.92E-04  3.73E-04  2.57E-04  1.90E-04  1.31E-04
  9.19E-05  6.22E-05  3.98E-05  2.67E-05  1.69E-05  1.09E-05  6.48E-06  4.01E-06
  2.46E-06  1.45E-06  8.37E-07  4.81E-07  2.80E-07  1.57E-07  8.68E-08  4.83E-08
  2.66E-08  1.46E-08  7.46E-09  3.86E-09  2.07E-09  1.04E-09  5.26E-10  2.68E-10
   98.022564442034067     
  1.18E-03  7.63E-01  4.05E-01  1.83E-01  2.02E-01  1.79E-01  1.58E-01  1.30E-01
  1.16E-01  1.19E-01  8.80E-02  7.14E-02  6.76E-02  6.34E-02  5.18E-02  4.04E-02
  4.24E-02  3.59E-02  2.96E-02  2.36E-02  2.00E-02  1.71E-02  1.39E-02  1.17E-02
  9.10E-03  7.56E-03  5.90E-03  4.53E-03  3.44E-03  2.61E-03  1.96E-03  1.56E-03
  1.14E-03  8.56E-04  6.10E-04  4.34E-04  3.32E-04  2.28E-04  1.67E-04  1.14E-04
  8.13E-05  5.55E-05  3.59E-05  2.39E-05  1.48E-05  9.82E-06  5.83E-06  3.58E-06
  2.17E-06  1.27E-06  7.23E-07  4.05E-07  2.34E-07  1.26E-07  6.77E-08  3.64E-08
  1.97E-08  1.06E-08  5.37E-09  2.78E-09  1.51E-09  7.57E-10  3.95E-10  2.06E-10
   100.01430704147901     
  1.24E-03  7.69E-01  4.02E-01  1.78E-01  1.99E-01  1.72E-01  1.56E-01  1.27E-01
  1.14E-01  1.20E-01  8.67E-02  7.20E-02  6.62E-02  6.21E-02  5.13E-02  3.89E-02
  4.09E-02  3.52E-02  2.86E-02  2.31E-02  1.94E-02  1.67E-02  1.31E-02  1.14E-02
  8.75E-03  7.28E-03  5.59E-03  4.31E-03  3.29E-03  2.44E-03  1.83E-03  1.42E-03
  1.03E-03  7.91E-04  5.60E-04  3.86E-04  2.88E-04  2.00E-04  1.48E-04  9.79E-05
  7.01E-05  4.79E-05  3.13E-05  2.10E-05  1.28E-05  8.50E-06  5.03E-06  3.08E-06
  1.87E-06  1.09E-06  6.22E-07  3.43E-07  1.94E-07  1.05E-07  5.56E-08  2.94E-08
  1.54E-08  8.18E-09  4.16E-09  2.16E-09  1.18E-09  6.11E-10  3.26E-10  1.75E-10
   102.01882216038022     
  1.30E-03  7.75E-01  3.99E-01  1.74E-01  1.97E-01  1.66E-01  1.54E-01  1.24E-01
  1.12E-01  1.19E-01  8.51E-02  7.21E-02  6.54E-02  6.02E-02  5.12E-02  3.82E-02
  3.95E-02  3.40E-02  2.75E-02  2.25E-02  1.89E-02  1.62E-02  1.26E-02  1.10E-02
  8.40E-03  7.02E-03  5.30E-03  4.00E-03  3.18E-03  2.28E-03  1.72E-03  1.29E-03
  9.24E-04  7.15E-04  5.19E-04  3.46E-04  2.53E-04  1.73E-04  1.29E-04  8.38E-05
  5.97E-05  4.10E-05  2.63E-05  1.76E-05  1.10E-05  7.26E-06  4.25E-06  2.61E-06
  1.56E-06  9.27E-07  5.24E-07  2.90E-07  1.63E-07  8.81E-08  4.69E-08  2.49E-08
  1.31E-08  7.08E-09  3.63E-09  1.91E-09  1.09E-09  5.91E-10  3.25E-10  1.81E-10
   104.01202706594255     
  1.36E-03  7.81E-01  3.95E-01  1.71E-01  1.95E-01  1.60E-01  1.53E-01  1.22E-01
  1.10E-01  1.18E-01  8.38E-02  7.16E-02  6.54E-02  5.82E-02  5.11E-02  3.80E-02
  3.85E-02  3.25E-02  2.67E-02  2.17E-02  1.85E-02  1.55E-02  1.22E-02  1.06E-02
  8.19E-03  6.74E-03  5.07E-03  3.70E-03  3.05E-03  2.15E-03  1.61E-03  1.20E-03
  8.46E-04  6.40E-04  4.73E-04  3.20E-04  2.27E-04  1.53E-04  1.11E-04  7.28E-05
  5.13E-05  3.51E-05  2.23E-05  1.49E-05  9.40E-06  6.16E-06  3.64E-06  2.24E-06
  1.33E-06  8.02E-07  4.52E-07  2.49E-07  1.42E-07  7.85E-08  4.26E-08  2.28E-08
  1.25E-08  7.02E-09  3.73E-09  2.02E-09  1.22E-09  6.89E-10  3.90E-10  2.26E-10
   106.01701329383803     
  1.42E-03  7.86E-01  3.91E-01  1.68E-01  1.93E-01  1.55E-01  1.52E-01  1.20E-01
  1.08E-01  1.16E-01  8.29E-02  7.06E-02  6.56E-02  5.64E-02  5.06E-02  3.78E-02
  3.79E-02  3.10E-02  2.61E-02  2.09E-02  1.80E-02  1.50E-02  1.18E-02  1.00E-02
  8.00E-03  6.47E-03  4.89E-03  3.47E-03  2.85E-03  2.05E-03  1.50E-03  1.12E-03
  7.86E-04  5.82E-04  4.22E-04  2.91E-04  2.07E-04  1.39E-04  9.70E-05  6.31E-05
  4.41E-05  3.04E-05  1.91E-05  1.26E-05  7.95E-06  5.21E-06  3.08E-06  1.91E-06
  1.14E-06  6.96E-07  3.96E-07  2.20E-07  1.27E-07  7.16E-08  3.99E-08  2.19E-08
  1.26E-08  7.40E-09  4.12E-09  2.31E-09  1.47E-09  8.62E-10  5.03E-10  2.98E-10
   108.02250832030910     
  1.46E-03  7.92E-01  3.88E-01  1.64E-01  1.92E-01  1.51E-01  1.50E-01  1.18E-01
  1.06E-01  1.15E-01  8.25E-02  6.94E-02  6.55E-02  5.52E-02  4.95E-02  3.77E-02
  3.73E-02  2.99E-02  2.53E-02  2.01E-02  1.74E-02  1.45E-02  1.14E-02  9.52E-03
  7.73E-03  6.22E-03  4.76E-03  3.32E-03  2.63E-03  1.94E-03  1.40E-03  1.05E-03
  7.33E-04  5.35E-04  3.77E-04  2.58E-04  1.85E-04  1.25E-04  8.58E-05  5.55E-05
  3.81E-05  2.60E-05  1.64E-05  1.08E-05  6.72E-06  4.35E-06  2.60E-06  1.61E-06
  9.65E-07  5.89E-07  3.39E-07  1.93E-07  1.13E-07  6.50E-08  3.71E-08  2.11E-08
  1.25E-08  7.65E-09  4.44E-09  2.59E-09  1.71E-09  1.03E-09  6.18E-10  3.72E-10
   110.01595820096531     
  1.50E-03  7.98E-01  3.85E-01  1.60E-01  1.90E-01  1.47E-01  1.48E-01  1.17E-01
  1.03E-01  1.13E-01  8.26E-02  6.80E-02  6.52E-02  5.45E-02  4.81E-02  3.76E-02
  3.65E-02  2.94E-02  2.44E-02  1.95E-02  1.68E-02  1.40E-02  1.10E-02  9.17E-03
  7.38E-03  6.03E-03  4.64E-03  3.24E-03  2.45E-03  1.82E-03  1.32E-03  9.74E-04
  6.84E-04  4.95E-04  3.43E-04  2.31E-04  1.65E-04  1.12E-04  7.71E-05  4.92E-05
  3.38E-05  2.23E-05  1.43E-05  9.33E-06  5.83E-06  3.72E-06  2.22E-06  1.38E-06
  8.33E-07  5.06E-07  2.93E-07  1.69E-07  1.01E-07  5.89E-08  3.45E-08  2.00E-08
  1.22E-08  7.63E-09  4.55E-09  2.72E-09  1.83E-09  1.13E-09  6.88E-10  4.22E-10
   112.02182434772368     
  1.53E-03  8.02E-01  3.83E-01  1.56E-01  1.88E-01  1.44E-01  1.45E-01  1.16E-01
  1.01E-01  1.11E-01  8.27E-02  6.65E-02  6.48E-02  5.39E-02  4.69E-02  3.75E-02
  3.57E-02  2.92E-02  2.35E-02  1.89E-02  1.64E-02  1.35E-02  1.06E-02  8.87E-03
  7.02E-03  5.83E-03  4.48E-03  3.19E-03  2.35E-03  1.71E-03  1.25E-03  9.14E-04
  6.35E-04  4.60E-04  3.17E-04  2.10E-04  1.48E-04  9.88E-05  6.88E-05  4.41E-05
  3.00E-05  1.97E-05  1.26E-05  8.16E-06  5.15E-06  3.27E-06  1.94E-06  1.21E-06
  7.30E-07  4.47E-07  2.59E-07  1.50E-07  8.96E-08  5.30E-08  3.17E-08  1.86E-08
  1.15E-08  7.28E-09  4.39E-09  2.65E-09  1.79E-09  1.11E-09  6.86E-10  4.24E-10
   114.01697518974935     
  1.56E-03  8.07E-01  3.80E-01  1.54E-01  1.87E-01  1.41E-01  1.43E-01  1.14E-01
  9.86E-02  1.09E-01  8.23E-02  6.52E-02  6.40E-02  5.34E-02  4.60E-02  3.72E-02
  3.49E-02  2.90E-02  2.28E-02  1.83E-02  1.60E-02  1.29E-02  1.00E-02  8.45E-03
  6.68E-03  5.59E-03  4.24E-03  3.10E-03  2.30E-03  1.62E-03  1.18E-03  8.59E-04
  5.86E-04  4.24E-04  2.91E-04  1.91E-04  1.33E-04  8.69E-05  5.99E-05  3.86E-05
  2.60E-05  1.72E-05  1.08E-05  7.00E-06  4.42E-06  2.81E-06  1.67E-06  1.03E-06
  6.22E-07  3.84E-07  2.25E-07  1.31E-07  7.84E-08  4.67E-08  2.80E-08  1.66E-08
  1.03E-08  6.59E-09  4.01E-09  2.44E-09  1.64E-09  1.02E-09  6.29E-10  3.91E-10
   116.01186741371606     
  1.59E-03  8.12E-01  3.77E-01  1.51E-01  1.86E-01  1.39E-01  1.40E-01  1.13E-01
  9.63E-02  1.08E-01  8.17E-02  6.42E-02  6.29E-02  5.28E-02  4.56E-02  3.67E-02
  3.39E-02  2.87E-02  2.23E-02  1.77E-02  1.56E-02  1.24E-02  9.55E-03  7.96E-03
  6.33E-03  5.34E-03  4.01E-03  2.94E-03  2.24E-03  1.54E-03  1.12E-03  8.04E-04
  5.42E-04  3.88E-04  2.64E-04  1.74E-04  1.18E-04  7.74E-05  5.15E-05  3.30E-05
  2.22E-05  1.47E-05  9.21E-06  5.90E-06  3.71E-06  2.36E-06  1.41E-06  8.68E-07
  5.21E-07  3.24E-07  1.90E-07  1.12E-07  6.78E-08  4.12E-08  2.48E-08  1.48E-08
  9.29E-09  5.98E-09  3.67E-09  2.25E-09  1.50E-09  9.39E-10  5.80E-10  3.62E-10
   118.01954307563676     
  1.60E-03  8.17E-01  3.74E-01  1.48E-01  1.84E-01  1.38E-01  1.37E-01  1.12E-01
  9.39E-02  1.06E-01  8.09E-02  6.34E-02  6.19E-02  5.22E-02  4.53E-02  3.60E-02
  3.30E-02  2.83E-02  2.21E-02  1.72E-02  1.51E-02  1.21E-02  9.13E-03  7.52E-03
  5.96E-03  5.07E-03  3.83E-03  2.78E-03  2.16E-03  1.48E-03  1.08E-03  7.59E-04
  5.06E-04  3.61E-04  2.43E-04  1.59E-04  1.06E-04  6.97E-05  4.49E-05  2.86E-05
  1.89E-05  1.25E-05  7.79E-06  5.01E-06  3.13E-06  1.99E-06  1.19E-06  7.45E-07
  4.48E-07  2.78E-07  1.64E-07  9.72E-08  5.94E-08  3.66E-08  2.23E-08  1.34E-08
  8.48E-09  5.46E-09  3.35E-09  2.07E-09  1.38E-09  8.63E-10  5.33E-10  3.33E-10
   120.01548905410577     
  1.61E-03  8.21E-01  3.71E-01  1.46E-01  1.83E-01  1.37E-01  1.33E-01  1.12E-01
  9.17E-02  1.05E-01  8.01E-02  6.28E-02  6.09E-02  5.16E-02  4.49E-02  3.55E-02
  3.22E-02  2.79E-02  2.20E-02  1.69E-02  1.45E-02  1.18E-02  8.77E-03  7.19E-03
  5.60E-03  4.78E-03  3.68E-03  2.68E-03  2.06E-03  1.43E-03  1.05E-03  7.28E-04
  4.81E-04  3.44E-04  2.28E-04  1.49E-04  9.75E-05  6.36E-05  4.06E-05  2.54E-05
  1.64E-05  1.07E-05  6.57E-06  4.24E-06  2.63E-06  1.68E-06  1.00E-06  6.36E-07
  3.84E-07  2.38E-07  1.42E-07  8.37E-08  5.10E-08  3.14E-08  1.91E-08  1.15E-08
  7.27E-09  4.65E-09  2.85E-09  1.75E-09  1.16E-09  7.21E-10  4.44E-10  2.76E-10
   122.01182640950074     
  1.61E-03  8.24E-01  3.69E-01  1.44E-01  1.81E-01  1.37E-01  1.30E-01  1.11E-01
  8.98E-02  1.04E-01  7.94E-02  6.21E-02  5.98E-02  5.11E-02  4.43E-02  3.51E-02
  3.16E-02  2.73E-02  2.17E-02  1.67E-02  1.40E-02  1.15E-02  8.46E-03  6.91E-03
  5.27E-03  4.46E-03  3.50E-03  2.60E-03  1.95E-03  1.37E-03  1.00E-03  7.02E-04
  4.62E-04  3.27E-04  2.16E-04  1.41E-04  9.15E-05  5.83E-05  3.73E-05  2.27E-05
  1.45E-05  9.16E-06  5.51E-06  3.50E-06  2.17E-06  1.38E-06  8.12E-07  5.15E-07
  3.12E-07  1.93E-07  1.16E-07  6.82E-08  4.12E-08  2.52E-08  1.53E-08  9.12E-09
  5.71E-09  3.64E-09  2.21E-09  1.35E-09  8.85E-10  5.46E-10  3.35E-10  2.07E-10
   124.02069882397409     
  1.61E-03  8.28E-01  3.66E-01  1.43E-01  1.80E-01  1.36E-01  1.27E-01  1.10E-01
  8.83E-02  1.02E-01  7.84E-02  6.14E-02  5.86E-02  5.07E-02  4.33E-02  3.48E-02
  3.10E-02  2.66E-02  2.14E-02  1.65E-02  1.35E-02  1.12E-02  8.19E-03  6.63E-03
  4.99E-03  4.13E-03  3.29E-03  2.48E-03  1.82E-03  1.31E-03  9.40E-04  6.74E-04
  4.42E-04  3.10E-04  2.04E-04  1.32E-04  8.60E-05  5.34E-05  3.42E-05  2.03E-05
  1.28E-05  7.84E-06  4.64E-06  2.86E-06  1.75E-06  1.10E-06  6.35E-07  3.99E-07
  2.41E-07  1.49E-07  8.92E-08  5.28E-08  3.19E-08  1.93E-08  1.17E-08  6.95E-09
  4.32E-09  2.74E-09  1.66E-09  1.01E-09  6.54E-10  4.01E-10  2.45E-10  1.51E-10
   126.01774369094289     
  1.61E-03  8.32E-01  3.63E-01  1.42E-01  1.78E-01  1.36E-01  1.24E-01  1.09E-01
  8.71E-02  1.01E-01  7.72E-02  6.07E-02  5.71E-02  5.02E-02  4.23E-02  3.44E-02
  3.07E-02  2.60E-02  2.10E-02  1.62E-02  1.32E-02  1.08E-02  7.94E-03  6.41E-03
  4.76E-03  3.86E-03  3.05E-03  2.35E-03  1.70E-03  1.23E-03  8.80E-04  6.39E-04
  4.23E-04  2.96E-04  1.93E-04  1.23E-04  8.15E-05  4.98E-05  3.17E-05  1.84E-05
  1.15E-05  6.84E-06  3.99E-06  2.41E-06  1.44E-06  8.88E-07  5.04E-07  3.13E-07
  1.87E-07  1.15E-07  6.88E-08  4.07E-08  2.49E-08  1.50E-08  9.12E-09  5.39E-09
  3.34E-09  2.10E-09  1.27E-09  7.65E-10  4.92E-10  3.01E-10  1.83E-10  1.13E-10
   128.01502362305155     
  1.59E-03  8.35E-01  3.60E-01  1.41E-01  1.76E-01  1.36E-01  1.21E-01  1.08E-01
  8.60E-02  9.99E-02  7.61E-02  6.00E-02  5.58E-02  4.96E-02  4.14E-02  3.39E-02
  3.04E-02  2.55E-02  2.06E-02  1.59E-02  1.29E-02  1.05E-02  7.70E-03  6.23E-03
  4.58E-03  3.66E-03  2.84E-03  2.20E-03  1.60E-03  1.16E-03  8.31E-04  5.97E-04
  4.04E-04  2.83E-04  1.84E-04  1.15E-04  7.72E-05  4.76E-05  3.01E-05  1.71E-05
  1.07E-05  6.27E-06  3.56E-06  2.11E-06  1.23E-06  7.44E-07  4.17E-07  2.57E-07
  1.52E-07  9.30E-08  5.49E-08  3.24E-08  1.99E-08  1.19E-08  7.31E-09  4.31E-09
  2.67E-09  1.67E-09  1.00E-09  6.02E-10  3.82E-10  2.33E-10  1.41E-10  8.64E-11
   130.01285309990487     
  1.57E-03  8.39E-01  3.57E-01  1.41E-01  1.75E-01  1.35E-01  1.18E-01  1.07E-01
  8.49E-02  9.82E-02  7.51E-02  5.93E-02  5.49E-02  4.88E-02  4.08E-02  3.32E-02
  3.02E-02  2.51E-02  2.02E-02  1.55E-02  1.27E-02  1.02E-02  7.48E-03  6.02E-03
  4.44E-03  3.49E-03  2.64E-03  2.04E-03  1.52E-03  1.09E-03  7.85E-04  5.56E-04
  3.80E-04  2.69E-04  1.76E-04  1.09E-04  7.28E-05  4.56E-05  2.90E-05  1.64E-05
  1.02E-05  5.95E-06  3.30E-06  1.94E-06  1.10E-06  6.54E-07  3.61E-07  2.17E-07
  1.29E-07  7.78E-08  4.55E-08  2.69E-08  1.63E-08  9.82E-09  5.98E-09  3.54E-09
  2.19E-09  1.37E-09  8.16E-10  4.88E-10  3.08E-10  1.86E-10  1.12E-10  6.86E-11
   132.02301981223536     
  1.55E-03  8.42E-01  3.54E-01  1.41E-01  1.73E-01  1.35E-01  1.15E-01  1.07E-01
  8.39E-02  9.64E-02  7.41E-02  5.86E-02  5.42E-02  4.79E-02  4.03E-02  3.24E-02
  3.00E-02  2.46E-02  1.97E-02  1.52E-02  1.25E-02  9.91E-03  7.27E-03  5.83E-03
  4.27E-03  3.34E-03  2.49E-03  1.89E-03  1.44E-03  1.02E-03  7.38E-04  5.20E-04
  3.54E-04  2.52E-04  1.67E-04  1.04E-04  6.93E-05  4.32E-05  2.78E-05  1.59E-05
  9.76E-06  5.74E-06  3.17E-06  1.83E-06  1.02E-06  6.00E-07  3.26E-07  1.92E-07
  1.14E-07  6.72E-08  3.92E-08  2.31E-08  1.39E-08  8.36E-09  5.05E-09  3.01E-09
  1.85E-09  1.15E-09  6.85E-10  4.10E-10  2.58E-10  1.55E-10  9.35E-11  5.67E-11
   134.02173914646539     
  1.53E-03  8.45E-01  3.52E-01  1.41E-01  1.71E-01  1.35E-01  1.12E-01  1.06E-01
  8.30E-02  9.47E-02  7.31E-02  5.78E-02  5.34E-02  4.71E-02  3.99E-02  3.17E-02
  2.98E-02  2.42E-02  1.91E-02  1.48E-02  1.23E-02  9.70E-03  7.06E-03  5.67E-03
  4.09E-03  3.23E-03  2.37E-03  1.76E-03  1.35E-03  9.51E-04  6.91E-04  4.87E-04
  3.28E-04  2.36E-04  1.56E-04  9.92E-05  6.62E-05  4.06E-05  2.64E-05  1.53E-05
  9.40E-06  5.54E-06  3.07E-06  1.76E-06  9.75E-07  5.63E-07  3.03E-07  1.77E-07
  1.03E-07  6.00E-08  3.51E-08  2.04E-08  1.23E-08  7.33E-09  4.40E-09  2.64E-09
  1.60E-09  1.00E-09  5.89E-10  3.55E-10  2.21E-10  1.32E-10  8.03E-11  4.83E-11
   136.02009692679084     
  1.50E-03  8.47E-01  3.49E-01  1.42E-01  1.69E-01  1.34E-01  1.10E-01  1.06E-01
  8.23E-02  9.31E-02  7.20E-02  5.70E-02  5.27E-02  4.63E-02  3.95E-02  3.11E-02
  2.95E-02  2.39E-02  1.85E-02  1.44E-02  1.20E-02  9.51E-03  6.87E-03  5.51E-03
  3.92E-03  3.16E-03  2.27E-03  1.64E-03  1.27E-03  8.91E-04  6.44E-04  4.54E-04
  3.03E-04  2.21E-04  1.45E-04  9.25E-05  6.22E-05  3.77E-05  2.46E-05  1.44E-05
  8.89E-06  5.25E-06  2.90E-06  1.67E-06  9.23E-07  5.28E-07  2.80E-07  1.62E-07
  9.36E-08  5.40E-08  3.18E-08  1.82E-08  1.10E-08  6.52E-09  3.88E-09  2.33E-09
  1.40E-09  8.77E-10  5.11E-10  3.09E-10  1.90E-10  1.14E-10  6.95E-11  4.13E-11
   138.01817134086150     
  1.48E-03  8.50E-01  3.45E-01  1.43E-01  1.68E-01  1.34E-01  1.09E-01  1.05E-01
  8.15E-02  9.14E-02  7.08E-02  5.61E-02  5.21E-02  4.55E-02  3.89E-02  3.05E-02
  2.91E-02  2.35E-02  1.80E-02  1.40E-02  1.16E-02  9.33E-03  6.69E-03  5.32E-03
  3.78E-03  3.09E-03  2.17E-03  1.54E-03  1.19E-03  8.32E-04  5.99E-04  4.23E-04
  2.78E-04  2.02E-04  1.33E-04  8.51E-05  5.74E-05  3.47E-05  2.26E-05  1.32E-05
  8.21E-06  4.87E-06  2.67E-06  1.55E-06  8.54E-07  4.91E-07  2.58E-07  1.48E-07
  8.52E-08  4.84E-08  2.88E-08  1.62E-08  9.84E-09  5.79E-09  3.43E-09  2.06E-09
  1.22E-09  7.71E-10  4.44E-10  2.69E-10  1.64E-10  9.75E-11  6.04E-11  3.55E-11
   140.01677466316511     
  1.44E-03  8.53E-01  3.42E-01  1.44E-01  1.66E-01  1.34E-01  1.07E-01  1.05E-01
  8.08E-02  8.96E-02  6.94E-02  5.52E-02  5.17E-02  4.47E-02  3.83E-02  3.00E-02
  2.86E-02  2.31E-02  1.77E-02  1.36E-02  1.13E-02  9.15E-03  6.52E-03  5.15E-03
  3.69E-03  2.99E-03  2.08E-03  1.45E-03  1.12E-03  7.75E-04  5.58E-04  3.94E-04
  2.58E-04  1.83E-04  1.21E-04  7.78E-05  5.27E-05  3.20E-05  2.09E-05  1.21E-05
  7.56E-06  4.54E-06  2.48E-06  1.44E-06  7.97E-07  4.62E-07  2.42E-07  1.38E-07
  7.91E-08  4.41E-08  2.64E-08  1.45E-08  8.85E-09  5.17E-09  3.03E-09  1.84E-09
  1.07E-09  6.82E-10  3.88E-10  2.35E-10  1.43E-10  8.40E-11  5.28E-11  3.05E-11
   142.01627413107968     
  1.40E-03  8.55E-01  3.39E-01  1.46E-01  1.63E-01  1.33E-01  1.05E-01  1.04E-01
  8.05E-02  8.79E-02  6.79E-02  5.45E-02  5.15E-02  4.39E-02  3.76E-02  2.96E-02
  2.81E-02  2.26E-02  1.74E-02  1.33E-02  1.10E-02  8.93E-03  6.36E-03  5.02E-03
  3.64E-03  2.87E-03  2.01E-03  1.40E-03  1.05E-03  7.22E-04  5.21E-04  3.70E-04
  2.42E-04  1.69E-04  1.11E-04  7.12E-05  4.83E-05  2.96E-05  1.94E-05  1.13E-05
  7.06E-06  4.31E-06  2.37E-06  1.38E-06  7.62E-07  4.42E-07  2.31E-07  1.31E-07
  7.47E-08  4.06E-08  2.44E-08  1.30E-08  7.91E-09  4.54E-09  2.63E-09  1.61E-09
  9.13E-10  5.89E-10  3.29E-10  2.00E-10  1.21E-10  7.03E-11  4.50E-11  2.55E-11
   144.01603979654573     
  1.37E-03  8.56E-01  3.36E-01  1.48E-01  1.62E-01  1.33E-01  1.03E-01  1.04E-01
  8.03E-02  8.63E-02  6.62E-02  5.40E-02  5.14E-02  4.30E-02  3.68E-02  2.93E-02
  2.76E-02  2.22E-02  1.72E-02  1.29E-02  1.08E-02  8.65E-03  6.22E-03  4.90E-03
  3.58E-03  2.74E-03  1.97E-03  1.37E-03  9.95E-04  6.77E-04  4.86E-04  3.48E-04
  2.28E-04  1.57E-04  1.02E-04  6.50E-05  4.38E-05  2.68E-05  1.78E-05  1.05E-05
  6.54E-06  4.00E-06  2.20E-06  1.29E-06  7.14E-07  4.12E-07  2.14E-07  1.21E-07
  6.81E-08  3.61E-08  2.16E-08  1.12E-08  6.74E-09  3.80E-09  2.16E-09  1.33E-09
  7.35E-10  4.76E-10  2.62E-10  1.59E-10  9.67E-11  5.54E-11  3.58E-11  2.01E-11
   146.01539915081148     
  1.33E-03  8.58E-01  3.33E-01  1.50E-01  1.60E-01  1.33E-01  1.02E-01  1.03E-01
  8.02E-02  8.48E-02  6.44E-02  5.35E-02  5.13E-02  4.21E-02  3.60E-02  2.90E-02
  2.72E-02  2.18E-02  1.70E-02  1.26E-02  1.06E-02  8.31E-03  6.07E-03  4.75E-03
  3.47E-03  2.63E-03  1.91E-03  1.33E-03  9.45E-04  6.42E-04  4.50E-04  3.25E-04
  2.12E-04  1.45E-04  9.44E-05  5.88E-05  3.93E-05  2.40E-05  1.57E-05  9.41E-06
  5.82E-06  3.56E-06  1.95E-06  1.14E-06  6.28E-07  3.62E-07  1.87E-07  1.05E-07
  5.85E-08  3.05E-08  1.79E-08  9.24E-09  5.47E-09  3.06E-09  1.70E-09  1.05E-09
  5.73E-10  3.67E-10  2.02E-10  1.22E-10  7.43E-11  4.24E-11  2.73E-11  1.54E-11
   148.01454532899510     
  1.29E-03  8.60E-01  3.30E-01  1.52E-01  1.57E-01  1.33E-01  1.00E-01  1.02E-01
  8.02E-02  8.36E-02  6.26E-02  5.30E-02  5.10E-02  4.14E-02  3.52E-02  2.84E-02
  2.69E-02  2.13E-02  1.67E-02  1.22E-02  1.04E-02  7.98E-03  5.92E-03  4.58E-03
  3.35E-03  2.55E-03  1.84E-03  1.29E-03  9.08E-04  6.12E-04  4.18E-04  3.03E-04
  1.97E-04  1.34E-04  8.69E-05  5.31E-05  3.53E-05  2.15E-05  1.37E-05  8.21E-06
  5.07E-06  3.10E-06  1.70E-06  9.91E-07  5.43E-07  3.11E-07  1.60E-07  8.90E-08
  4.97E-08  2.56E-08  1.49E-08  7.63E-09  4.45E-09  2.48E-09  1.37E-09  8.37E-10
  4.56E-10  2.88E-10  1.60E-10  9.55E-11  5.82E-11  3.33E-11  2.12E-11  1.21E-11
   150.01407258393456     
  1.25E-03  8.61E-01  3.27E-01  1.54E-01  1.55E-01  1.33E-01  9.85E-02  1.01E-01
  8.02E-02  8.24E-02  6.09E-02  5.26E-02  5.07E-02  4.08E-02  3.45E-02  2.78E-02
  2.66E-02  2.09E-02  1.64E-02  1.20E-02  1.02E-02  7.72E-03  5.76E-03  4.43E-03
  3.24E-03  2.49E-03  1.76E-03  1.24E-03  8.81E-04  5.89E-04  3.94E-04  2.83E-04
  1.84E-04  1.25E-04  8.05E-05  4.87E-05  3.22E-05  1.94E-05  1.21E-05  7.20E-06
  4.46E-06  2.71E-06  1.51E-06  8.77E-07  4.82E-07  2.74E-07  1.41E-07  7.77E-08
  4.33E-08  2.22E-08  1.27E-08  6.52E-09  3.72E-09  2.07E-09  1.13E-09  6.84E-10
  3.76E-10  2.32E-10  1.31E-10  7.74E-11  4.70E-11  2.71E-11  1.69E-11  9.89E-12
   152.01419136903201     
  1.21E-03  8.62E-01  3.24E-01  1.56E-01  1.53E-01  1.33E-01  9.67E-02  9.99E-02
  8.03E-02  8.13E-02  5.95E-02  5.21E-02  5.02E-02  4.03E-02  3.41E-02  2.70E-02
  2.63E-02  2.04E-02  1.60E-02  1.19E-02  9.99E-03  7.53E-03  5.59E-03  4.30E-03
  3.15E-03  2.42E-03  1.68E-03  1.20E-03  8.55E-04  5.65E-04  3.76E-04  2.67E-04
  1.73E-04  1.18E-04  7.48E-05  4.49E-05  2.95E-05  1.75E-05  1.09E-05  6.36E-06
  3.92E-06  2.38E-06  1.33E-06  7.73E-07  4.31E-07  2.44E-07  1.25E-07  6.85E-08
  3.79E-08  1.94E-08  1.09E-08  5.60E-09  3.13E-09  1.74E-09  9.38E-10  5.57E-10
  3.10E-10  1.88E-10  1.07E-10  6.33E-11  3.80E-11  2.23E-11  1.36E-11  8.09E-12
   154.01468452225689     
  1.17E-03  8.63E-01  3.22E-01  1.58E-01  1.51E-01  1.33E-01  9.47E-02  9.89E-02
  8.04E-02  8.02E-02  5.84E-02  5.15E-02  4.97E-02  3.99E-02  3.38E-02  2.64E-02
  2.59E-02  1.99E-02  1.57E-02  1.18E-02  9.74E-03  7.40E-03  5.39E-03  4.19E-03
  3.06E-03  2.33E-03  1.61E-03  1.16E-03  8.22E-04  5.40E-04  3.60E-04  2.53E-04
  1.62E-04  1.10E-04  6.95E-05  4.13E-05  2.68E-05  1.58E-05  9.77E-06  5.62E-06
  3.41E-06  2.05E-06  1.15E-06  6.65E-07  3.73E-07  2.11E-07  1.09E-07  5.91E-08
  3.24E-08  1.66E-08  9.08E-09  4.71E-09  2.58E-09  1.42E-09  7.68E-10  4.44E-10
  2.52E-10  1.49E-10  8.55E-11  5.11E-11  3.01E-11  1.81E-11  1.09E-11  6.48E-12
   156.01518052894818     
  1.13E-03  8.64E-01  3.19E-01  1.60E-01  1.49E-01  1.34E-01  9.28E-02  9.78E-02
  8.04E-02  7.93E-02  5.75E-02  5.07E-02  4.90E-02  3.95E-02  3.34E-02  2.59E-02
  2.53E-02  1.95E-02  1.53E-02  1.17E-02  9.47E-03  7.30E-03  5.22E-03  4.09E-03
  2.96E-03  2.23E-03  1.56E-03  1.12E-03  7.86E-04  5.20E-04  3.45E-04  2.39E-04
  1.52E-04  1.03E-04  6.47E-05  3.83E-05  2.42E-05  1.43E-05  8.71E-06  4.97E-06
  2.97E-06  1.75E-06  9.70E-07  5.59E-07  3.13E-07  1.77E-07  9.16E-08  4.96E-08
  2.69E-08  1.39E-08  7.44E-09  3.86E-09  2.09E-09  1.14E-09  6.18E-10  3.49E-10
  2.01E-10  1.18E-10  6.70E-11  4.06E-11  2.35E-11  1.43E-11  8.54E-12  5.08E-12
   158.01546412030308     
  1.08E-03  8.65E-01  3.17E-01  1.62E-01  1.47E-01  1.34E-01  9.10E-02  9.67E-02
  8.04E-02  7.87E-02  5.67E-02  4.99E-02  4.82E-02  3.91E-02  3.29E-02  2.56E-02
  2.47E-02  1.91E-02  1.50E-02  1.16E-02  9.18E-03  7.21E-03  5.09E-03  4.00E-03
  2.87E-03  2.14E-03  1.50E-03  1.08E-03  7.57E-04  5.02E-04  3.32E-04  2.26E-04
  1.45E-04  9.57E-05  6.05E-05  3.57E-05  2.22E-05  1.30E-05  7.78E-06  4.41E-06
  2.60E-06  1.50E-06  8.19E-07  4.65E-07  2.60E-07  1.47E-07  7.55E-08  4.09E-08
  2.20E-08  1.14E-08  6.04E-09  3.13E-09  1.68E-09  9.14E-10  4.96E-10  2.76E-10
  1.59E-10  9.35E-11  5.25E-11  3.20E-11  1.85E-11  1.12E-11  6.74E-12  3.96E-12
   160.01569464590358     
  1.04E-03  8.65E-01  3.15E-01  1.64E-01  1.45E-01  1.34E-01  8.93E-02  9.57E-02
  8.02E-02  7.82E-02  5.61E-02  4.90E-02  4.73E-02  3.87E-02  3.24E-02  2.55E-02
  2.40E-02  1.88E-02  1.48E-02  1.14E-02  8.90E-03  7.09E-03  5.00E-03  3.90E-03
  2.79E-03  2.06E-03  1.44E-03  1.04E-03  7.33E-04  4.83E-04  3.20E-04  2.13E-04
  1.38E-04  8.94E-05  5.67E-05  3.33E-05  2.05E-05  1.19E-05  6.99E-06  3.93E-06
  2.29E-06  1.29E-06  6.98E-07  3.88E-07  2.15E-07  1.21E-07  6.20E-08  3.35E-08
  1.80E-08  9.29E-09  4.91E-09  2.55E-09  1.37E-09  7.42E-10  4.03E-10  2.23E-10
  1.29E-10  7.56E-11  4.20E-11  2.57E-11  1.49E-11  8.94E-12  5.40E-12  3.15E-12
   162.01635048804357     
  9.99E-04  8.66E-01  3.12E-01  1.66E-01  1.43E-01  1.35E-01  8.75E-02  9.49E-02
  7.98E-02  7.75E-02  5.56E-02  4.81E-02  4.64E-02  3.82E-02  3.20E-02  2.54E-02
  2.34E-02  1.84E-02  1.47E-02  1.11E-02  8.67E-03  6.92E-03  4.92E-03  3.78E-03
  2.71E-03  1.99E-03  1.38E-03  9.89E-04  7.04E-04  4.64E-04  3.06E-04  2.02E-04
  1.31E-04  8.35E-05  5.33E-05  3.11E-05  1.90E-05  1.09E-05  6.34E-06  3.53E-06
  2.04E-06  1.13E-06  6.05E-07  3.29E-07  1.80E-07  1.00E-07  5.14E-08  2.77E-08
  1.48E-08  7.73E-09  4.06E-09  2.12E-09  1.14E-09  6.19E-10  3.35E-10  1.86E-10
  1.07E-10  6.28E-11  3.48E-11  2.12E-11  1.24E-11  7.36E-12  4.46E-12  2.60E-12
   164.01731480995375     
  9.56E-04  8.66E-01  3.10E-01  1.67E-01  1.41E-01  1.35E-01  8.57E-02  9.44E-02
  7.94E-02  7.68E-02  5.51E-02  4.73E-02  4.55E-02  3.78E-02  3.15E-02  2.53E-02
  2.30E-02  1.80E-02  1.45E-02  1.08E-02  8.52E-03  6.74E-03  4.85E-03  3.65E-03
  2.64E-03  1.94E-03  1.33E-03  9.48E-04  6.71E-04  4.46E-04  2.93E-04  1.94E-04
  1.24E-04  7.81E-05  5.05E-05  2.92E-05  1.78E-05  1.01E-05  5.84E-06  3.20E-06
  1.83E-06  1.01E-06  5.32E-07  2.87E-07  1.54E-07  8.51E-08  4.32E-08  2.32E-08
  1.24E-08  6.51E-09  3.41E-09  1.78E-09  9.59E-10  5.23E-10  2.82E-10  1.57E-10
  8.98E-11  5.28E-11  2.94E-11  1.77E-11  1.05E-11  6.15E-12  3.74E-12  2.19E-12
   166.01841544021909     
  9.15E-04  8.65E-01  3.09E-01  1.69E-01  1.39E-01  1.36E-01  8.39E-02  9.40E-02
  7.88E-02  7.62E-02  5.47E-02  4.66E-02  4.46E-02  3.74E-02  3.11E-02  2.51E-02
  2.26E-02  1.76E-02  1.43E-02  1.05E-02  8.45E-03  6.58E-03  4.78E-03  3.52E-03
  2.57E-03  1.90E-03  1.28E-03  9.15E-04  6.39E-04  4.29E-04  2.81E-04  1.87E-04
  1.18E-04  7.37E-05  4.77E-05  2.76E-05  1.68E-05  9.44E-06  5.42E-06  2.95E-06
  1.66E-06  9.06E-07  4.72E-07  2.53E-07  1.33E-07  7.20E-08  3.62E-08  1.93E-08
  1.03E-08  5.40E-09  2.80E-09  1.47E-09  7.88E-10  4.31E-10  2.32E-10  1.29E-10
  7.37E-11  4.31E-11  2.42E-11  1.44E-11  8.58E-12  5.02E-12  3.03E-12  1.79E-12
   168.01959832447776     
  8.74E-04  8.65E-01  3.07E-01  1.70E-01  1.38E-01  1.36E-01  8.25E-02  9.36E-02
  7.81E-02  7.57E-02  5.43E-02  4.59E-02  4.36E-02  3.71E-02  3.07E-02  2.48E-02
  2.22E-02  1.72E-02  1.40E-02  1.02E-02  8.42E-03  6.43E-03  4.69E-03  3.41E-03
  2.49E-03  1.86E-03  1.24E-03  8.83E-04  6.10E-04  4.10E-04  2.69E-04  1.79E-04
  1.12E-04  7.00E-05  4.43E-05  2.58E-05  1.58E-05  8.83E-06  5.03E-06  2.72E-06
  1.50E-06  8.12E-07  4.21E-07  2.20E-07  1.15E-07  6.05E-08  3.01E-08  1.58E-08
  8.35E-09  4.38E-09  2.23E-09  1.17E-09  6.31E-10  3.44E-10  1.86E-10  1.04E-10
  5.90E-11  3.43E-11  1.94E-11  1.14E-11  6.82E-12  3.99E-12  2.39E-12  1.42E-12
   170.02060015218225     
  8.34E-04  8.64E-01  3.06E-01  1.71E-01  1.37E-01  1.36E-01  8.14E-02  9.33E-02
  7.72E-02  7.52E-02  5.37E-02  4.53E-02  4.26E-02  3.67E-02  3.04E-02  2.45E-02
  2.17E-02  1.68E-02  1.37E-02  9.94E-03  8.37E-03  6.29E-03  4.58E-03  3.33E-03
  2.40E-03  1.81E-03  1.20E-03  8.49E-04  5.83E-04  3.91E-04  2.56E-04  1.70E-04
  1.06E-04  6.68E-05  4.10E-05  2.39E-05  1.46E-05  8.19E-06  4.66E-06  2.51E-06
  1.36E-06  7.32E-07  3.77E-07  1.93E-07  1.00E-07  5.16E-08  2.55E-08  1.32E-08
  6.89E-09  3.59E-09  1.81E-09  9.53E-10  5.10E-10  2.77E-10  1.51E-10  8.39E-11
  4.77E-11  2.78E-11  1.57E-11  9.18E-12  5.49E-12  3.22E-12  1.91E-12  1.13E-12
   172.02170225811881     
  7.93E-04  8.64E-01  3.05E-01  1.72E-01  1.35E-01  1.37E-01  8.03E-02  9.31E-02
  7.61E-02  7.46E-02  5.32E-02  4.49E-02  4.16E-02  3.64E-02  3.00E-02  2.41E-02
  2.14E-02  1.65E-02  1.33E-02  9.68E-03  8.25E-03  6.18E-03  4.46E-03  3.27E-03
  2.33E-03  1.76E-03  1.16E-03  8.17E-04  5.59E-04  3.71E-04  2.44E-04  1.61E-04
  1.01E-04  6.38E-05  3.85E-05  2.23E-05  1.36E-05  7.63E-06  4.34E-06  2.35E-06
  1.26E-06  6.76E-07  3.43E-07  1.75E-07  9.03E-08  4.59E-08  2.23E-08  1.15E-08
  5.94E-09  3.05E-09  1.53E-09  8.06E-10  4.31E-10  2.30E-10  1.27E-10  7.03E-11
  4.00E-11  2.34E-11  1.31E-11  7.60E-12  4.58E-12  2.68E-12  1.58E-12  9.30E-13
   174.02248336444831     
  7.53E-04  8.62E-01  3.04E-01  1.73E-01  1.34E-01  1.37E-01  7.93E-02  9.29E-02
  7.50E-02  7.42E-02  5.27E-02  4.46E-02  4.08E-02  3.60E-02  2.97E-02  2.37E-02
  2.10E-02  1.63E-02  1.30E-02  9.47E-03  8.06E-03  6.10E-03  4.35E-03  3.23E-03
  2.27E-03  1.70E-03  1.13E-03  7.93E-04  5.39E-04  3.53E-04  2.33E-04  1.53E-04
  9.57E-05  6.10E-05  3.66E-05  2.11E-05  1.28E-05  7.19E-06  4.06E-06  2.22E-06
  1.20E-06  6.41E-07  3.23E-07  1.63E-07  8.38E-08  4.26E-08  2.04E-08  1.04E-08
  5.27E-09  2.68E-09  1.34E-09  6.96E-10  3.73E-10  1.96E-10  1.09E-10  5.97E-11
  3.40E-11  2.00E-11  1.12E-11  6.38E-12  3.89E-12  2.26E-12  1.32E-12  7.79E-13
   176.02339279572044     
  7.14E-04  8.61E-01  3.03E-01  1.73E-01  1.33E-01  1.37E-01  7.83E-02  9.27E-02
  7.39E-02  7.37E-02  5.23E-02  4.43E-02  4.00E-02  3.56E-02  2.94E-02  2.33E-02
  2.08E-02  1.60E-02  1.28E-02  9.27E-03  7.82E-03  6.01E-03  4.25E-03  3.17E-03
  2.23E-03  1.64E-03  1.10E-03  7.72E-04  5.20E-04  3.36E-04  2.21E-04  1.45E-04
  9.08E-05  5.78E-05  3.49E-05  2.00E-05  1.20E-05  6.75E-06  3.80E-06  2.08E-06
  1.13E-06  6.07E-07  3.08E-07  1.54E-07  7.78E-08  3.96E-08  1.89E-08  9.47E-09
  4.72E-09  2.34E-09  1.17E-09  6.02E-10  3.21E-10  1.65E-10  9.24E-11  5.02E-11
  2.84E-11  1.67E-11  9.40E-12  5.28E-12  3.26E-12  1.87E-12  1.09E-12  6.42E-13
   178.01293835590795     
  6.76E-04  8.59E-01  3.02E-01  1.74E-01  1.33E-01  1.37E-01  7.77E-02  9.22E-02
  7.27E-02  7.34E-02  5.19E-02  4.40E-02  3.93E-02  3.52E-02  2.90E-02  2.29E-02
  2.06E-02  1.58E-02  1.26E-02  9.04E-03  7.57E-03  5.91E-03  4.15E-03  3.12E-03
  2.19E-03  1.59E-03  1.06E-03  7.48E-04  5.01E-04  3.22E-04  2.10E-04  1.37E-04
  8.59E-05  5.43E-05  3.30E-05  1.88E-05  1.13E-05  6.27E-06  3.54E-06  1.92E-06
  1.04E-06  5.61E-07  2.85E-07  1.44E-07  7.24E-08  3.64E-08  1.72E-08  8.56E-09
  4.24E-09  2.06E-09  1.00E-09  5.11E-10  2.73E-10  1.38E-10  7.66E-11  4.14E-11
  2.33E-11  1.37E-11  7.69E-12  4.28E-12  2.67E-12  1.51E-12  8.77E-13  5.16E-13
   180.01441554650876     
  6.39E-04  8.58E-01  3.02E-01  1.74E-01  1.32E-01  1.36E-01  7.73E-02  9.15E-02
  7.16E-02  7.30E-02  5.15E-02  4.38E-02  3.85E-02  3.48E-02  2.85E-02  2.24E-02
  2.04E-02  1.55E-02  1.24E-02  8.79E-03  7.34E-03  5.79E-03  4.05E-03  3.06E-03
  2.15E-03  1.55E-03  1.03E-03  7.20E-04  4.80E-04  3.12E-04  2.01E-04  1.30E-04
  8.14E-05  5.08E-05  3.09E-05  1.75E-05  1.07E-05  5.81E-06  3.28E-06  1.77E-06
  9.60E-07  5.19E-07  2.60E-07  1.33E-07  6.71E-08  3.39E-08  1.58E-08  7.76E-09
  3.81E-09  1.85E-09  8.89E-10  4.37E-10  2.32E-10  1.16E-10  6.38E-11  3.42E-11
  1.90E-11  1.11E-11  6.23E-12  3.45E-12  2.17E-12  1.22E-12  6.99E-13  4.08E-13
   182.01567567094969     
  6.02E-04  8.56E-01  3.02E-01  1.74E-01  1.32E-01  1.35E-01  7.71E-02  9.06E-02
  7.06E-02  7.26E-02  5.13E-02  4.36E-02  3.77E-02  3.44E-02  2.81E-02  2.20E-02
  2.03E-02  1.52E-02  1.22E-02  8.56E-03  7.16E-03  5.68E-03  3.95E-03  2.99E-03
  2.10E-03  1.52E-03  9.99E-04  6.93E-04  4.61E-04  3.02E-04  1.93E-04  1.24E-04
  7.77E-05  4.75E-05  2.90E-05  1.64E-05  1.01E-05  5.47E-06  3.08E-06  1.63E-06
  8.92E-07  4.84E-07  2.44E-07  1.24E-07  6.18E-08  3.16E-08  1.50E-08  7.32E-09
  3.53E-09  1.70E-09  8.06E-10  3.89E-10  2.04E-10  1.01E-10  5.41E-11  2.89E-11
  1.59E-11  9.16E-12  5.09E-12  2.82E-12  1.78E-12  9.90E-13  5.66E-13  3.28E-13
   184.01666845642231     
  5.66E-04  8.54E-01  3.01E-01  1.75E-01  1.31E-01  1.35E-01  7.69E-02  8.97E-02
  6.97E-02  7.21E-02  5.12E-02  4.34E-02  3.69E-02  3.41E-02  2.76E-02  2.16E-02
  2.01E-02  1.49E-02  1.20E-02  8.37E-03  7.01E-03  5.56E-03  3.87E-03  2.91E-03
  2.05E-03  1.49E-03  9.74E-04  6.70E-04  4.44E-04  2.89E-04  1.85E-04  1.20E-04
  7.45E-05  4.45E-05  2.73E-05  1.53E-05  9.37E-06  5.18E-06  2.93E-06  1.53E-06
  8.31E-07  4.48E-07  2.29E-07  1.18E-07  5.83E-08  2.95E-08  1.39E-08  6.82E-09
  3.37E-09  1.63E-09  7.52E-10  3.53E-10  1.84E-10  9.07E-11  4.74E-11  2.49E-11
  1.37E-11  7.84E-12  4.26E-12  2.35E-12  1.50E-12  8.27E-13  4.71E-13  2.71E-13
   186.01763578807902     
  5.30E-04  8.52E-01  3.02E-01  1.75E-01  1.31E-01  1.34E-01  7.68E-02  8.85E-02
  6.89E-02  7.15E-02  5.12E-02  4.33E-02  3.63E-02  3.38E-02  2.72E-02  2.12E-02
  1.98E-02  1.47E-02  1.17E-02  8.23E-03  6.87E-03  5.43E-03  3.80E-03  2.85E-03
  2.01E-03  1.46E-03  9.51E-04  6.51E-04  4.31E-04  2.74E-04  1.76E-04  1.15E-04
  7.14E-05  4.23E-05  2.59E-05  1.44E-05  8.69E-06  4.84E-06  2.78E-06  1.47E-06
  7.90E-07  4.15E-07  2.11E-07  1.09E-07  5.52E-08  2.82E-08  1.31E-08  6.23E-09
  3.06E-09  1.54E-09  7.14E-10  3.29E-10  1.67E-10  8.22E-11  4.19E-11  2.18E-11
  1.18E-11  6.78E-12  3.62E-12  1.96E-12  1.26E-12  6.94E-13  3.93E-13  2.25E-13
   188.01883420594311     
  4.96E-04  8.49E-01  3.02E-01  1.75E-01  1.31E-01  1.33E-01  7.69E-02  8.72E-02
  6.82E-02  7.09E-02  5.13E-02  4.31E-02  3.57E-02  3.35E-02  2.68E-02  2.08E-02
  1.95E-02  1.45E-02  1.15E-02  8.14E-03  6.72E-03  5.26E-03  3.74E-03  2.80E-03
  1.98E-03  1.42E-03  9.28E-04  6.32E-04  4.22E-04  2.62E-04  1.68E-04  1.10E-04
  6.80E-05  4.07E-05  2.49E-05  1.37E-05  8.14E-06  4.46E-06  2.57E-06  1.40E-06
  7.61E-07  3.97E-07  1.97E-07  9.91E-08  5.00E-08  2.62E-08  1.25E-08  5.90E-09
  2.78E-09  1.37E-09  6.37E-10  2.97E-10  1.50E-10  7.38E-11  3.65E-11  1.86E-11
  1.00E-11  5.76E-12  3.02E-12  1.60E-12  1.04E-12  5.72E-13  3.20E-13  1.81E-13
   190.02034350006460     
  4.64E-04  8.46E-01  3.02E-01  1.75E-01  1.32E-01  1.31E-01  7.71E-02  8.58E-02
  6.78E-02  7.01E-02  5.12E-02  4.29E-02  3.53E-02  3.30E-02  2.65E-02  2.04E-02
  1.91E-02  1.43E-02  1.12E-02  8.08E-03  6.55E-03  5.09E-03  3.66E-03  2.76E-03
  1.95E-03  1.38E-03  9.04E-04  6.10E-04  4.12E-04  2.54E-04  1.61E-04  1.04E-04
  6.44E-05  3.89E-05  2.38E-05  1.32E-05  7.74E-06  4.18E-06  2.36E-06  1.29E-06
  7.11E-07  3.82E-07  1.90E-07  9.30E-08  4.49E-08  2.30E-08  1.11E-08  5.43E-09
  2.59E-09  1.25E-09  5.54E-10  2.52E-10  1.27E-10  6.36E-11  3.13E-11  1.56E-11
  8.25E-12  4.77E-12  2.50E-12  1.29E-12  8.27E-13  4.57E-13  2.54E-13  1.42E-13
   192.02195482376243     
  4.31E-04  8.43E-01  3.03E-01  1.75E-01  1.32E-01  1.30E-01  7.74E-02  8.44E-02
  6.74E-02  6.93E-02  5.11E-02  4.26E-02  3.50E-02  3.25E-02  2.62E-02  2.01E-02
  1.88E-02  1.41E-02  1.10E-02  8.00E-03  6.38E-03  4.94E-03  3.55E-03  2.71E-03
  1.90E-03  1.35E-03  8.81E-04  5.85E-04  3.98E-04  2.47E-04  1.55E-04  9.91E-05
  6.09E-05  3.67E-05  2.23E-05  1.27E-05  7.40E-06  4.04E-06  2.21E-06  1.19E-06
  6.42E-07  3.50E-07  1.80E-07  8.98E-08  4.28E-08  2.09E-08  9.55E-09  4.63E-09
  2.26E-09  1.14E-09  5.04E-10  2.23E-10  1.06E-10  5.25E-11  2.58E-11  1.30E-11
  6.78E-12  3.91E-12  2.05E-12  1.06E-12  6.70E-13  3.68E-13  2.02E-13  1.11E-13
   194.02335423330197     
  3.99E-04  8.40E-01  3.03E-01  1.75E-01  1.32E-01  1.28E-01  7.78E-02  8.31E-02
  6.71E-02  6.84E-02  5.08E-02  4.23E-02  3.47E-02  3.20E-02  2.59E-02  1.97E-02
  1.84E-02  1.39E-02  1.08E-02  7.88E-03  6.25E-03  4.83E-03  3.43E-03  2.64E-03
  1.85E-03  1.33E-03  8.62E-04  5.63E-04  3.83E-04  2.37E-04  1.49E-04  9.53E-05
  5.79E-05  3.51E-05  2.09E-05  1.19E-05  7.01E-06  3.93E-06  2.15E-06  1.15E-06
  6.01E-07  3.18E-07  1.64E-07  8.49E-08  4.21E-08  2.08E-08  9.17E-09  4.17E-09
  1.92E-09  9.65E-10  4.45E-10  2.04E-10  9.62E-11  4.59E-11  2.17E-11  1.08E-11
  5.64E-12  3.26E-12  1.70E-12  8.79E-13  5.53E-13  3.06E-13  1.68E-13  9.08E-14
   196.01276165247137     
  3.69E-04  8.37E-01  3.05E-01  1.75E-01  1.33E-01  1.27E-01  7.83E-02  8.18E-02
  6.69E-02  6.76E-02  5.06E-02  4.21E-02  3.46E-02  3.15E-02  2.56E-02  1.95E-02
  1.80E-02  1.37E-02  1.07E-02  7.73E-03  6.16E-03  4.73E-03  3.33E-03  2.56E-03
  1.80E-03  1.32E-03  8.53E-04  5.53E-04  3.70E-04  2.27E-04  1.43E-04  9.16E-05
  5.57E-05  3.43E-05  1.98E-05  1.13E-05  6.56E-06  3.75E-06  2.11E-06  1.15E-06
  6.06E-07  3.11E-07  1.54E-07  7.88E-08  3.98E-08  2.05E-08  9.50E-09  4.32E-09
  1.90E-09  8.76E-10  3.78E-10  1.76E-10  8.62E-11  4.18E-11  1.97E-11  9.32E-12
  4.80E-12  2.75E-12  1.43E-12  7.48E-13  4.64E-13  2.55E-13  1.40E-13  7.60E-14
   198.01410078846436     
  3.40E-04  8.33E-01  3.06E-01  1.75E-01  1.34E-01  1.25E-01  7.88E-02  8.06E-02
  6.67E-02  6.68E-02  5.01E-02  4.18E-02  3.45E-02  3.10E-02  2.54E-02  1.92E-02
  1.76E-02  1.35E-02  1.06E-02  7.55E-03  6.11E-03  4.61E-03  3.25E-03  2.49E-03
  1.75E-03  1.29E-03  8.47E-04  5.48E-04  3.61E-04  2.20E-04  1.37E-04  8.70E-05
  5.31E-05  3.35E-05  1.92E-05  1.10E-05  6.25E-06  3.51E-06  1.99E-06  1.11E-06
  6.09E-07  3.24E-07  1.59E-07  7.79E-08  3.72E-08  1.88E-08  9.03E-09  4.32E-09
  2.02E-09  9.27E-10  3.68E-10  1.55E-10  7.19E-11  3.49E-11  1.70E-11  8.14E-12
  4.15E-12  2.28E-12  1.18E-12  6.25E-13  3.87E-13  2.13E-13  1.16E-13  6.28E-14
   200.01568659294261     
  3.12E-04  8.30E-01  3.07E-01  1.75E-01  1.34E-01  1.23E-01  7.92E-02  7.94E-02
  6.65E-02  6.60E-02  4.96E-02  4.14E-02  3.44E-02  3.06E-02  2.52E-02  1.90E-02
  1.72E-02  1.33E-02  1.05E-02  7.38E-03  6.06E-03  4.48E-03  3.17E-03  2.42E-03
  1.69E-03  1.24E-03  8.35E-04  5.40E-04  3.54E-04  2.16E-04  1.34E-04  8.23E-05
  4.97E-05  3.18E-05  1.85E-05  1.08E-05  6.17E-06  3.36E-06  1.84E-06  1.01E-06
  5.64E-07  3.17E-07  1.63E-07  8.22E-08  3.83E-08  1.80E-08  8.14E-09  3.79E-09
  1.85E-09  9.06E-10  3.82E-10  1.58E-10  6.71E-11  2.92E-11  1.36E-11  6.60E-12
  3.44E-12  1.88E-12  9.62E-13  5.04E-13  3.10E-13  1.72E-13  9.41E-14  5.16E-14
   202.01727199861875     
  2.85E-04  8.26E-01  3.08E-01  1.74E-01  1.35E-01  1.21E-01  7.97E-02  7.84E-02
  6.63E-02  6.53E-02  4.90E-02  4.10E-02  3.42E-02  3.01E-02  2.49E-02  1.88E-02
  1.69E-02  1.31E-02  1.03E-02  7.23E-03  5.98E-03  4.35E-03  3.10E-03  2.35E-03
  1.65E-03  1.19E-03  8.14E-04  5.24E-04  3.46E-04  2.14E-04  1.31E-04  7.94E-05
  4.65E-05  2.95E-05  1.74E-05  1.03E-05  6.10E-06  3.35E-06  1.80E-06  9.38E-07
  5.06E-07  2.83E-07  1.52E-07  8.18E-08  4.06E-08  1.95E-08  8.45E-09  3.62E-09
  1.60E-09  7.61E-10  3.40E-10  1.52E-10  6.83E-11  2.86E-11  1.21E-11  5.43E-12
  2.77E-12  1.53E-12  7.86E-13  4.12E-13  2.48E-13  1.38E-13  7.58E-14  4.13E-14
   204.01902186966251     
  2.59E-04  8.22E-01  3.09E-01  1.74E-01  1.36E-01  1.19E-01  8.01E-02  7.77E-02
  6.59E-02  6.47E-02  4.85E-02  4.06E-02  3.40E-02  2.98E-02  2.46E-02  1.85E-02
  1.66E-02  1.29E-02  1.01E-02  7.11E-03  5.86E-03  4.27E-03  3.01E-03  2.28E-03
  1.60E-03  1.16E-03  7.91E-04  5.05E-04  3.38E-04  2.10E-04  1.30E-04  7.91E-05
  4.52E-05  2.76E-05  1.61E-05  9.59E-06  5.83E-06  3.35E-06  1.86E-06  9.64E-07
  5.00E-07  2.57E-07  1.33E-07  7.35E-08  3.90E-08  2.05E-08  9.58E-09  4.28E-09
  1.79E-09  7.47E-10  2.94E-10  1.28E-10  6.11E-11  2.75E-11  1.22E-11  5.23E-12
  2.44E-12  1.26E-12  6.47E-13  3.45E-13  2.05E-13  1.12E-13  6.24E-14  3.43E-14
   206.02072355125580     
  2.34E-04  8.18E-01  3.11E-01  1.74E-01  1.37E-01  1.18E-01  8.05E-02  7.70E-02
  6.55E-02  6.41E-02  4.80E-02  4.02E-02  3.38E-02  2.95E-02  2.44E-02  1.82E-02
  1.64E-02  1.27E-02  9.90E-03  7.00E-03  5.71E-03  4.22E-03  2.93E-03  2.21E-03
  1.56E-03  1.13E-03  7.73E-04  4.88E-04  3.30E-04  2.03E-04  1.27E-04  7.96E-05
  4.56E-05  2.71E-05  1.53E-05  8.79E-06  5.37E-06  3.19E-06  1.87E-06  1.02E-06
  5.47E-07  2.72E-07  1.32E-07  6.66E-08  3.40E-08  1.87E-08  9.50E-09  4.78E-09
  2.23E-09  9.73E-10  3.53E-10  1.33E-10  5.39E-11  2.32E-11  1.09E-11  5.03E-12
  2.39E-12  1.16E-12  5.56E-13  2.90E-13  1.72E-13  9.53E-14  5.25E-14  2.86E-14
   208.02246892026017     
  2.10E-04  8.13E-01  3.12E-01  1.74E-01  1.38E-01  1.16E-01  8.08E-02  7.65E-02
  6.49E-02  6.36E-02  4.77E-02  3.97E-02  3.36E-02  2.92E-02  2.41E-02  1.80E-02
  1.61E-02  1.25E-02  9.76E-03  6.90E-03  5.55E-03  4.18E-03  2.85E-03  2.15E-03
  1.51E-03  1.09E-03  7.57E-04  4.78E-04  3.23E-04  1.96E-04  1.23E-04  7.84E-05
  4.57E-05  2.77E-05  1.52E-05  8.34E-06  4.98E-06  2.89E-06  1.73E-06  1.00E-06
  5.74E-07  3.05E-07  1.50E-07  7.17E-08  3.28E-08  1.66E-08  8.09E-09  4.24E-09
  2.20E-09  1.10E-09  4.58E-10  1.85E-10  6.85E-11  2.46E-11  9.57E-12  4.20E-12
  2.08E-12  1.06E-12  5.13E-13  2.55E-13  1.46E-13  8.09E-14  4.55E-14  2.46E-14
   210.01233711491642     
  1.88E-04  8.09E-01  3.14E-01  1.74E-01  1.38E-01  1.14E-01  8.11E-02  7.61E-02
  6.43E-02  6.30E-02  4.74E-02  3.93E-02  3.33E-02  2.88E-02  2.38E-02  1.78E-02
  1.58E-02  1.23E-02  9.66E-03  6.79E-03  5.40E-03  4.14E-03  2.79E-03  2.10E-03
  1.45E-03  1.04E-03  7.35E-04  4.70E-04  3.16E-04  1.90E-04  1.18E-04  7.56E-05
  4.43E-05  2.79E-05  1.56E-05  8.40E-06  4.91E-06  2.65E-06  1.56E-06  9.10E-07
  5.37E-07  3.11E-07  1.62E-07  8.32E-08  3.81E-08  1.80E-08  7.74E-09  3.62E-09
  1.79E-09  9.29E-10  4.42E-10  2.04E-10  8.79E-11  3.34E-11  1.22E-11  4.38E-12
  1.82E-12  8.84E-13  4.43E-13  2.28E-13  1.27E-13  6.80E-14  3.84E-14  2.16E-14
   212.01400084753001     
  1.67E-04  8.04E-01  3.16E-01  1.74E-01  1.39E-01  1.12E-01  8.12E-02  7.59E-02
  6.35E-02  6.26E-02  4.71E-02  3.88E-02  3.32E-02  2.84E-02  2.35E-02  1.76E-02
  1.55E-02  1.21E-02  9.54E-03  6.68E-03  5.26E-03  4.08E-03  2.73E-03  2.06E-03
  1.40E-03  9.90E-04  7.03E-04  4.61E-04  3.08E-04  1.87E-04  1.14E-04  7.24E-05
  4.19E-05  2.71E-05  1.56E-05  8.64E-06  5.10E-06  2.62E-06  1.50E-06  8.23E-07
  4.76E-07  2.83E-07  1.54E-07  8.75E-08  4.36E-08  2.16E-08  9.30E-09  4.09E-09
  1.71E-09  7.73E-10  3.46E-10  1.64E-10  8.13E-11  3.56E-11  1.51E-11  5.70E-12
  2.16E-12  8.62E-13  3.76E-13  1.93E-13  1.10E-13  5.89E-14  3.23E-14  1.79E-14
   214.01583981203240     
  1.47E-04  8.00E-01  3.17E-01  1.73E-01  1.40E-01  1.10E-01  8.11E-02  7.57E-02
  6.26E-02  6.21E-02  4.69E-02  3.84E-02  3.30E-02  2.80E-02  2.31E-02  1.74E-02
  1.53E-02  1.19E-02  9.36E-03  6.59E-03  5.15E-03  4.01E-03  2.67E-03  2.03E-03
  1.37E-03  9.49E-04  6.64E-04  4.46E-04  2.99E-04  1.85E-04  1.12E-04  6.98E-05
  4.02E-05  2.55E-05  1.49E-05  8.59E-06  5.25E-06  2.71E-06  1.56E-06  8.00E-07
  4.46E-07  2.53E-07  1.36E-07  8.12E-08  4.31E-08  2.31E-08  1.09E-08  5.18E-09
  2.17E-09  9.17E-10  3.42E-10  1.39E-10  6.26E-11  2.81E-11  1.34E-11  5.87E-12
  2.50E-12  9.95E-13  3.90E-13  1.75E-13  9.38E-14  5.11E-14  2.85E-14  1.56E-14
   216.01782115056560     
  1.29E-04  7.95E-01  3.19E-01  1.73E-01  1.41E-01  1.09E-01  8.11E-02  7.57E-02
  6.16E-02  6.16E-02  4.68E-02  3.80E-02  3.29E-02  2.77E-02  2.27E-02  1.73E-02
  1.51E-02  1.16E-02  9.12E-03  6.53E-03  5.03E-03  3.93E-03  2.61E-03  1.99E-03
  1.34E-03  9.17E-04  6.26E-04  4.25E-04  2.88E-04  1.80E-04  1.11E-04  6.82E-05
  3.99E-05  2.42E-05  1.39E-05  8.12E-06  5.11E-06  2.79E-06  1.65E-06  8.26E-07
  4.61E-07  2.45E-07  1.26E-07  7.23E-08  3.82E-08  2.16E-08  1.08E-08  5.69E-09
  2.62E-09  1.20E-09  4.57E-10  1.77E-10  6.63E-11  2.52E-11  1.05E-11  4.65E-12
  2.18E-12  9.71E-13  4.12E-13  1.78E-13  8.52E-14  4.39E-14  2.49E-14  1.42E-14
   218.01982925045988     
  1.12E-04  7.90E-01  3.21E-01  1.73E-01  1.42E-01  1.07E-01  8.10E-02  7.56E-02
  6.06E-02  6.12E-02  4.66E-02  3.76E-02  3.28E-02  2.74E-02  2.22E-02  1.71E-02
  1.50E-02  1.14E-02  8.88E-03  6.47E-03  4.92E-03  3.87E-03  2.57E-03  1.95E-03
  1.32E-03  8.95E-04  5.95E-04  4.02E-04  2.75E-04  1.73E-04  1.09E-04  6.74E-05
  4.03E-05  2.38E-05  1.33E-05  7.57E-06  4.74E-06  2.73E-06  1.66E-06  8.51E-07
  4.91E-07  2.59E-07  1.31E-07  6.94E-08  3.44E-08  1.94E-08  9.57E-09  5.30E-09
  2.63E-09  1.31E-09  5.63E-10  2.37E-10  9.23E-11  3.37E-11  1.22E-11  4.44E-12
  1.84E-12  8.01E-13  3.60E-13  1.68E-13  8.04E-14  3.95E-14  2.11E-14  1.22E-14
