#---it-------t---------dt-------EEK-------EEM-------EEGW------hrms------urms-------brms-------umax-----vArms-----vAmax-------oum--------abm--------jbm-------mu5m-------mu51m-----mu5rms-----mu5max------rhom-------bxm--------bym--------bzm--------bmx--------bmy--------bmz-----bgmu5rms--gmu5rms----gmu5mx----gmu5my----gmu5mz----STrept----STimpt----SXrept----SXimpt----hTrept----hTimpt----hXrept----hXimpt----gTrept----gTimpt----gXrept----gXimpt----STrep2----STimp2----SXrep2----SXimp2----hTrep2----hTimp2----hXrep2----hXimp2----gTrep2----gTimp2----gXrep2----gXimp2----gg2m---
      0      0.000  1.18E-02 0.000E+00 2.331E-14 0.000E+00 0.000E+00 0.000E+00  2.1593E-07 0.000E+00 2.159E-07 6.783E-07  0.000E+00  4.325E-19  1.653E-15  -2.22E-15   1.13E+01   1.38E+01   4.62E+01 1.0000000 -1.696E-26 -5.251E-26 -4.180E-26  0.000E+00  0.000E+00  0.000E+00 1.114E-05 8.937E+01-2.619E-18 6.523E-16 8.882E-16  0.00E+00  0.00E+00  0.00E+00  0.00E+00  0.00E+00  0.00E+00  0.00E+00  0.00E+00  0.00E+00  0.00E+00  0.00E+00  0.00E+00  0.00E+00  0.00E+00  0.00E+00  0.00E+00  0.00E+00  0.00E+00  0.00E+00  0.00E+00  0.00E+00  0.00E+00  0.00E+00  0.00E+00 0.00E+00
     10      0.118  1.18E-02 2.491E-30 1.675E-16 1.711E-28 7.644E-16 2.232E-15  1.8303E-08 8.168E-15 1.830E-08 2.081E-07 -5.393E-32 -2.080E-19 -1.868E-16  -2.66E-15   1.11E+01   1.36E+01   4.40E+01 1.0000000 -1.616E-27 -8.078E-28  5.756E-27  0.000E+00  0.000E+00  0.000E+00 6.036E-07 5.757E+01-1.023E-18-1.388E-17-2.220E-16  0.00E+00  0.00E+00  0.00E+00  0.00E+00  0.00E+00  0.00E+00  0.00E+00  0.00E+00  0.00E+00  0.00E+00  0.00E+00  0.00E+00  0.00E+00  0.00E+00  0.00E+00  0.00E+00  0.00E+00  0.00E+00  0.00E+00  0.00E+00  0.00E+00  0.00E+00  0.00E+00  0.00E+00 1.03E-27
     20      0.236  1.18E-02 6.969E-31 9.230E-17 1.672E-28 7.700E-16 1.181E-15  1.3587E-08 8.366E-15 1.359E-08 2.903E-07 -8.639E-32 -5.199E-19 -3.615E-16  -2.00E-15   1.11E+01   1.36E+01   4.38E+01 1.0000000 -1.010E-27 -8.078E-27  5.554E-28  0.000E+00  0.000E+00  0.000E+00 4.030E-07 5.257E+01 2.101E-18-2.082E-17 0.000E+00  0.00E+00  0.00E+00  0.00E+00  0.00E+00  0.00E+00  0.00E+00  0.00E+00  0.00E+00  0.00E+00  0.00E+00  0.00E+00  0.00E+00  0.00E+00  0.00E+00  0.00E+00  0.00E+00  0.00E+00  0.00E+00  0.00E+00  0.00E+00  0.00E+00  0.00E+00  0.00E+00  0.00E+00 1.00E-27
     30      0.355  1.18E-02 3.268E-31 1.184E-16 1.680E-28 7.690E-16 8.084E-16  1.5387E-08 2.673E-14 1.539E-08 5.440E-07 -6.119E-31 -1.566E-18 -9.427E-16  -2.00E-15   1.11E+01   1.35E+01   4.34E+01 1.0000000 -1.313E-26 -5.655E-27  4.342E-27  0.000E+00  0.000E+00  0.000E+00 4.265E-07 4.985E+01-1.283E-18 4.372E-16 4.441E-16  0.00E+00  0.00E+00  0.00E+00  0.00E+00  0.00E+00  0.00E+00  0.00E+00  0.00E+00  0.00E+00  0.00E+00  0.00E+00  0.00E+00  0.00E+00  0.00E+00  0.00E+00  0.00E+00  0.00E+00  0.00E+00  0.00E+00  0.00E+00  0.00E+00  0.00E+00  0.00E+00  0.00E+00 1.01E-27
     40      0.473  1.18E-02 5.273E-31 2.297E-16 1.679E-28 7.693E-16 1.027E-15  2.1434E-08 9.590E-14 2.143E-08 1.053E-06 -6.369E-30 -5.364E-18 -2.983E-15  -1.11E-15   1.11E+01   1.35E+01   4.32E+01 1.0000000  1.010E-26 -3.635E-27  5.554E-27  0.000E+00  0.000E+00  0.000E+00 5.653E-07 4.801E+01 2.103E-17-2.220E-16 0.000E+00  0.00E+00  0.00E+00  0.00E+00  0.00E+00  0.00E+00  0.00E+00  0.00E+00  0.00E+00  0.00E+00  0.00E+00  0.00E+00  0.00E+00  0.00E+00  0.00E+00  0.00E+00  0.00E+00  0.00E+00  0.00E+00  0.00E+00  0.00E+00  0.00E+00  0.00E+00  0.00E+00  0.00E+00 1.01E-27
     50      0.591  1.18E-02 4.218E-30 5.730E-16 1.680E-28 7.790E-16 2.904E-15  3.3852E-08 3.960E-13 3.385E-08 2.137E-06 -8.115E-29 -1.980E-17 -1.054E-14   1.55E-15   1.11E+01   1.35E+01   4.30E+01 1.0000000 -8.078E-27  3.837E-27 -2.221E-26  0.000E+00  0.000E+00  0.000E+00 8.571E-07 4.662E+01-1.847E-17-1.180E-16 0.000E+00  0.00E+00  0.00E+00  0.00E+00  0.00E+00  0.00E+00  0.00E+00  0.00E+00  0.00E+00  0.00E+00  0.00E+00  0.00E+00  0.00E+00  0.00E+00  0.00E+00  0.00E+00  0.00E+00  0.00E+00  0.00E+00  0.00E+00  0.00E+00  0.00E+00  0.00E+00  0.00E+00  0.00E+00 1.01E-27
     60      0.709  1.18E-02 5.720E-29 1.682E-15 1.704E-28 8.612E-16 1.070E-14  5.7998E-08 1.621E-12 5.800E-08 4.379E-06 -1.190E-27 -7.652E-17 -3.967E-14   1.33E-14   1.10E+01   1.35E+01   4.27E+01 1.0000000 -8.280E-27  1.050E-26 -6.563E-27  0.000E+00  0.000E+00  0.000E+00 1.415E-06 4.552E+01 6.210E-18-3.608E-16 2.220E-16  0.00E+00  0.00E+00  0.00E+00  0.00E+00  0.00E+00  0.00E+00  0.00E+00  0.00E+00  0.00E+00  0.00E+00  0.00E+00  0.00E+00  0.00E+00  0.00E+00  0.00E+00  0.00E+00  0.00E+00  0.00E+00  0.00E+00  0.00E+00  0.00E+00  0.00E+00  0.00E+00  0.00E+00 1.02E-27
     70      0.827  1.18E-02 9.016E-28 5.506E-15 2.013E-28 1.527E-15 4.246E-14  1.0494E-07 6.644E-12 1.049E-07 9.028E-06 -1.921E-26 -3.045E-16 -1.552E-13   5.88E-14   1.10E+01   1.35E+01   4.25E+01 1.0000000  5.251E-27  1.616E-27 -5.099E-26  0.000E+00  0.000E+00  0.000E+00 2.469E-06 4.460E+01-9.905E-18-4.580E-16-2.220E-16  0.00E+00  0.00E+00  0.00E+00  0.00E+00  0.00E+00  0.00E+00  0.00E+00  0.00E+00  0.00E+00  0.00E+00  0.00E+00  0.00E+00  0.00E+00  0.00E+00  0.00E+00  0.00E+00  0.00E+00  0.00E+00  0.00E+00  0.00E+00  0.00E+00  0.00E+00  0.00E+00  0.00E+00 1.21E-27
     80      0.946  1.18E-02 1.538E-26 1.943E-14 6.470E-28 4.894E-15 1.754E-13  1.9712E-07 2.848E-11 1.971E-07 1.883E-05 -3.304E-25 -1.236E-15 -6.223E-13   2.47E-13   1.10E+01   1.35E+01   4.22E+01 1.0000000  3.231E-26 -2.585E-26 -5.392E-26  0.000E+00  0.000E+00  0.000E+00 4.475E-06 4.383E+01 1.127E-17 1.180E-16 2.220E-16  0.00E+00  0.00E+00  0.00E+00  0.00E+00  0.00E+00  0.00E+00  0.00E+00  0.00E+00  0.00E+00  0.00E+00  0.00E+00  0.00E+00  0.00E+00  0.00E+00  0.00E+00  0.00E+00  0.00E+00  0.00E+00  0.00E+00  0.00E+00  0.00E+00  0.00E+00  0.00E+00  0.00E+00 3.88E-27
     90      1.064  1.18E-02 2.752E-25 7.228E-14 7.403E-27 1.838E-14 7.419E-13  3.8022E-07 1.223E-10 3.802E-07 4.017E-05 -5.923E-24 -5.092E-15 -2.537E-12   1.02E-12   1.10E+01   1.34E+01   4.20E+01 1.0000000 -8.078E-26 -8.401E-26 -1.167E-25  0.000E+00  0.000E+00  0.000E+00 8.330E-06 4.315E+01-9.023E-18-3.400E-16 0.000E+00  0.00E+00  0.00E+00  0.00E+00  0.00E+00  0.00E+00  0.00E+00  0.00E+00  0.00E+00  0.00E+00  0.00E+00  0.00E+00  0.00E+00  0.00E+00  0.00E+00  0.00E+00  0.00E+00  0.00E+00  0.00E+00  0.00E+00  0.00E+00  0.00E+00  0.00E+00  0.00E+00  0.00E+00 4.44E-26
    100      1.182  1.18E-02 5.073E-24 2.794E-13 1.138E-25 7.167E-14 3.185E-12  7.4754E-07 5.542E-10 7.475E-07 8.551E-05 -1.090E-22 -2.120E-14 -1.047E-11   4.26E-12   1.10E+01   1.34E+01   4.18E+01 1.0000000  2.456E-25  1.551E-25  1.997E-25  0.000E+00  0.000E+00  0.000E+00 1.582E-05 4.255E+01-1.008E-17-2.082E-16-4.441E-16  0.00E+00  0.00E+00  0.00E+00  0.00E+00  0.00E+00  0.00E+00  0.00E+00  0.00E+00  0.00E+00  0.00E+00  0.00E+00  0.00E+00  0.00E+00  0.00E+00  0.00E+00  0.00E+00  0.00E+00  0.00E+00  0.00E+00  0.00E+00  0.00E+00  0.00E+00  0.00E+00  0.00E+00 6.83E-25
    110      1.300  1.18E-02 9.527E-23 1.111E-12 1.838E-24 2.850E-13 1.380E-11  1.4906E-06 2.509E-09 1.491E-06 1.817E-04 -2.040E-21 -8.905E-14 -4.364E-11   1.79E-11   1.10E+01   1.34E+01   4.16E+01 1.0000000 -2.714E-25 -2.262E-25 -6.800E-25  0.000E+00  0.000E+00  0.000E+00 3.048E-05 4.202E+01-1.138E-17-1.249E-16 2.220E-16  0.00E+00  0.00E+00  0.00E+00  0.00E+00  0.00E+00  0.00E+00  0.00E+00  0.00E+00  0.00E+00  0.00E+00  0.00E+00  0.00E+00  0.00E+00  0.00E+00  0.00E+00  0.00E+00  0.00E+00  0.00E+00  0.00E+00  0.00E+00  0.00E+00  0.00E+00  0.00E+00  0.00E+00 1.10E-23
    120      1.418  1.18E-02 1.811E-21 4.511E-12 3.044E-23 1.150E-12 6.018E-11  3.0038E-06 1.130E-08 3.004E-06 3.855E-04 -3.856E-20 -3.767E-13 -1.833E-10   7.58E-11   1.10E+01   1.34E+01   4.14E+01 1.0000000 -1.809E-25  2.456E-25 -1.385E-24  0.000E+00  0.000E+00  0.000E+00 5.944E-05 4.154E+01 5.931E-18 1.318E-16 0.000E+00  0.00E+00  0.00E+00  0.00E+00  0.00E+00  0.00E+00  0.00E+00  0.00E+00  0.00E+00  0.00E+00  0.00E+00  0.00E+00  0.00E+00  0.00E+00  0.00E+00  0.00E+00  0.00E+00  0.00E+00  0.00E+00  0.00E+00  0.00E+00  0.00E+00  0.00E+00  0.00E+00  0.00E+00 1.83E-22
    130      1.537  1.18E-02 3.468E-20 1.862E-11 5.138E-22 4.692E-12 2.634E-10  6.1023E-06 5.069E-08 6.102E-06 8.168E-04 -7.337E-19 -1.603E-12 -7.746E-10   3.22E-10   1.10E+01   1.34E+01   4.12E+01 1.0000000  4.239E-24 -1.809E-25  2.064E-24  0.000E+00  0.000E+00  0.000E+00 1.170E-04 4.110E+01 2.493E-18-1.110E-16 0.000E+00  0.00E+00  0.00E+00  0.00E+00  0.00E+00  0.00E+00  0.00E+00  0.00E+00  0.00E+00  0.00E+00  0.00E+00  0.00E+00  0.00E+00  0.00E+00  0.00E+00  0.00E+00  0.00E+00  0.00E+00  0.00E+00  0.00E+00  0.00E+00  0.00E+00  0.00E+00  0.00E+00  0.00E+00 3.08E-21
    140      1.655  1.18E-02 6.675E-19 7.781E-11 8.803E-21 1.931E-11 1.155E-09  1.2475E-05 2.266E-07 1.247E-05 1.729E-03 -1.401E-17 -6.859E-12 -3.293E-09   1.38E-09   1.10E+01   1.34E+01   4.11E+01 1.0000000  1.034E-24  1.448E-24  2.699E-24  0.000E+00  0.000E+00  0.000E+00 2.320E-04 4.070E+01-4.540E-18 4.857E-17 0.000E+00  0.00E+00  0.00E+00  0.00E+00  0.00E+00  0.00E+00  0.00E+00  0.00E+00  0.00E+00  0.00E+00  0.00E+00  0.00E+00  0.00E+00  0.00E+00  0.00E+00  0.00E+00  0.00E+00  0.00E+00  0.00E+00  0.00E+00  0.00E+00  0.00E+00  0.00E+00  0.00E+00  0.00E+00 5.28E-20
    150      1.773  1.18E-02 1.289E-17 3.284E-10 1.527E-19 8.008E-11 5.077E-09  2.5626E-05 1.010E-06 2.563E-05 3.654E-03 -2.682E-16 -2.947E-11 -1.406E-08   5.93E-09   1.10E+01   1.34E+01   4.09E+01 1.0000000 -3.102E-24  4.601E-24  1.690E-23  0.000E+00  0.000E+00  0.000E+00 4.628E-04 4.033E+01 4.963E-18 4.163E-17 4.441E-16  0.00E+00  0.00E+00  0.00E+00  0.00E+00  0.00E+00  0.00E+00  0.00E+00  0.00E+00  0.00E+00  0.00E+00  0.00E+00  0.00E+00  0.00E+00  0.00E+00  0.00E+00  0.00E+00  0.00E+00  0.00E+00  0.00E+00  0.00E+00  0.00E+00  0.00E+00  0.00E+00  0.00E+00 9.16E-19
    160      1.891  1.18E-02 2.493E-16 1.396E-09 2.673E-18 3.340E-10 2.233E-08  5.2846E-05 4.486E-06 5.285E-05 7.717E-03 -5.135E-15 -1.271E-10 -6.030E-08   2.56E-08   1.10E+01   1.34E+01   4.08E+01 1.0000000 -5.790E-24 -1.158E-23  2.109E-23  0.000E+00  0.000E+00  0.000E+00 9.281E-04 3.998E+01 3.714E-18 2.637E-16 2.220E-16  0.00E+00  0.00E+00  0.00E+00  0.00E+00  0.00E+00  0.00E+00  0.00E+00  0.00E+00  0.00E+00  0.00E+00  0.00E+00  0.00E+00  0.00E+00  0.00E+00  0.00E+00  0.00E+00  0.00E+00  0.00E+00  0.00E+00  0.00E+00  0.00E+00  0.00E+00  0.00E+00  0.00E+00 1.60E-17
    170      2.009  1.18E-02 4.827E-15 5.974E-09 4.718E-17 1.399E-09 9.826E-08  1.0931E-04 1.988E-05 1.093E-04 1.635E-02 -9.832E-14 -5.497E-10 -2.594E-07   1.11E-07   1.10E+01   1.34E+01   4.07E+01 1.0000000 -2.399E-23  4.984E-23  2.791E-23  0.000E+00  0.000E+00  0.000E+00 1.869E-03 3.966E+01-1.926E-18 3.469E-17 2.220E-16  0.00E+00  0.00E+00  0.00E+00  0.00E+00  0.00E+00  0.00E+00  0.00E+00  0.00E+00  0.00E+00  0.00E+00  0.00E+00  0.00E+00  0.00E+00  0.00E+00  0.00E+00  0.00E+00  0.00E+00  0.00E+00  0.00E+00  0.00E+00  0.00E+00  0.00E+00  0.00E+00  0.00E+00 2.83E-16
    180      2.128  1.18E-02 9.344E-14 2.568E-08 8.376E-16 5.883E-09 4.323E-07  2.2661E-04 8.786E-05 2.266E-04 3.479E-02 -1.880E-12 -2.384E-09 -1.119E-06   4.79E-07   1.10E+01   1.34E+01   4.06E+01 1.0000000 -3.970E-23  4.177E-23  1.715E-22  0.000E+00  0.000E+00  0.000E+00 3.774E-03 3.936E+01 3.369E-18 1.874E-16 8.882E-16  0.00E+00  0.00E+00  0.00E+00  0.00E+00  0.00E+00  0.00E+00  0.00E+00  0.00E+00  0.00E+00  0.00E+00  0.00E+00  0.00E+00  0.00E+00  0.00E+00  0.00E+00  0.00E+00  0.00E+00  0.00E+00  0.00E+00  0.00E+00  0.00E+00  0.00E+00  0.00E+00  0.00E+00 5.03E-15
    190      2.246  1.18E-02 1.804E-12 1.107E-07 1.491E-14 2.479E-08 1.900E-06  4.7050E-04 3.877E-04 4.705E-04 7.383E-02 -3.584E-11 -1.035E-08 -4.835E-06   2.08E-06   1.09E+01   1.34E+01   4.04E+01 1.0000000 -6.948E-23 -6.659E-23  1.544E-22  0.000E+00  0.000E+00  0.000E+00 7.612E-03 3.908E+01 1.279E-17 1.874E-16-4.441E-16  0.00E+00  0.00E+00  0.00E+00  0.00E+00  0.00E+00  0.00E+00  0.00E+00  0.00E+00  0.00E+00  0.00E+00  0.00E+00  0.00E+00  0.00E+00  0.00E+00  0.00E+00  0.00E+00  0.00E+00  0.00E+00  0.00E+00  0.00E+00  0.00E+00  0.00E+00  0.00E+00  0.00E+00 8.95E-14
    200      2.364  1.18E-02 3.444E-11 4.769E-07 2.637E-13 1.044E-07 8.301E-06  9.7663E-04 1.704E-03 9.769E-04 1.558E-01 -6.742E-10 -4.487E-08 -2.085E-05   9.02E-06   1.09E+01   1.34E+01   4.03E+01 1.0000000  5.294E-23  2.266E-22  1.280E-22  0.000E+00  0.000E+00  0.000E+00 1.510E-02 3.881E+01-1.045E-17 1.318E-16 0.000E+00  0.00E+00  0.00E+00  0.00E+00  0.00E+00  0.00E+00  0.00E+00  0.00E+00  0.00E+00  0.00E+00  0.00E+00  0.00E+00  0.00E+00  0.00E+00  0.00E+00  0.00E+00  0.00E+00  0.00E+00  0.00E+00  0.00E+00  0.00E+00  0.00E+00  0.00E+00  0.00E+00  0.00E+00 1.58E-12
    210      2.482  1.18E-02 6.276E-10 2.029E-06 4.474E-12 4.351E-07 3.546E-05  2.0143E-03 7.160E-03 2.017E-03 3.227E-01 -1.205E-08 -1.921E-07 -8.853E-05   3.86E-05   1.09E+01   1.33E+01   4.03E+01 1.0000000 -3.970E-23 -3.391E-22  9.220E-22  0.000E+00  0.000E+00  0.000E+00 2.773E-02 3.856E+01-4.785E-18-2.151E-16 2.220E-16  0.00E+00  0.00E+00  0.00E+00  0.00E+00  0.00E+00  0.00E+00  0.00E+00  0.00E+00  0.00E+00  0.00E+00  0.00E+00  0.00E+00  0.00E+00  0.00E+00  0.00E+00  0.00E+00  0.00E+00  0.00E+00  0.00E+00  0.00E+00  0.00E+00  0.00E+00  0.00E+00  0.00E+00 2.68E-11
    220      2.599  1.16E-02 9.593E-09 8.153E-06 6.385E-11 1.726E-06 1.389E-04  4.0381E-03 2.591E-02 4.056E-03 6.249E-01 -1.773E-07 -7.802E-07 -3.526E-04   1.57E-04   1.09E+01   1.33E+01   4.02E+01 1.0000000 -9.264E-22  3.640E-23  3.264E-22  0.000E+00  0.000E+00  0.000E+00 4.724E-02 3.832E+01 4.633E-18 1.388E-17 4.441E-16  0.00E+00  0.00E+00  0.00E+00  0.00E+00  0.00E+00  0.00E+00  0.00E+00  0.00E+00  0.00E+00  0.00E+00  0.00E+00  0.00E+00  0.00E+00  0.00E+00  0.00E+00  0.00E+00  0.00E+00  0.00E+00  0.00E+00  0.00E+00  0.00E+00  0.00E+00  0.00E+00  0.00E+00 3.83E-10
    230      2.713  1.12E-02 9.231E-08 2.787E-05 5.595E-10 5.882E-06 4.325E-04  7.4654E-03 6.417E-02 7.562E-03 1.016E+00 -1.575E-06 -2.722E-06 -1.179E-03   5.47E-04   1.09E+01   1.33E+01   4.01E+01 1.0000000 -2.382E-21 -1.522E-22  7.582E-22  0.000E+00  0.000E+00  0.000E+00 1.560E-01 3.810E+01-1.408E-17-1.249E-16 2.220E-16  0.00E+00  0.00E+00  0.00E+00  0.00E+00  0.00E+00  0.00E+00  0.00E+00  0.00E+00  0.00E+00  0.00E+00  0.00E+00  0.00E+00  0.00E+00  0.00E+00  0.00E+00  0.00E+00  0.00E+00  0.00E+00  0.00E+00  0.00E+00  0.00E+00  0.00E+00  0.00E+00  0.00E+00 3.36E-09
    240      2.824  1.09E-02 4.703E-07 7.397E-05 2.390E-09 1.537E-05 9.797E-04  1.2163E-02 1.022E-01 1.247E-02 1.314E+00 -7.196E-06 -7.433E-06 -3.029E-03   1.49E-03   1.09E+01   1.33E+01   3.99E+01 1.0000000  6.300E-21  2.435E-21 -1.342E-21  0.000E+00  0.000E+00  0.000E+00 3.893E-01 3.790E+01-3.673E-18 5.898E-16 0.000E+00  0.00E+00  0.00E+00  0.00E+00  0.00E+00  0.00E+00  0.00E+00  0.00E+00  0.00E+00  0.00E+00  0.00E+00  0.00E+00  0.00E+00  0.00E+00  0.00E+00  0.00E+00  0.00E+00  0.00E+00  0.00E+00  0.00E+00  0.00E+00  0.00E+00  0.00E+00  0.00E+00  0.00E+00 1.43E-08
    250      2.931  1.06E-02 1.474E-06 1.558E-04 5.931E-09 3.100E-05 1.739E-03  1.7652E-02 1.243E-01 1.831E-02 1.477E+00 -2.062E-05 -1.610E-05 -6.158E-03   3.24E-03   1.09E+01   1.33E+01   3.97E+01 1.0000000  3.600E-21  3.309E-21  4.000E-21  0.000E+00  0.000E+00  0.000E+00 6.353E-01 3.773E+01-1.336E-17-4.857E-17-2.220E-16  0.00E+00  0.00E+00  0.00E+00  0.00E+00  0.00E+00  0.00E+00  0.00E+00  0.00E+00  0.00E+00  0.00E+00  0.00E+00  0.00E+00  0.00E+00  0.00E+00  0.00E+00  0.00E+00  0.00E+00  0.00E+00  0.00E+00  0.00E+00  0.00E+00  0.00E+00  0.00E+00  0.00E+00 3.56E-08
    260      3.037  1.05E-02 3.406E-06 2.774E-04 1.074E-08 5.210E-05 2.647E-03  2.3553E-02 1.346E-01 2.466E-02 1.578E+00 -4.459E-05 -2.938E-05 -1.055E-02   5.91E-03   1.09E+01   1.33E+01   3.91E+01 1.0000000 -8.470E-22  5.982E-21  3.845E-20  0.000E+00  0.000E+00  0.000E+00 8.395E-01 3.758E+01-6.477E-18 1.596E-16-2.220E-16  0.00E+00  0.00E+00  0.00E+00  0.00E+00  0.00E+00  0.00E+00  0.00E+00  0.00E+00  0.00E+00  0.00E+00  0.00E+00  0.00E+00  0.00E+00  0.00E+00  0.00E+00  0.00E+00  0.00E+00  0.00E+00  0.00E+00  0.00E+00  0.00E+00  0.00E+00  0.00E+00  0.00E+00 6.45E-08
    270      3.141  1.03E-02 6.553E-06 4.399E-04 1.632E-08 7.735E-05 3.678E-03  2.9661E-02 1.598E-01 3.126E-02 1.655E+00 -8.065E-05 -4.741E-05 -1.596E-02   9.54E-03   1.09E+01   1.33E+01   3.84E+01 1.0000000 -4.235E-21 -1.302E-20  2.189E-21  0.000E+00  0.000E+00  0.000E+00 9.981E-01 3.743E+01 8.183E-18-2.776E-17 2.220E-16  0.00E+00  0.00E+00  0.00E+00  0.00E+00  0.00E+00  0.00E+00  0.00E+00  0.00E+00  0.00E+00  0.00E+00  0.00E+00  0.00E+00  0.00E+00  0.00E+00  0.00E+00  0.00E+00  0.00E+00  0.00E+00  0.00E+00  0.00E+00  0.00E+00  0.00E+00  0.00E+00  0.00E+00 9.79E-08
    280      3.243  1.02E-02 1.117E-05 6.459E-04 2.365E-08 1.056E-04 4.816E-03  3.5942E-02 1.948E-01 3.804E-02 1.730E+00 -1.298E-04 -6.999E-05 -2.207E-02   1.41E-02   1.09E+01   1.33E+01   3.77E+01 0.9999999  9.317E-21 -6.776E-21 -2.610E-20  0.000E+00  0.000E+00  0.000E+00 1.092E+00 3.729E+01-5.641E-18-7.633E-17-2.220E-16  0.00E+00  0.00E+00  0.00E+00  0.00E+00  0.00E+00  0.00E+00  0.00E+00  0.00E+00  0.00E+00  0.00E+00  0.00E+00  0.00E+00  0.00E+00  0.00E+00  0.00E+00  0.00E+00  0.00E+00  0.00E+00  0.00E+00  0.00E+00  0.00E+00  0.00E+00  0.00E+00  0.00E+00 1.42E-07
    290      3.345  1.01E-02 1.747E-05 9.029E-04 3.604E-08 1.372E-04 6.042E-03  4.2494E-02 2.098E-01 4.511E-02 1.787E+00 -1.939E-04 -9.674E-05 -2.860E-02   1.95E-02   1.09E+01   1.33E+01   3.70E+01 0.9999999 -4.066E-20 -1.927E-20  1.740E-20  0.000E+00  0.000E+00  0.000E+00 1.143E+00 3.714E+01 2.163E-17 2.567E-16-2.220E-16  0.00E+00  0.00E+00  0.00E+00  0.00E+00  0.00E+00  0.00E+00  0.00E+00  0.00E+00  0.00E+00  0.00E+00  0.00E+00  0.00E+00  0.00E+00  0.00E+00  0.00E+00  0.00E+00  0.00E+00  0.00E+00  0.00E+00  0.00E+00  0.00E+00  0.00E+00  0.00E+00  0.00E+00 2.16E-07
    300      3.446  9.99E-03 2.587E-05 1.220E-03 5.683E-08 1.740E-04 7.373E-03  4.9388E-02 2.543E-01 5.254E-02 1.840E+00 -2.787E-04 -1.270E-04 -3.515E-02   2.56E-02   1.09E+01   1.32E+01   3.63E+01 0.9999999  4.913E-20  1.525E-20  3.989E-20  0.000E+00  0.000E+00  0.000E+00 1.210E+00 3.701E+01-1.675E-19-1.665E-16 0.000E+00  0.00E+00  0.00E+00  0.00E+00  0.00E+00  0.00E+00  0.00E+00  0.00E+00  0.00E+00  0.00E+00  0.00E+00  0.00E+00  0.00E+00  0.00E+00  0.00E+00  0.00E+00  0.00E+00  0.00E+00  0.00E+00  0.00E+00  0.00E+00  0.00E+00  0.00E+00  0.00E+00  0.00E+00 3.41E-07
    310      3.545  9.86E-03 3.720E-05 1.599E-03 8.647E-08 2.188E-04 8.867E-03  5.6559E-02 3.017E-01 6.030E-02 1.872E+00 -3.946E-04 -1.594E-04 -4.122E-02   3.21E-02   1.09E+01   1.32E+01   3.61E+01 0.9999998 -6.099E-20  2.658E-20 -2.434E-20  0.000E+00  0.000E+00  0.000E+00 1.319E+00 3.690E+01-5.566E-18-9.714E-17 4.441E-16  0.00E+00  0.00E+00  0.00E+00  0.00E+00  0.00E+00  0.00E+00  0.00E+00  0.00E+00  0.00E+00  0.00E+00  0.00E+00  0.00E+00  0.00E+00  0.00E+00  0.00E+00  0.00E+00  0.00E+00  0.00E+00  0.00E+00  0.00E+00  0.00E+00  0.00E+00  0.00E+00  0.00E+00 5.19E-07
    320      3.643  9.76E-03 5.267E-05 2.042E-03 1.228E-07 2.734E-04 1.059E-02  6.3907E-02 3.433E-01 6.826E-02 1.893E+00 -5.505E-04 -1.931E-04 -4.638E-02   3.89E-02   1.09E+01   1.32E+01   3.58E+01 0.9999998  1.355E-20  3.473E-20  1.986E-20  0.000E+00  0.000E+00  0.000E+00 1.457E+00 3.680E+01 1.180E-17-2.359E-16 2.220E-16  0.00E+00  0.00E+00  0.00E+00  0.00E+00  0.00E+00  0.00E+00  0.00E+00  0.00E+00  0.00E+00  0.00E+00  0.00E+00  0.00E+00  0.00E+00  0.00E+00  0.00E+00  0.00E+00  0.00E+00  0.00E+00  0.00E+00  0.00E+00  0.00E+00  0.00E+00  0.00E+00  0.00E+00 7.37E-07
    330      3.741  9.67E-03 7.321E-05 2.541E-03 1.642E-07 3.379E-04 1.252E-02  7.1294E-02 3.876E-01 7.626E-02 1.882E+00 -7.492E-04 -2.279E-04 -5.040E-02   4.59E-02   1.08E+01   1.31E+01   3.51E+01 0.9999997  6.776E-21 -1.271E-20 -9.526E-21  0.000E+00  0.000E+00  0.000E+00 1.592E+00 3.670E+01 1.696E-17 2.359E-16 0.000E+00  0.00E+00  0.00E+00  0.00E+00  0.00E+00  0.00E+00  0.00E+00  0.00E+00  0.00E+00  0.00E+00  0.00E+00  0.00E+00  0.00E+00  0.00E+00  0.00E+00  0.00E+00  0.00E+00  0.00E+00  0.00E+00  0.00E+00  0.00E+00  0.00E+00  0.00E+00  0.00E+00  0.00E+00 9.85E-07
    340      3.837  9.61E-03 9.906E-05 3.090E-03 2.120E-07 4.108E-04 1.461E-02  7.8619E-02 4.353E-01 8.419E-02 1.952E+00 -9.865E-04 -2.638E-04 -5.318E-02   5.31E-02   1.08E+01   1.31E+01   3.48E+01 0.9999997 -1.118E-19  3.049E-20  4.281E-20  0.000E+00  0.000E+00  0.000E+00 1.712E+00 3.661E+01 1.963E-18-3.955E-16-2.220E-16  0.00E+00  0.00E+00  0.00E+00  0.00E+00  0.00E+00  0.00E+00  0.00E+00  0.00E+00  0.00E+00  0.00E+00  0.00E+00  0.00E+00  0.00E+00  0.00E+00  0.00E+00  0.00E+00  0.00E+00  0.00E+00  0.00E+00  0.00E+00  0.00E+00  0.00E+00  0.00E+00  0.00E+00 1.27E-06
    350      3.933  9.58E-03 1.297E-04 3.683E-03 2.691E-07 4.904E-04 1.676E-02  8.5831E-02 4.746E-01 9.200E-02 2.044E+00 -1.245E-03 -3.007E-04 -5.469E-02   6.06E-02   1.08E+01   1.31E+01   3.45E+01 0.9999996 -1.863E-19 -3.219E-20  3.384E-20  0.000E+00  0.000E+00  0.000E+00 1.827E+00 3.652E+01-3.030E-18-2.498E-16 4.441E-16  0.00E+00  0.00E+00  0.00E+00  0.00E+00  0.00E+00  0.00E+00  0.00E+00  0.00E+00  0.00E+00  0.00E+00  0.00E+00  0.00E+00  0.00E+00  0.00E+00  0.00E+00  0.00E+00  0.00E+00  0.00E+00  0.00E+00  0.00E+00  0.00E+00  0.00E+00  0.00E+00  0.00E+00 1.61E-06
    360      4.028  9.39E-03 1.640E-04 4.309E-03 3.365E-07 5.743E-04 1.887E-02  9.2836E-02 4.917E-01 9.960E-02 2.145E+00 -1.495E-03 -3.381E-04 -5.488E-02   6.81E-02   1.08E+01   1.30E+01   3.38E+01 0.9999995  1.999E-19  3.219E-20  6.356E-20  0.000E+00  0.000E+00  0.000E+00 1.941E+00 3.645E+01-1.304E-17 3.539E-16 2.220E-16  0.00E+00  0.00E+00  0.00E+00  0.00E+00  0.00E+00  0.00E+00  0.00E+00  0.00E+00  0.00E+00  0.00E+00  0.00E+00  0.00E+00  0.00E+00  0.00E+00  0.00E+00  0.00E+00  0.00E+00  0.00E+00  0.00E+00  0.00E+00  0.00E+00  0.00E+00  0.00E+00  0.00E+00 2.02E-06
    370      4.121  9.18E-03 2.009E-04 4.950E-03 4.098E-07 6.596E-04 2.089E-02  9.9497E-02 4.862E-01 1.068E-01 2.188E+00 -1.720E-03 -3.749E-04 -5.379E-02   7.55E-02   1.07E+01   1.30E+01   3.37E+01 0.9999994  3.083E-19  8.979E-20 -8.038E-20  0.000E+00  0.000E+00  0.000E+00 2.037E+00 3.637E+01-1.723E-17 9.021E-17-2.220E-16  0.00E+00  0.00E+00  0.00E+00  0.00E+00  0.00E+00  0.00E+00  0.00E+00  0.00E+00  0.00E+00  0.00E+00  0.00E+00  0.00E+00  0.00E+00  0.00E+00  0.00E+00  0.00E+00  0.00E+00  0.00E+00  0.00E+00  0.00E+00  0.00E+00  0.00E+00  0.00E+00  0.00E+00 2.46E-06
    380      4.212  8.93E-03 2.406E-04 5.594E-03 4.873E-07 7.442E-04 2.284E-02  1.0577E-01 5.350E-01 1.137E-01 2.202E+00 -1.939E-03 -4.107E-04 -5.153E-02   8.27E-02   1.07E+01   1.29E+01   3.37E+01 0.9999992  9.148E-20  7.623E-20  5.034E-20  0.000E+00  0.000E+00  0.000E+00 2.117E+00 3.628E+01-4.460E-18-1.874E-16 0.000E+00  0.00E+00  0.00E+00  0.00E+00  0.00E+00  0.00E+00  0.00E+00  0.00E+00  0.00E+00  0.00E+00  0.00E+00  0.00E+00  0.00E+00  0.00E+00  0.00E+00  0.00E+00  0.00E+00  0.00E+00  0.00E+00  0.00E+00  0.00E+00  0.00E+00  0.00E+00  0.00E+00  0.00E+00 2.92E-06
    390      4.300  8.75E-03 2.836E-04 6.240E-03 5.819E-07 8.269E-04 2.479E-02  1.1171E-01 6.453E-01 1.202E-01 2.130E+00 -2.165E-03 -4.455E-04 -4.824E-02   8.97E-02   1.07E+01   1.29E+01   3.32E+01 0.9999989 -1.796E-19 -6.437E-20  6.073E-20  0.000E+00  0.000E+00  0.000E+00 2.185E+00 3.619E+01 9.995E-18 4.857E-17-4.441E-16  0.00E+00  0.00E+00  0.00E+00  0.00E+00  0.00E+00  0.00E+00  0.00E+00  0.00E+00  0.00E+00  0.00E+00  0.00E+00  0.00E+00  0.00E+00  0.00E+00  0.00E+00  0.00E+00  0.00E+00  0.00E+00  0.00E+00  0.00E+00  0.00E+00  0.00E+00  0.00E+00  0.00E+00 3.49E-06
    400      4.388  8.80E-03 3.283E-04 6.899E-03 7.116E-07 9.088E-04 2.668E-02  1.1746E-01 7.035E-01 1.264E-01 1.961E+00 -2.308E-03 -4.799E-04 -4.448E-02   9.66E-02   1.07E+01   1.28E+01   3.28E+01 0.9999984  1.694E-19 -1.694E-20 -2.404E-19  0.000E+00  0.000E+00  0.000E+00 2.227E+00 3.609E+01-1.541E-18 2.012E-16-2.220E-16  0.00E+00  0.00E+00  0.00E+00  0.00E+00  0.00E+00  0.00E+00  0.00E+00  0.00E+00  0.00E+00  0.00E+00  0.00E+00  0.00E+00  0.00E+00  0.00E+00  0.00E+00  0.00E+00  0.00E+00  0.00E+00  0.00E+00  0.00E+00  0.00E+00  0.00E+00  0.00E+00  0.00E+00 4.27E-06
    410      4.477  9.01E-03 3.702E-04 7.594E-03 8.483E-07 9.918E-04 2.837E-02  1.2324E-01 6.832E-01 1.327E-01 1.800E+00 -2.204E-03 -5.141E-04 -4.119E-02   1.04E-01   1.06E+01   1.28E+01   3.25E+01 0.9999979  1.542E-19  1.355E-20 -1.531E-19  0.000E+00  0.000E+00  0.000E+00 2.250E+00 3.599E+01-1.026E-17 1.318E-16-4.441E-16  0.00E+00  0.00E+00  0.00E+00  0.00E+00  0.00E+00  0.00E+00  0.00E+00  0.00E+00  0.00E+00  0.00E+00  0.00E+00  0.00E+00  0.00E+00  0.00E+00  0.00E+00  0.00E+00  0.00E+00  0.00E+00  0.00E+00  0.00E+00  0.00E+00  0.00E+00  0.00E+00  0.00E+00 5.09E-06
    420      4.568  9.34E-03 4.093E-04 8.338E-03 9.469E-07 1.075E-03 2.987E-02  1.2914E-01 6.236E-01 1.391E-01 1.813E+00 -1.828E-03 -5.477E-04 -3.905E-02   1.10E-01   1.06E+01   1.27E+01   3.19E+01 0.9999975  9.826E-20  7.454E-20  1.082E-19  0.000E+00  0.000E+00  0.000E+00 2.273E+00 3.589E+01-1.139E-18 2.290E-16-2.220E-16  0.00E+00  0.00E+00  0.00E+00  0.00E+00  0.00E+00  0.00E+00  0.00E+00  0.00E+00  0.00E+00  0.00E+00  0.00E+00  0.00E+00  0.00E+00  0.00E+00  0.00E+00  0.00E+00  0.00E+00  0.00E+00  0.00E+00  0.00E+00  0.00E+00  0.00E+00  0.00E+00  0.00E+00 5.68E-06
    430      4.663  9.61E-03 4.522E-04 9.133E-03 1.039E-06 1.154E-03 3.139E-02  1.3515E-01 5.122E-01 1.457E-01 1.783E+00 -1.321E-03 -5.796E-04 -3.813E-02   1.17E-01   1.06E+01   1.27E+01   3.17E+01 0.9999973 -2.439E-19  4.743E-20  7.306E-21  0.000E+00  0.000E+00  0.000E+00 2.301E+00 3.578E+01 8.654E-18-6.245E-17 0.000E+00  0.00E+00  0.00E+00  0.00E+00  0.00E+00  0.00E+00  0.00E+00  0.00E+00  0.00E+00  0.00E+00  0.00E+00  0.00E+00  0.00E+00  0.00E+00  0.00E+00  0.00E+00  0.00E+00  0.00E+00  0.00E+00  0.00E+00  0.00E+00  0.00E+00  0.00E+00  0.00E+00  0.00E+00 6.23E-06
    440      4.759  9.57E-03 5.032E-04 9.945E-03 1.152E-06 1.226E-03 3.308E-02  1.4103E-01 5.107E-01 1.522E-01 1.769E+00 -8.472E-04 -6.080E-04 -3.822E-02   1.22E-01   1.05E+01   1.26E+01   3.19E+01 0.9999971 -1.626E-19 -1.491E-19 -9.148E-20  0.000E+00  0.000E+00  0.000E+00 2.329E+00 3.567E+01 1.417E-17 2.151E-16 2.220E-16  0.00E+00  0.00E+00  0.00E+00  0.00E+00  0.00E+00  0.00E+00  0.00E+00  0.00E+00  0.00E+00  0.00E+00  0.00E+00  0.00E+00  0.00E+00  0.00E+00  0.00E+00  0.00E+00  0.00E+00  0.00E+00  0.00E+00  0.00E+00  0.00E+00  0.00E+00  0.00E+00  0.00E+00 6.91E-06
    450      4.855  9.57E-03 5.589E-04 1.077E-02 1.305E-06 1.295E-03 3.485E-02  1.4674E-01 5.910E-01 1.584E-01 1.778E+00 -5.249E-04 -6.324E-04 -3.896E-02   1.27E-01   1.05E+01   1.25E+01   3.17E+01 0.9999969 -5.421E-20  0.000E+00 -7.412E-21  0.000E+00  0.000E+00  0.000E+00 2.357E+00 3.556E+01 7.024E-18-2.359E-16 2.220E-16  0.00E+00  0.00E+00  0.00E+00  0.00E+00  0.00E+00  0.00E+00  0.00E+00  0.00E+00  0.00E+00  0.00E+00  0.00E+00  0.00E+00  0.00E+00  0.00E+00  0.00E+00  0.00E+00  0.00E+00  0.00E+00  0.00E+00  0.00E+00  0.00E+00  0.00E+00  0.00E+00  0.00E+00 7.83E-06
    460      4.950  9.49E-03 6.125E-04 1.162E-02 1.498E-06 1.366E-03 3.651E-02  1.5245E-01 5.552E-01 1.646E-01 1.789E+00 -4.250E-04 -6.534E-04 -3.982E-02   1.31E-01   1.04E+01   1.24E+01   3.16E+01 0.9999967 -1.355E-19 -2.575E-19  2.869E-19  0.000E+00  0.000E+00  0.000E+00 2.378E+00 3.544E+01-1.063E-17-6.939E-17-4.441E-16  0.00E+00  0.00E+00  0.00E+00  0.00E+00  0.00E+00  0.00E+00  0.00E+00  0.00E+00  0.00E+00  0.00E+00  0.00E+00  0.00E+00  0.00E+00  0.00E+00  0.00E+00  0.00E+00  0.00E+00  0.00E+00  0.00E+00  0.00E+00  0.00E+00  0.00E+00  0.00E+00  0.00E+00 8.99E-06
    470      5.045  9.50E-03 6.605E-04 1.252E-02 1.683E-06 1.439E-03 3.797E-02  1.5821E-01 4.899E-01 1.708E-01 1.807E+00 -4.878E-04 -6.714E-04 -4.054E-02   1.35E-01   1.04E+01   1.24E+01   3.14E+01 0.9999965 -1.220E-19  0.000E+00  2.749E-19  0.000E+00  0.000E+00  0.000E+00 2.421E+00 3.532E+01 1.895E-17 3.469E-16 4.441E-16  0.00E+00  0.00E+00  0.00E+00  0.00E+00  0.00E+00  0.00E+00  0.00E+00  0.00E+00  0.00E+00  0.00E+00  0.00E+00  0.00E+00  0.00E+00  0.00E+00  0.00E+00  0.00E+00  0.00E+00  0.00E+00  0.00E+00  0.00E+00  0.00E+00  0.00E+00  0.00E+00  0.00E+00 1.01E-05
    480      5.140  9.58E-03 7.058E-04 1.345E-02 1.844E-06 1.516E-03 3.929E-02  1.6404E-01 4.694E-01 1.770E-01 1.819E+00 -6.057E-04 -6.864E-04 -4.096E-02   1.38E-01   1.03E+01   1.23E+01   3.13E+01 0.9999964  7.183E-19  5.421E-20  9.571E-20  0.000E+00  0.000E+00  0.000E+00 2.476E+00 3.519E+01-1.669E-18 1.943E-16-4.441E-16  0.00E+00  0.00E+00  0.00E+00  0.00E+00  0.00E+00  0.00E+00  0.00E+00  0.00E+00  0.00E+00  0.00E+00  0.00E+00  0.00E+00  0.00E+00  0.00E+00  0.00E+00  0.00E+00  0.00E+00  0.00E+00  0.00E+00  0.00E+00  0.00E+00  0.00E+00  0.00E+00  0.00E+00 1.11E-05
    490      5.236  9.68E-03 7.512E-04 1.443E-02 1.999E-06 1.595E-03 4.055E-02  1.6987E-01 4.302E-01 1.832E-01 1.817E+00 -7.081E-04 -6.972E-04 -4.068E-02   1.40E-01   1.03E+01   1.22E+01   3.12E+01 0.9999963  1.931E-19 -2.439E-19  1.703E-19  0.000E+00  0.000E+00  0.000E+00 2.508E+00 3.505E+01-1.033E-17-1.388E-17-2.220E-16  0.00E+00  0.00E+00  0.00E+00  0.00E+00  0.00E+00  0.00E+00  0.00E+00  0.00E+00  0.00E+00  0.00E+00  0.00E+00  0.00E+00  0.00E+00  0.00E+00  0.00E+00  0.00E+00  0.00E+00  0.00E+00  0.00E+00  0.00E+00  0.00E+00  0.00E+00  0.00E+00  0.00E+00 1.20E-05
    500      5.334  9.80E-03 7.982E-04 1.542E-02 2.157E-06 1.681E-03 4.180E-02  1.7563E-01 4.031E-01 1.893E-01 1.803E+00 -7.566E-04 -7.035E-04 -3.945E-02   1.41E-01   1.02E+01   1.21E+01   3.10E+01 0.9999961  1.660E-19 -2.439E-19 -1.419E-19  0.000E+00  0.000E+00  0.000E+00 2.516E+00 3.489E+01-4.082E-18 2.776E-17 0.000E+00  0.00E+00  0.00E+00  0.00E+00  0.00E+00  0.00E+00  0.00E+00  0.00E+00  0.00E+00  0.00E+00  0.00E+00  0.00E+00  0.00E+00  0.00E+00  0.00E+00  0.00E+00  0.00E+00  0.00E+00  0.00E+00  0.00E+00  0.00E+00  0.00E+00  0.00E+00  0.00E+00  0.00E+00 1.29E-05
    510      5.432  9.82E-03 8.471E-04 1.643E-02 2.310E-06 1.777E-03 4.307E-02  1.8125E-01 4.125E-01 1.954E-01 1.801E+00 -7.527E-04 -7.050E-04 -3.735E-02   1.42E-01   1.02E+01   1.20E+01   3.09E+01 0.9999959 -1.559E-19 -2.711E-20 -5.620E-19  0.000E+00  0.000E+00  0.000E+00 2.512E+00 3.473E+01 7.324E-18-1.388E-16 0.000E+00  0.00E+00  0.00E+00  0.00E+00  0.00E+00  0.00E+00  0.00E+00  0.00E+00  0.00E+00  0.00E+00  0.00E+00  0.00E+00  0.00E+00  0.00E+00  0.00E+00  0.00E+00  0.00E+00  0.00E+00  0.00E+00  0.00E+00  0.00E+00  0.00E+00  0.00E+00  0.00E+00  0.00E+00 1.39E-05
    520      5.530  9.83E-03 8.980E-04 1.742E-02 2.443E-06 1.884E-03 4.436E-02  1.8664E-01 4.369E-01 2.012E-01 1.825E+00 -7.220E-04 -7.024E-04 -3.462E-02   1.41E-01   1.01E+01   1.20E+01   3.07E+01 0.9999957  6.099E-20  0.000E+00 -1.919E-19  0.000E+00  0.000E+00  0.000E+00 2.506E+00 3.456E+01-3.964E-18-4.163E-17-2.220E-16  0.00E+00  0.00E+00  0.00E+00  0.00E+00  0.00E+00  0.00E+00  0.00E+00  0.00E+00  0.00E+00  0.00E+00  0.00E+00  0.00E+00  0.00E+00  0.00E+00  0.00E+00  0.00E+00  0.00E+00  0.00E+00  0.00E+00  0.00E+00  0.00E+00  0.00E+00  0.00E+00  0.00E+00 1.47E-05
    530      5.629  9.86E-03 9.521E-04 1.839E-02 2.556E-06 2.003E-03 4.569E-02  1.9180E-01 4.545E-01 2.067E-01 1.866E+00 -6.850E-04 -6.965E-04 -3.154E-02   1.40E-01   1.01E+01   1.19E+01   3.04E+01 0.9999955 -2.507E-19 -3.253E-19  2.554E-19  0.000E+00  0.000E+00  0.000E+00 2.503E+00 3.439E+01 3.004E-18 2.498E-16 4.441E-16  0.00E+00  0.00E+00  0.00E+00  0.00E+00  0.00E+00  0.00E+00  0.00E+00  0.00E+00  0.00E+00  0.00E+00  0.00E+00  0.00E+00  0.00E+00  0.00E+00  0.00E+00  0.00E+00  0.00E+00  0.00E+00  0.00E+00  0.00E+00  0.00E+00  0.00E+00  0.00E+00  0.00E+00 1.53E-05
    540      5.728  9.95E-03 1.011E-03 1.935E-02 2.659E-06 2.131E-03 4.711E-02  1.9674E-01 4.658E-01 2.120E-01 1.911E+00 -6.509E-04 -6.886E-04 -2.841E-02   1.38E-01   1.00E+01   1.18E+01   3.05E+01 0.9999954  4.947E-19  1.084E-19  1.694E-19  0.000E+00  0.000E+00  0.000E+00 2.505E+00 3.423E+01-7.416E-18-1.388E-16 6.661E-16  0.00E+00  0.00E+00  0.00E+00  0.00E+00  0.00E+00  0.00E+00  0.00E+00  0.00E+00  0.00E+00  0.00E+00  0.00E+00  0.00E+00  0.00E+00  0.00E+00  0.00E+00  0.00E+00  0.00E+00  0.00E+00  0.00E+00  0.00E+00  0.00E+00  0.00E+00  0.00E+00  0.00E+00 1.60E-05
    550      5.827  9.99E-03 1.075E-03 2.029E-02 2.758E-06 2.265E-03 4.860E-02  2.0145E-01 4.691E-01 2.171E-01 1.957E+00 -6.330E-04 -6.796E-04 -2.538E-02   1.37E-01   9.96E+00   1.17E+01   3.06E+01 0.9999953 -2.439E-19  8.132E-20 -1.762E-19  0.000E+00  0.000E+00  0.000E+00 2.511E+00 3.407E+01 3.118E-18-4.163E-17 0.000E+00  0.00E+00  0.00E+00  0.00E+00  0.00E+00  0.00E+00  0.00E+00  0.00E+00  0.00E+00  0.00E+00  0.00E+00  0.00E+00  0.00E+00  0.00E+00  0.00E+00  0.00E+00  0.00E+00  0.00E+00  0.00E+00  0.00E+00  0.00E+00  0.00E+00  0.00E+00  0.00E+00  0.00E+00 1.65E-05
    560      5.927  9.89E-03 1.143E-03 2.120E-02 2.842E-06 2.400E-03 5.014E-02  2.0590E-01 4.472E-01 2.219E-01 1.993E+00 -6.534E-04 -6.705E-04 -2.245E-02   1.35E-01   9.90E+00   1.16E+01   3.04E+01 0.9999952  5.421E-20 -4.337E-19 -1.118E-19  0.000E+00  0.000E+00  0.000E+00 2.516E+00 3.392E+01 3.307E-19 3.192E-16 2.220E-16  0.00E+00  0.00E+00  0.00E+00  0.00E+00  0.00E+00  0.00E+00  0.00E+00  0.00E+00  0.00E+00  0.00E+00  0.00E+00  0.00E+00  0.00E+00  0.00E+00  0.00E+00  0.00E+00  0.00E+00  0.00E+00  0.00E+00  0.00E+00  0.00E+00  0.00E+00  0.00E+00  0.00E+00 1.71E-05
    570      6.025  9.81E-03 1.213E-03 2.207E-02 2.903E-06 2.533E-03 5.168E-02  2.1009E-01 4.386E-01 2.265E-01 2.015E+00 -7.215E-04 -6.616E-04 -1.954E-02   1.33E-01   9.84E+00   1.15E+01   3.02E+01 0.9999952  6.776E-19 -4.201E-19 -1.321E-19  0.000E+00  0.000E+00  0.000E+00 2.517E+00 3.376E+01-5.946E-18 1.388E-17 0.000E+00  0.00E+00  0.00E+00  0.00E+00  0.00E+00  0.00E+00  0.00E+00  0.00E+00  0.00E+00  0.00E+00  0.00E+00  0.00E+00  0.00E+00  0.00E+00  0.00E+00  0.00E+00  0.00E+00  0.00E+00  0.00E+00  0.00E+00  0.00E+00  0.00E+00  0.00E+00  0.00E+00  0.00E+00 1.74E-05
    580      6.123  9.76E-03 1.286E-03 2.291E-02 2.945E-06 2.659E-03 5.323E-02  2.1405E-01 4.334E-01 2.308E-01 2.039E+00 -8.202E-04 -6.533E-04 -1.659E-02   1.31E-01   9.78E+00   1.14E+01   2.99E+01 0.9999951 -5.285E-19  9.487E-20 -8.403E-19  0.000E+00  0.000E+00  0.000E+00 2.514E+00 3.362E+01-1.045E-17-1.943E-16 0.000E+00  0.00E+00  0.00E+00  0.00E+00  0.00E+00  0.00E+00  0.00E+00  0.00E+00  0.00E+00  0.00E+00  0.00E+00  0.00E+00  0.00E+00  0.00E+00  0.00E+00  0.00E+00  0.00E+00  0.00E+00  0.00E+00  0.00E+00  0.00E+00  0.00E+00  0.00E+00  0.00E+00  0.00E+00 1.77E-05
    590      6.221  9.73E-03 1.361E-03 2.372E-02 2.983E-06 2.775E-03 5.478E-02  2.1779E-01 4.164E-01 2.348E-01 2.060E+00 -9.195E-04 -6.457E-04 -1.366E-02   1.30E-01   9.72E+00   1.14E+01   2.93E+01 0.9999951  7.183E-19  2.982E-19  1.948E-19  0.000E+00  0.000E+00  0.000E+00 2.513E+00 3.347E+01 3.671E-18 9.714E-17 0.000E+00  0.00E+00  0.00E+00  0.00E+00  0.00E+00  0.00E+00  0.00E+00  0.00E+00  0.00E+00  0.00E+00  0.00E+00  0.00E+00  0.00E+00  0.00E+00  0.00E+00  0.00E+00  0.00E+00  0.00E+00  0.00E+00  0.00E+00  0.00E+00  0.00E+00  0.00E+00  0.00E+00  0.00E+00 1.79E-05
    600      6.318  9.73E-03 1.438E-03 2.449E-02 3.042E-06 2.878E-03 5.632E-02  2.2133E-01 4.415E-01 2.387E-01 2.075E+00 -9.983E-04 -6.387E-04 -1.084E-02   1.28E-01   9.66E+00   1.13E+01   2.89E+01 0.9999952 -8.132E-20  1.355E-19 -1.254E-19  0.000E+00  0.000E+00  0.000E+00 2.513E+00 3.332E+01 1.529E-17 2.220E-16-4.441E-16  0.00E+00  0.00E+00  0.00E+00  0.00E+00  0.00E+00  0.00E+00  0.00E+00  0.00E+00  0.00E+00  0.00E+00  0.00E+00  0.00E+00  0.00E+00  0.00E+00  0.00E+00  0.00E+00  0.00E+00  0.00E+00  0.00E+00  0.00E+00  0.00E+00  0.00E+00  0.00E+00  0.00E+00 1.83E-05
    610      6.415  9.73E-03 1.515E-03 2.524E-02 3.136E-06 2.970E-03 5.781E-02  2.2470E-01 4.695E-01 2.424E-01 2.077E+00 -1.047E-03 -6.324E-04 -8.259E-03   1.27E-01   9.60E+00   1.12E+01   2.87E+01 0.9999952  1.897E-19 -2.846E-19  4.405E-20  0.000E+00  0.000E+00  0.000E+00 2.515E+00 3.318E+01 1.332E-17-5.829E-16-2.220E-16  0.00E+00  0.00E+00  0.00E+00  0.00E+00  0.00E+00  0.00E+00  0.00E+00  0.00E+00  0.00E+00  0.00E+00  0.00E+00  0.00E+00  0.00E+00  0.00E+00  0.00E+00  0.00E+00  0.00E+00  0.00E+00  0.00E+00  0.00E+00  0.00E+00  0.00E+00  0.00E+00  0.00E+00 1.88E-05
    620      6.513  9.71E-03 1.589E-03 2.597E-02 3.253E-06 3.051E-03 5.921E-02  2.2792E-01 5.003E-01 2.459E-01 2.085E+00 -1.061E-03 -6.268E-04 -6.007E-03   1.26E-01   9.54E+00   1.11E+01   2.85E+01 0.9999952 -2.711E-20  5.150E-19  8.098E-19  0.000E+00  0.000E+00  0.000E+00 2.517E+00 3.303E+01-4.672E-19-1.388E-16 0.000E+00  0.00E+00  0.00E+00  0.00E+00  0.00E+00  0.00E+00  0.00E+00  0.00E+00  0.00E+00  0.00E+00  0.00E+00  0.00E+00  0.00E+00  0.00E+00  0.00E+00  0.00E+00  0.00E+00  0.00E+00  0.00E+00  0.00E+00  0.00E+00  0.00E+00  0.00E+00  0.00E+00  0.00E+00 1.95E-05
    630      6.610  9.69E-03 1.660E-03 2.668E-02 3.366E-06 3.124E-03 6.050E-02  2.3102E-01 5.335E-01 2.492E-01 2.079E+00 -1.048E-03 -6.221E-04 -4.112E-03   1.25E-01   9.48E+00   1.10E+01   2.82E+01 0.9999953 -1.166E-18 -1.626E-19 -3.896E-19  0.000E+00  0.000E+00  0.000E+00 2.518E+00 3.289E+01 7.790E-18-5.551E-17 0.000E+00  0.00E+00  0.00E+00  0.00E+00  0.00E+00  0.00E+00  0.00E+00  0.00E+00  0.00E+00  0.00E+00  0.00E+00  0.00E+00  0.00E+00  0.00E+00  0.00E+00  0.00E+00  0.00E+00  0.00E+00  0.00E+00  0.00E+00  0.00E+00  0.00E+00  0.00E+00  0.00E+00  0.00E+00 2.02E-05
    640      6.707  9.68E-03 1.726E-03 2.738E-02 3.469E-06 3.189E-03 6.168E-02  2.3401E-01 5.675E-01 2.524E-01 2.051E+00 -1.025E-03 -6.183E-04 -2.529E-03   1.24E-01   9.42E+00   1.09E+01   2.81E+01 0.9999953 -2.439E-19  4.066E-19 -6.776E-20  0.000E+00  0.000E+00  0.000E+00 2.517E+00 3.275E+01-1.060E-17 8.327E-17 2.220E-16  0.00E+00  0.00E+00  0.00E+00  0.00E+00  0.00E+00  0.00E+00  0.00E+00  0.00E+00  0.00E+00  0.00E+00  0.00E+00  0.00E+00  0.00E+00  0.00E+00  0.00E+00  0.00E+00  0.00E+00  0.00E+00  0.00E+00  0.00E+00  0.00E+00  0.00E+00  0.00E+00  0.00E+00 2.08E-05
    650      6.803  9.66E-03 1.787E-03 2.806E-02 3.573E-06 3.248E-03 6.276E-02  2.3691E-01 6.016E-01 2.555E-01 2.027E+00 -1.017E-03 -6.152E-04 -1.163E-03   1.24E-01   9.36E+00   1.09E+01   2.81E+01 0.9999954  9.216E-19  1.355E-19  5.895E-19  0.000E+00  0.000E+00  0.000E+00 2.514E+00 3.262E+01-9.053E-18-2.776E-17 0.000E+00  0.00E+00  0.00E+00  0.00E+00  0.00E+00  0.00E+00  0.00E+00  0.00E+00  0.00E+00  0.00E+00  0.00E+00  0.00E+00  0.00E+00  0.00E+00  0.00E+00  0.00E+00  0.00E+00  0.00E+00  0.00E+00  0.00E+00  0.00E+00  0.00E+00  0.00E+00  0.00E+00  0.00E+00 2.14E-05
    660      6.900  9.67E-03 1.846E-03 2.874E-02 3.690E-06 3.302E-03 6.377E-02  2.3973E-01 6.349E-01 2.585E-01 2.020E+00 -1.046E-03 -6.128E-04  9.793E-05   1.23E-01   9.30E+00   1.08E+01   2.80E+01 0.9999956  0.000E+00 -5.421E-19 -7.522E-19  0.000E+00  0.000E+00  0.000E+00 2.511E+00 3.249E+01-6.239E-18 5.551E-17 4.441E-16  0.00E+00  0.00E+00  0.00E+00  0.00E+00  0.00E+00  0.00E+00  0.00E+00  0.00E+00  0.00E+00  0.00E+00  0.00E+00  0.00E+00  0.00E+00  0.00E+00  0.00E+00  0.00E+00  0.00E+00  0.00E+00  0.00E+00  0.00E+00  0.00E+00  0.00E+00  0.00E+00  0.00E+00 2.21E-05
    670      6.997  9.67E-03 1.902E-03 2.940E-02 3.834E-06 3.352E-03 6.473E-02  2.4248E-01 6.691E-01 2.614E-01 2.009E+00 -1.129E-03 -6.108E-04  1.355E-03   1.23E-01   9.23E+00   1.07E+01   2.76E+01 0.9999960 -8.674E-19  2.168E-19 -3.930E-19  0.000E+00  0.000E+00  0.000E+00 2.508E+00 3.236E+01 1.176E-17-1.804E-16-2.220E-16  0.00E+00  0.00E+00  0.00E+00  0.00E+00  0.00E+00  0.00E+00  0.00E+00  0.00E+00  0.00E+00  0.00E+00  0.00E+00  0.00E+00  0.00E+00  0.00E+00  0.00E+00  0.00E+00  0.00E+00  0.00E+00  0.00E+00  0.00E+00  0.00E+00  0.00E+00  0.00E+00  0.00E+00 2.30E-05
    680      7.093  9.67E-03 1.958E-03 3.005E-02 4.007E-06 3.399E-03 6.567E-02  2.4515E-01 7.033E-01 2.641E-01 1.976E+00 -1.264E-03 -6.091E-04  2.668E-03   1.22E-01   9.17E+00   1.06E+01   2.71E+01 0.9999967  5.421E-20  1.626E-19 -3.913E-19  0.000E+00  0.000E+00  0.000E+00 2.506E+00 3.223E+01 6.783E-18-9.714E-17 0.000E+00  0.00E+00  0.00E+00  0.00E+00  0.00E+00  0.00E+00  0.00E+00  0.00E+00  0.00E+00  0.00E+00  0.00E+00  0.00E+00  0.00E+00  0.00E+00  0.00E+00  0.00E+00  0.00E+00  0.00E+00  0.00E+00  0.00E+00  0.00E+00  0.00E+00  0.00E+00  0.00E+00  0.00E+00 2.40E-05
    690      7.190  9.64E-03 2.014E-03 3.069E-02 4.197E-06 3.446E-03 6.659E-02  2.4776E-01 7.348E-01 2.668E-01 1.952E+00 -1.431E-03 -6.076E-04  4.030E-03   1.22E-01   9.11E+00   1.05E+01   2.69E+01 0.9999978 -1.355E-18 -1.084E-19 -2.558E-19  0.000E+00  0.000E+00  0.000E+00 2.502E+00 3.210E+01 1.908E-18 2.082E-16 0.000E+00  0.00E+00  0.00E+00  0.00E+00  0.00E+00  0.00E+00  0.00E+00  0.00E+00  0.00E+00  0.00E+00  0.00E+00  0.00E+00  0.00E+00  0.00E+00  0.00E+00  0.00E+00  0.00E+00  0.00E+00  0.00E+00  0.00E+00  0.00E+00  0.00E+00  0.00E+00  0.00E+00  0.00E+00 2.52E-05
