   2.0212276278728090     
  6.28E-22  1.35E-17  1.23E-16  3.36E-16  9.58E-16  1.97E-15  2.95E-15  4.38E-15
  6.13E-15  1.01E-14  1.16E-14  1.35E-14  1.62E-14  1.78E-14  1.81E-14  1.69E-14
  1.88E-14  1.82E-14  1.76E-14  1.60E-14  1.60E-14  1.55E-14  1.39E-14  1.31E-14
  1.20E-14  1.15E-14  1.04E-14  9.23E-15  8.49E-15  7.54E-15  6.73E-15  6.15E-15
  5.37E-15  4.93E-15  4.33E-15  3.70E-15  3.25E-15  2.78E-15  2.43E-15  2.06E-15
  1.84E-15  1.61E-15  1.35E-15  1.17E-15  9.54E-16  8.15E-16  6.54E-16  5.54E-16
  4.74E-16  4.05E-16  3.42E-16  2.82E-16  2.38E-16  1.94E-16  1.57E-16  1.28E-16
  1.06E-16  9.05E-17  7.48E-17  6.33E-17  5.47E-17  4.57E-17  3.88E-17  3.22E-17
   4.0155938952611692     
  1.09E-09  3.01E-06  1.29E-05  1.75E-05  1.81E-05  1.93E-05  2.28E-05  2.51E-05
  2.48E-05  2.37E-05  1.99E-05  1.62E-05  1.49E-05  1.31E-05  9.62E-06  6.98E-06
  5.72E-06  4.28E-06  3.42E-06  2.61E-06  2.29E-06  2.00E-06  1.65E-06  1.44E-06
  1.22E-06  1.08E-06  8.54E-07  6.62E-07  5.11E-07  3.77E-07  2.99E-07  2.57E-07
  2.14E-07  1.83E-07  1.50E-07  1.18E-07  9.79E-08  7.92E-08  6.90E-08  5.81E-08
  5.01E-08  4.25E-08  3.51E-08  2.95E-08  2.39E-08  2.00E-08  1.61E-08  1.40E-08
  1.18E-08  9.74E-09  7.93E-09  6.27E-09  5.17E-09  4.29E-09  3.57E-09  3.08E-09
  2.69E-09  2.32E-09  1.92E-09  1.64E-09  1.44E-09  1.24E-09  1.10E-09  9.44E-10
   6.0175482632651471     
  1.89E-09  1.15E-04  1.14E-04  1.50E-04  2.27E-04  2.77E-04  1.91E-04  1.52E-04
  1.12E-04  1.02E-04  6.48E-05  4.62E-05  3.96E-05  2.98E-05  2.30E-05  1.59E-05
  1.31E-05  9.95E-06  7.45E-06  5.22E-06  4.50E-06  3.69E-06  2.67E-06  2.11E-06
  1.66E-06  1.35E-06  9.93E-07  7.53E-07  6.07E-07  4.65E-07  3.65E-07  2.98E-07
  2.28E-07  1.85E-07  1.44E-07  1.12E-07  9.15E-08  7.08E-08  5.68E-08  4.33E-08
  3.56E-08  2.92E-08  2.37E-08  1.99E-08  1.56E-08  1.33E-08  1.04E-08  8.71E-09
  7.34E-09  6.20E-09  5.24E-09  4.32E-09  3.83E-09  3.28E-09  2.80E-09  2.48E-09
  2.20E-09  1.99E-09  1.76E-09  1.60E-09  1.50E-09  1.37E-09  1.31E-09  1.20E-09
   8.0121013006781361     
  3.90E-08  1.26E-04  3.04E-04  3.57E-04  4.62E-04  3.85E-04  2.76E-04  1.81E-04
  1.32E-04  1.16E-04  7.76E-05  5.36E-05  4.50E-05  3.05E-05  2.18E-05  1.46E-05
  1.20E-05  8.66E-06  6.38E-06  4.52E-06  3.72E-06  2.92E-06  2.00E-06  1.49E-06
  1.11E-06  8.68E-07  6.50E-07  4.86E-07  3.84E-07  2.95E-07  2.26E-07  1.80E-07
  1.37E-07  1.11E-07  8.66E-08  6.59E-08  5.20E-08  4.15E-08  3.26E-08  2.55E-08
  2.12E-08  1.71E-08  1.36E-08  1.10E-08  8.75E-09  7.36E-09  5.81E-09  4.86E-09
  4.08E-09  3.38E-09  2.81E-09  2.27E-09  1.97E-09  1.65E-09  1.41E-09  1.20E-09
  1.04E-09  9.01E-10  7.75E-10  6.89E-10  6.18E-10  5.49E-10  4.99E-10  4.48E-10
   10.012243397747243     
  7.53E-08  2.33E-04  5.01E-04  5.12E-04  5.89E-04  4.89E-04  3.12E-04  2.14E-04
  1.43E-04  1.13E-04  6.78E-05  5.11E-05  3.88E-05  2.52E-05  1.75E-05  1.22E-05
  9.42E-06  6.45E-06  4.60E-06  3.03E-06  2.28E-06  1.76E-06  1.23E-06  9.44E-07
  6.81E-07  5.20E-07  3.87E-07  2.89E-07  2.28E-07  1.70E-07  1.27E-07  1.01E-07
  7.73E-08  6.13E-08  4.89E-08  3.68E-08  3.02E-08  2.34E-08  1.89E-08  1.46E-08
  1.22E-08  9.92E-09  7.77E-09  6.49E-09  5.12E-09  4.37E-09  3.41E-09  2.86E-09
  2.36E-09  1.99E-09  1.66E-09  1.36E-09  1.17E-09  9.94E-10  8.58E-10  7.52E-10
  6.65E-10  6.01E-10  5.24E-10  4.65E-10  4.16E-10  3.54E-10  3.03E-10  2.59E-10
   12.011236499487735     
  1.15E-08  3.27E-04  8.01E-04  6.63E-04  6.67E-04  4.34E-04  2.56E-04  1.76E-04
  1.23E-04  9.45E-05  5.15E-05  3.61E-05  2.49E-05  1.68E-05  1.18E-05  7.51E-06
  5.70E-06  3.94E-06  2.65E-06  1.80E-06  1.39E-06  1.05E-06  7.64E-07  5.42E-07
  4.08E-07  3.25E-07  2.40E-07  1.79E-07  1.40E-07  1.07E-07  8.33E-08  6.47E-08
  4.94E-08  3.99E-08  3.18E-08  2.42E-08  1.96E-08  1.52E-08  1.25E-08  9.84E-09
  7.96E-09  6.45E-09  5.11E-09  4.24E-09  3.35E-09  2.83E-09  2.25E-09  1.88E-09
  1.58E-09  1.30E-09  1.07E-09  8.78E-10  7.47E-10  6.23E-10  5.21E-10  4.37E-10
  3.75E-10  3.24E-10  2.76E-10  2.43E-10  2.20E-10  2.00E-10  1.85E-10  1.69E-10
   14.018227014620168     
  3.80E-08  4.33E-04  9.94E-04  6.72E-04  6.27E-04  3.69E-04  2.22E-04  1.52E-04
  9.78E-05  7.34E-05  4.01E-05  2.61E-05  1.79E-05  1.23E-05  8.04E-06  4.80E-06
  3.88E-06  2.64E-06  1.81E-06  1.26E-06  9.65E-07  7.25E-07  4.98E-07  3.72E-07
  2.82E-07  2.17E-07  1.67E-07  1.25E-07  1.01E-07  7.60E-08  5.95E-08  4.74E-08
  3.65E-08  2.89E-08  2.33E-08  1.81E-08  1.47E-08  1.15E-08  9.27E-09  7.14E-09
  5.98E-09  4.83E-09  3.80E-09  3.10E-09  2.46E-09  2.05E-09  1.63E-09  1.32E-09
  1.10E-09  9.07E-10  7.45E-10  5.89E-10  4.97E-10  4.11E-10  3.30E-10  2.71E-10
  2.25E-10  1.87E-10  1.53E-10  1.26E-10  1.07E-10  8.82E-11  7.51E-11  6.30E-11
   16.012449174488459     
  3.36E-08  4.79E-04  1.07E-03  6.44E-04  5.03E-04  3.59E-04  2.05E-04  1.28E-04
  7.64E-05  5.75E-05  3.15E-05  1.78E-05  1.26E-05  8.29E-06  5.52E-06  3.39E-06
  2.68E-06  1.81E-06  1.26E-06  8.69E-07  6.50E-07  4.99E-07  3.49E-07  2.62E-07
  2.02E-07  1.59E-07  1.21E-07  9.19E-08  7.14E-08  5.53E-08  4.23E-08  3.40E-08
  2.61E-08  2.11E-08  1.68E-08  1.28E-08  1.02E-08  8.03E-09  6.60E-09  5.08E-09
  4.19E-09  3.38E-09  2.67E-09  2.18E-09  1.71E-09  1.41E-09  1.12E-09  9.37E-10
  7.71E-10  6.32E-10  5.21E-10  4.19E-10  3.45E-10  2.84E-10  2.28E-10  1.84E-10
  1.51E-10  1.23E-10  9.77E-11  7.78E-11  6.39E-11  5.09E-11  4.15E-11  3.40E-11
   18.017355660989999     
  1.78E-08  5.85E-04  1.12E-03  5.65E-04  4.77E-04  3.20E-04  1.64E-04  9.97E-05
  5.82E-05  4.13E-05  2.18E-05  1.35E-05  8.68E-06  6.00E-06  3.82E-06  2.38E-06
  1.93E-06  1.26E-06  9.23E-07  6.09E-07  4.85E-07  3.68E-07  2.55E-07  2.01E-07
  1.49E-07  1.19E-07  8.91E-08  6.85E-08  5.49E-08  4.16E-08  3.22E-08  2.54E-08
  1.94E-08  1.59E-08  1.26E-08  9.57E-09  7.77E-09  6.09E-09  4.91E-09  3.83E-09
  3.09E-09  2.53E-09  1.95E-09  1.58E-09  1.26E-09  1.04E-09  7.93E-10  6.51E-10
  5.28E-10  4.30E-10  3.46E-10  2.71E-10  2.25E-10  1.81E-10  1.43E-10  1.16E-10
  9.33E-11  7.68E-11  6.15E-11  4.90E-11  4.12E-11  3.29E-11  2.71E-11  2.21E-11
   20.019283150327841     
  2.13E-09  6.15E-04  1.13E-03  4.94E-04  4.56E-04  2.71E-04  1.27E-04  8.00E-05
  4.75E-05  3.02E-05  1.63E-05  9.82E-06  6.40E-06  4.27E-06  2.85E-06  1.77E-06
  1.39E-06  9.63E-07  6.78E-07  4.75E-07  3.59E-07  2.81E-07  2.00E-07  1.59E-07
  1.16E-07  9.43E-08  7.12E-08  5.28E-08  4.24E-08  3.23E-08  2.52E-08  1.99E-08
  1.51E-08  1.24E-08  9.82E-09  7.51E-09  5.99E-09  4.75E-09  3.78E-09  2.92E-09
  2.34E-09  1.91E-09  1.46E-09  1.20E-09  9.43E-10  7.75E-10  6.05E-10  4.88E-10
  3.97E-10  3.22E-10  2.57E-10  2.04E-10  1.68E-10  1.35E-10  1.10E-10  8.88E-11
  7.37E-11  6.12E-11  4.92E-11  4.00E-11  3.32E-11  2.70E-11  2.23E-11  1.81E-11
   22.019080939313582     
  2.63E-08  6.58E-04  1.15E-03  4.44E-04  4.32E-04  2.50E-04  1.02E-04  6.41E-05
  3.44E-05  2.26E-05  1.18E-05  7.37E-06  4.74E-06  3.12E-06  2.07E-06  1.33E-06
  1.08E-06  7.34E-07  5.42E-07  3.67E-07  2.84E-07  2.17E-07  1.55E-07  1.20E-07
  9.00E-08  7.34E-08  5.50E-08  4.17E-08  3.27E-08  2.52E-08  1.95E-08  1.54E-08
  1.18E-08  9.39E-09  7.60E-09  5.71E-09  4.63E-09  3.56E-09  2.86E-09  2.21E-09
  1.81E-09  1.44E-09  1.11E-09  8.96E-10  7.05E-10  5.73E-10  4.45E-10  3.56E-10
  2.92E-10  2.34E-10  1.90E-10  1.47E-10  1.22E-10  9.84E-11  7.93E-11  6.41E-11
  5.21E-11  4.34E-11  3.48E-11  2.84E-11  2.38E-11  1.97E-11  1.67E-11  1.41E-11
   24.013148899670345     
  8.12E-09  7.85E-04  1.20E-03  4.52E-04  4.10E-04  2.02E-04  7.96E-05  4.87E-05
  2.50E-05  1.76E-05  8.49E-06  4.87E-06  3.46E-06  2.33E-06  1.57E-06  9.80E-07
  7.79E-07  5.50E-07  4.00E-07  2.73E-07  2.11E-07  1.63E-07  1.18E-07  9.16E-08
  6.81E-08  5.44E-08  4.05E-08  3.13E-08  2.46E-08  1.87E-08  1.49E-08  1.14E-08
  8.76E-09  7.06E-09  5.44E-09  4.13E-09  3.37E-09  2.62E-09  2.04E-09  1.58E-09
  1.29E-09  1.00E-09  7.72E-10  6.27E-10  4.84E-10  3.97E-10  3.05E-10  2.46E-10
  1.97E-10  1.61E-10  1.29E-10  1.02E-10  8.37E-11  6.88E-11  5.57E-11  4.64E-11
  3.90E-11  3.35E-11  2.80E-11  2.42E-11  2.08E-11  1.79E-11  1.54E-11  1.28E-11
   26.011647996395887     
  4.71E-08  8.81E-04  1.29E-03  4.75E-04  3.73E-04  1.63E-04  6.43E-05  3.49E-05
  2.03E-05  1.26E-05  6.22E-06  3.83E-06  2.55E-06  1.75E-06  1.14E-06  7.26E-07
  5.83E-07  4.04E-07  2.92E-07  1.97E-07  1.60E-07  1.23E-07  8.80E-08  6.73E-08
  5.09E-08  4.00E-08  3.06E-08  2.30E-08  1.82E-08  1.38E-08  1.07E-08  8.34E-09
  6.56E-09  5.15E-09  4.11E-09  3.09E-09  2.46E-09  1.86E-09  1.49E-09  1.12E-09
  9.09E-10  7.14E-10  5.41E-10  4.33E-10  3.31E-10  2.66E-10  2.05E-10  1.60E-10
  1.29E-10  1.02E-10  8.13E-11  6.24E-11  5.08E-11  4.06E-11  3.22E-11  2.59E-11
  2.12E-11  1.77E-11  1.44E-11  1.23E-11  1.06E-11  8.95E-12  7.82E-12  6.59E-12
   28.020977254108981     
  5.54E-08  1.10E-03  1.35E-03  4.64E-04  3.36E-04  1.40E-04  4.84E-05  2.73E-05
  1.53E-05  9.44E-06  4.63E-06  2.91E-06  1.86E-06  1.29E-06  8.46E-07  5.38E-07
  4.31E-07  3.04E-07  2.08E-07  1.51E-07  1.19E-07  8.87E-08  6.39E-08  4.96E-08
  3.76E-08  2.96E-08  2.26E-08  1.68E-08  1.32E-08  1.01E-08  7.72E-09  6.06E-09
  4.59E-09  3.71E-09  2.88E-09  2.21E-09  1.74E-09  1.34E-09  1.04E-09  7.97E-10
  6.32E-10  5.00E-10  3.79E-10  3.05E-10  2.31E-10  1.83E-10  1.41E-10  1.10E-10
  8.74E-11  6.89E-11  5.45E-11  4.23E-11  3.40E-11  2.69E-11  2.10E-11  1.65E-11
  1.30E-11  1.02E-11  7.85E-12  6.16E-12  4.82E-12  3.74E-12  2.99E-12  2.31E-12
   30.012144725052792     
  2.86E-08  1.32E-03  1.33E-03  4.21E-04  2.83E-04  1.19E-04  3.72E-05  2.08E-05
  1.09E-05  7.22E-06  3.47E-06  2.15E-06  1.43E-06  9.71E-07  6.27E-07  4.01E-07
  3.28E-07  2.19E-07  1.57E-07  1.14E-07  8.93E-08  6.80E-08  4.84E-08  3.70E-08
  2.73E-08  2.19E-08  1.65E-08  1.24E-08  9.58E-09  7.36E-09  5.63E-09  4.48E-09
  3.32E-09  2.72E-09  2.05E-09  1.55E-09  1.23E-09  9.49E-10  7.31E-10  5.67E-10
  4.50E-10  3.47E-10  2.63E-10  2.12E-10  1.60E-10  1.28E-10  9.79E-11  7.65E-11
  5.99E-11  4.76E-11  3.63E-11  2.75E-11  2.17E-11  1.67E-11  1.29E-11  9.85E-12
  7.77E-12  6.08E-12  4.63E-12  3.64E-12  2.88E-12  2.24E-12  1.85E-12  1.45E-12
   32.015487561634636     
  7.25E-08  1.52E-03  1.24E-03  3.65E-04  2.21E-04  9.79E-05  2.99E-05  1.61E-05
  8.27E-06  5.25E-06  2.55E-06  1.62E-06  1.12E-06  7.35E-07  4.78E-07  2.96E-07
  2.45E-07  1.66E-07  1.20E-07  8.45E-08  6.64E-08  5.03E-08  3.67E-08  2.75E-08
  2.07E-08  1.59E-08  1.22E-08  9.22E-09  7.06E-09  5.32E-09  4.04E-09  3.16E-09
  2.36E-09  1.86E-09  1.46E-09  1.09E-09  8.66E-10  6.57E-10  5.12E-10  3.83E-10
  3.05E-10  2.36E-10  1.76E-10  1.38E-10  1.03E-10  8.27E-11  6.10E-11  4.74E-11
  3.74E-11  2.88E-11  2.19E-11  1.64E-11  1.29E-11  9.69E-12  7.35E-12  5.54E-12
  4.35E-12  3.34E-12  2.53E-12  1.97E-12  1.55E-12  1.19E-12  9.47E-13  7.42E-13
   34.015657541174647     
  4.67E-08  1.70E-03  1.13E-03  3.08E-04  1.77E-04  7.47E-05  2.51E-05  1.26E-05
  6.29E-06  3.96E-06  1.96E-06  1.25E-06  8.44E-07  5.69E-07  3.62E-07  2.29E-07
  1.84E-07  1.28E-07  9.51E-08  6.31E-08  4.93E-08  3.81E-08  2.71E-08  2.13E-08
  1.54E-08  1.23E-08  9.01E-09  6.71E-09  5.34E-09  3.94E-09  3.01E-09  2.30E-09
  1.70E-09  1.33E-09  1.04E-09  7.63E-10  5.97E-10  4.50E-10  3.44E-10  2.63E-10
  2.02E-10  1.57E-10  1.16E-10  9.21E-11  6.90E-11  5.40E-11  3.96E-11  3.08E-11
  2.38E-11  1.83E-11  1.36E-11  1.01E-11  7.72E-12  5.78E-12  4.31E-12  3.21E-12
  2.48E-12  1.89E-12  1.40E-12  1.04E-12  8.12E-13  6.11E-13  4.78E-13  3.68E-13
   36.016540193639258     
  6.54E-09  1.76E-03  1.06E-03  2.52E-04  1.47E-04  5.69E-05  2.09E-05  1.01E-05
  4.73E-06  3.09E-06  1.57E-06  9.52E-07  6.90E-07  4.40E-07  2.93E-07  1.81E-07
  1.45E-07  1.01E-07  7.10E-08  5.00E-08  3.83E-08  2.93E-08  2.09E-08  1.61E-08
  1.19E-08  9.24E-09  6.90E-09  5.11E-09  3.96E-09  2.99E-09  2.23E-09  1.75E-09
  1.30E-09  9.95E-10  7.68E-10  5.57E-10  4.32E-10  3.29E-10  2.47E-10  1.82E-10
  1.43E-10  1.08E-10  8.01E-11  6.13E-11  4.57E-11  3.53E-11  2.55E-11  1.95E-11
  1.49E-11  1.15E-11  8.62E-12  6.49E-12  4.96E-12  3.75E-12  2.85E-12  2.09E-12
  1.60E-12  1.21E-12  8.90E-13  6.62E-13  5.09E-13  3.86E-13  3.00E-13  2.31E-13
   38.015110552460683     
  1.26E-08  1.77E-03  9.83E-04  2.06E-04  1.20E-04  4.75E-05  1.62E-05  8.33E-06
  3.82E-06  2.45E-06  1.22E-06  7.76E-07  5.44E-07  3.47E-07  2.36E-07  1.49E-07
  1.18E-07  7.76E-08  5.78E-08  3.87E-08  3.02E-08  2.35E-08  1.66E-08  1.22E-08
  9.21E-09  7.16E-09  5.26E-09  3.91E-09  3.01E-09  2.25E-09  1.72E-09  1.32E-09
  9.90E-10  7.53E-10  5.85E-10  4.25E-10  3.27E-10  2.38E-10  1.84E-10  1.35E-10
  1.04E-10  7.87E-11  5.76E-11  4.47E-11  3.24E-11  2.55E-11  1.85E-11  1.39E-11
  1.05E-11  7.90E-12  5.83E-12  4.27E-12  3.24E-12  2.38E-12  1.80E-12  1.33E-12
  1.02E-12  7.70E-13  5.69E-13  4.28E-13  3.27E-13  2.39E-13  1.81E-13  1.34E-13
   40.012819898455028     
  4.59E-08  1.73E-03  8.81E-04  1.78E-04  1.00E-04  3.99E-05  1.24E-05  6.66E-06
  3.16E-06  1.94E-06  9.95E-07  6.13E-07  4.26E-07  2.87E-07  1.91E-07  1.20E-07
  9.63E-08  6.38E-08  4.58E-08  3.21E-08  2.45E-08  1.86E-08  1.27E-08  9.85E-09
  7.49E-09  5.62E-09  4.06E-09  3.01E-09  2.32E-09  1.71E-09  1.33E-09  1.00E-09
  7.22E-10  5.66E-10  4.30E-10  3.13E-10  2.41E-10  1.81E-10  1.37E-10  1.01E-10
  7.82E-11  5.95E-11  4.32E-11  3.27E-11  2.40E-11  1.83E-11  1.32E-11  9.91E-12
  7.64E-12  5.81E-12  4.29E-12  3.11E-12  2.37E-12  1.77E-12  1.30E-12  9.56E-13
  7.24E-13  5.45E-13  3.99E-13  2.94E-13  2.19E-13  1.61E-13  1.21E-13  8.77E-14
   42.014869684977860     
  9.59E-08  1.61E-03  7.60E-04  1.62E-04  8.46E-05  3.24E-05  1.00E-05  5.12E-06
  2.58E-06  1.62E-06  7.96E-07  5.02E-07  3.42E-07  2.29E-07  1.57E-07  9.82E-08
  7.55E-08  5.48E-08  3.72E-08  2.68E-08  1.97E-08  1.47E-08  1.03E-08  7.87E-09
  5.84E-09  4.63E-09  3.31E-09  2.43E-09  1.83E-09  1.34E-09  1.03E-09  7.72E-10
  5.75E-10  4.47E-10  3.28E-10  2.36E-10  1.84E-10  1.36E-10  1.03E-10  7.50E-11
  5.74E-11  4.35E-11  3.15E-11  2.41E-11  1.78E-11  1.36E-11  9.82E-12  7.35E-12
  5.53E-12  4.11E-12  3.10E-12  2.24E-12  1.69E-12  1.25E-12  9.12E-13  6.80E-13
  4.98E-13  3.68E-13  2.66E-13  1.91E-13  1.43E-13  1.01E-13  7.59E-14  5.69E-14
   44.014606268313464     
  5.29E-09  1.45E-03  6.44E-04  1.49E-04  7.16E-05  2.60E-05  8.38E-06  4.08E-06
  2.07E-06  1.37E-06  6.54E-07  4.07E-07  2.83E-07  1.89E-07  1.24E-07  8.39E-08
  6.46E-08  4.34E-08  3.16E-08  2.18E-08  1.57E-08  1.22E-08  8.25E-09  6.58E-09
  4.77E-09  3.74E-09  2.70E-09  1.98E-09  1.50E-09  1.09E-09  8.05E-10  6.24E-10
  4.42E-10  3.47E-10  2.64E-10  1.87E-10  1.46E-10  1.05E-10  7.93E-11  5.85E-11
  4.46E-11  3.35E-11  2.41E-11  1.81E-11  1.31E-11  1.00E-11  7.07E-12  5.36E-12
  3.97E-12  2.93E-12  2.14E-12  1.55E-12  1.17E-12  8.62E-13  6.35E-13  4.66E-13
  3.42E-13  2.51E-13  1.77E-13  1.30E-13  9.58E-14  6.84E-14  5.12E-14  3.74E-14
   46.014997171668547     
  1.27E-08  1.26E-03  5.53E-04  1.30E-04  6.09E-05  2.10E-05  7.14E-06  3.33E-06
  1.67E-06  1.12E-06  5.57E-07  3.41E-07  2.36E-07  1.55E-07  1.06E-07  6.78E-08
  5.37E-08  3.70E-08  2.69E-08  1.75E-08  1.35E-08  1.01E-08  6.90E-09  5.19E-09
  3.94E-09  3.07E-09  2.25E-09  1.64E-09  1.22E-09  8.81E-10  6.65E-10  5.03E-10
  3.56E-10  2.74E-10  2.06E-10  1.49E-10  1.16E-10  8.32E-11  6.31E-11  4.51E-11
  3.40E-11  2.54E-11  1.83E-11  1.39E-11  9.92E-12  7.66E-12  5.41E-12  4.02E-12
  2.98E-12  2.24E-12  1.62E-12  1.17E-12  8.73E-13  6.28E-13  4.63E-13  3.31E-13
  2.42E-13  1.80E-13  1.28E-13  9.33E-14  6.89E-14  4.98E-14  3.72E-14  2.74E-14
   48.023061465411686     
  1.75E-08  1.05E-03  4.91E-04  1.10E-04  5.14E-05  1.73E-05  6.13E-06  2.75E-06
  1.40E-06  9.18E-07  4.75E-07  2.90E-07  1.99E-07  1.32E-07  8.99E-08  5.81E-08
  4.57E-08  3.12E-08  2.26E-08  1.49E-08  1.14E-08  8.47E-09  5.92E-09  4.50E-09
  3.25E-09  2.53E-09  1.87E-09  1.33E-09  1.02E-09  7.27E-10  5.38E-10  4.08E-10
  3.01E-10  2.28E-10  1.66E-10  1.16E-10  9.13E-11  6.63E-11  4.93E-11  3.48E-11
  2.64E-11  1.99E-11  1.44E-11  1.06E-11  7.55E-12  5.81E-12  4.10E-12  3.08E-12
  2.29E-12  1.69E-12  1.21E-12  8.53E-13  6.34E-13  4.59E-13  3.29E-13  2.35E-13
  1.73E-13  1.27E-13  8.94E-14  6.48E-14  4.82E-14  3.50E-14  2.56E-14  1.87E-14
   50.022952978596898     
  6.18E-09  8.89E-04  4.49E-04  9.28E-05  4.30E-05  1.43E-05  5.22E-06  2.35E-06
  1.18E-06  7.84E-07  4.08E-07  2.49E-07  1.65E-07  1.14E-07  7.73E-08  4.96E-08
  3.88E-08  2.73E-08  1.92E-08  1.26E-08  9.76E-09  7.33E-09  4.99E-09  3.78E-09
  2.83E-09  2.14E-09  1.52E-09  1.12E-09  8.16E-10  5.98E-10  4.37E-10  3.26E-10
  2.41E-10  1.82E-10  1.33E-10  9.32E-11  7.08E-11  5.22E-11  3.88E-11  2.79E-11
  2.06E-11  1.50E-11  1.09E-11  8.12E-12  5.62E-12  4.21E-12  2.97E-12  2.20E-12
  1.61E-12  1.20E-12  8.55E-13  6.06E-13  4.53E-13  3.25E-13  2.36E-13  1.66E-13
  1.24E-13  8.79E-14  6.22E-14  4.43E-14  3.24E-14  2.28E-14  1.66E-14  1.22E-14
   52.013477321470987     
  1.18E-08  7.17E-04  4.18E-04  8.08E-05  3.62E-05  1.20E-05  4.42E-06  2.04E-06
  1.01E-06  6.73E-07  3.49E-07  2.16E-07  1.43E-07  9.81E-08  6.54E-08  4.24E-08
  3.33E-08  2.34E-08  1.64E-08  1.08E-08  8.30E-09  6.18E-09  4.29E-09  3.23E-09
  2.36E-09  1.80E-09  1.26E-09  9.03E-10  6.86E-10  5.03E-10  3.51E-10  2.63E-10
  1.93E-10  1.46E-10  1.04E-10  7.35E-11  5.54E-11  3.98E-11  2.95E-11  2.10E-11
  1.57E-11  1.13E-11  8.11E-12  6.03E-12  4.26E-12  3.19E-12  2.16E-12  1.58E-12
  1.14E-12  8.38E-13  5.82E-13  4.14E-13  2.99E-13  2.12E-13  1.54E-13  1.09E-13
  7.93E-14  5.75E-14  4.10E-14  2.95E-14  2.19E-14  1.57E-14  1.14E-14  8.23E-15
   54.018683766080834     
  3.53E-09  5.95E-04  3.89E-04  7.19E-05  3.05E-05  1.02E-05  3.70E-06  1.77E-06
  8.82E-07  5.85E-07  2.97E-07  1.89E-07  1.29E-07  8.44E-08  5.53E-08  3.62E-08
  2.85E-08  1.99E-08  1.38E-08  9.28E-09  7.00E-09  5.14E-09  3.57E-09  2.69E-09
  1.95E-09  1.53E-09  1.06E-09  7.48E-10  5.70E-10  3.99E-10  2.89E-10  2.13E-10
  1.52E-10  1.17E-10  8.23E-11  5.74E-11  4.27E-11  3.08E-11  2.29E-11  1.60E-11
  1.19E-11  8.61E-12  5.94E-12  4.48E-12  3.13E-12  2.33E-12  1.59E-12  1.16E-12
  8.32E-13  6.00E-13  4.19E-13  2.93E-13  2.09E-13  1.49E-13  1.05E-13  7.34E-14
  5.34E-14  3.84E-14  2.72E-14  1.96E-14  1.45E-14  1.04E-14  7.58E-15  5.59E-15
   56.013705268456391     
  3.69E-09  4.98E-04  3.59E-04  6.46E-05  2.57E-05  8.91E-06  3.09E-06  1.52E-06
  7.62E-07  5.24E-07  2.53E-07  1.67E-07  1.16E-07  7.29E-08  4.70E-08  3.15E-08
  2.43E-08  1.73E-08  1.18E-08  7.87E-09  5.86E-09  4.30E-09  3.02E-09  2.24E-09
  1.61E-09  1.24E-09  9.11E-10  6.38E-10  4.76E-10  3.35E-10  2.37E-10  1.75E-10
  1.23E-10  9.17E-11  6.62E-11  4.56E-11  3.43E-11  2.39E-11  1.75E-11  1.24E-11
  9.26E-12  6.60E-12  4.61E-12  3.30E-12  2.33E-12  1.75E-12  1.17E-12  8.42E-13
  6.02E-13  4.32E-13  3.02E-13  2.07E-13  1.50E-13  1.05E-13  7.35E-14  5.24E-14
  3.76E-14  2.72E-14  1.93E-14  1.38E-14  1.00E-14  7.29E-15  5.39E-15  3.99E-15
   58.023036548069285     
  6.34E-09  4.17E-04  3.27E-04  5.75E-05  2.20E-05  7.82E-06  2.58E-06  1.31E-06
  6.61E-07  4.68E-07  2.19E-07  1.45E-07  1.03E-07  6.35E-08  4.05E-08  2.76E-08
  2.09E-08  1.48E-08  1.00E-08  6.90E-09  4.87E-09  3.62E-09  2.52E-09  1.91E-09
  1.33E-09  1.02E-09  7.45E-10  5.26E-10  3.95E-10  2.84E-10  1.99E-10  1.44E-10
  1.01E-10  7.37E-11  5.21E-11  3.65E-11  2.69E-11  1.88E-11  1.34E-11  9.33E-12
  6.92E-12  5.00E-12  3.46E-12  2.51E-12  1.71E-12  1.26E-12  8.53E-13  6.00E-13
  4.32E-13  3.05E-13  2.11E-13  1.45E-13  1.03E-13  7.12E-14  4.96E-14  3.53E-14
  2.53E-14  1.82E-14  1.28E-14  9.32E-15  6.85E-15  4.91E-15  3.71E-15  2.73E-15
   60.013050583194314     
  5.47E-10  3.80E-04  2.95E-04  5.10E-05  1.93E-05  6.85E-06  2.19E-06  1.16E-06
  5.78E-07  4.14E-07  1.93E-07  1.28E-07  8.75E-08  5.58E-08  3.57E-08  2.37E-08
  1.82E-08  1.28E-08  8.60E-09  5.84E-09  4.21E-09  3.08E-09  2.14E-09  1.60E-09
  1.14E-09  8.47E-10  6.11E-10  4.39E-10  3.24E-10  2.29E-10  1.67E-10  1.23E-10
  8.30E-11  5.96E-11  4.29E-11  2.93E-11  2.16E-11  1.51E-11  1.07E-11  7.36E-12
  5.32E-12  3.80E-12  2.61E-12  1.90E-12  1.29E-12  9.53E-13  6.43E-13  4.55E-13
  3.22E-13  2.24E-13  1.57E-13  1.07E-13  7.73E-14  5.31E-14  3.70E-14  2.60E-14
  1.84E-14  1.33E-14  9.25E-15  6.69E-15  4.90E-15  3.52E-15  2.59E-15  1.91E-15
   62.018363370855887     
  3.25E-09  3.48E-04  2.63E-04  4.49E-05  1.70E-05  5.97E-06  1.88E-06  1.03E-06
  5.09E-07  3.61E-07  1.70E-07  1.14E-07  7.37E-08  4.89E-08  3.21E-08  2.06E-08
  1.59E-08  1.11E-08  7.49E-09  4.84E-09  3.69E-09  2.67E-09  1.87E-09  1.37E-09
  9.58E-10  7.23E-10  5.20E-10  3.67E-10  2.68E-10  1.92E-10  1.35E-10  1.00E-10
  6.97E-11  5.13E-11  3.53E-11  2.43E-11  1.79E-11  1.23E-11  8.61E-12  5.97E-12
  4.26E-12  3.05E-12  2.08E-12  1.48E-12  9.89E-13  7.16E-13  4.82E-13  3.48E-13
  2.44E-13  1.72E-13  1.18E-13  8.12E-14  5.77E-14  4.03E-14  2.82E-14  1.96E-14
  1.41E-14  1.02E-14  7.10E-15  5.13E-15  3.74E-15  2.67E-15  1.99E-15  1.46E-15
   64.013427305126001     
  3.50E-09  3.26E-04  2.35E-04  3.97E-05  1.49E-05  5.18E-06  1.64E-06  9.12E-07
  4.53E-07  3.14E-07  1.49E-07  1.01E-07  6.42E-08  4.28E-08  2.89E-08  1.83E-08
  1.40E-08  9.70E-09  6.52E-09  4.20E-09  3.16E-09  2.35E-09  1.62E-09  1.19E-09
  8.29E-10  6.16E-10  4.44E-10  3.14E-10  2.28E-10  1.58E-10  1.14E-10  8.24E-11
  5.67E-11  4.23E-11  2.91E-11  2.03E-11  1.48E-11  1.02E-11  7.07E-12  4.77E-12
  3.48E-12  2.42E-12  1.65E-12  1.17E-12  7.96E-13  5.69E-13  3.76E-13  2.65E-13
  1.85E-13  1.30E-13  9.11E-14  6.17E-14  4.40E-14  3.05E-14  2.13E-14  1.50E-14
  1.07E-14  7.77E-15  5.37E-15  3.85E-15  2.84E-15  2.03E-15  1.51E-15  1.10E-15
   66.019831170378865     
  2.46E-10  3.25E-04  2.10E-04  3.53E-05  1.32E-05  4.49E-06  1.46E-06  7.99E-07
  4.04E-07  2.75E-07  1.31E-07  8.68E-08  5.70E-08  3.78E-08  2.55E-08  1.61E-08
  1.24E-08  8.28E-09  5.65E-09  3.73E-09  2.76E-09  2.02E-09  1.38E-09  1.02E-09
  7.22E-10  5.23E-10  3.76E-10  2.68E-10  1.92E-10  1.32E-10  9.41E-11  6.92E-11
  4.70E-11  3.40E-11  2.40E-11  1.65E-11  1.20E-11  8.38E-12  5.84E-12  3.91E-12
  2.80E-12  1.98E-12  1.31E-12  9.29E-13  6.39E-13  4.54E-13  3.01E-13  2.13E-13
  1.47E-13  1.03E-13  7.08E-14  4.83E-14  3.45E-14  2.38E-14  1.65E-14  1.16E-14
  8.30E-15  5.97E-15  4.18E-15  2.99E-15  2.19E-15  1.58E-15  1.17E-15  8.63E-16
   68.014261245293170     
  5.83E-09  3.10E-04  1.88E-04  3.17E-05  1.16E-05  3.91E-06  1.32E-06  6.96E-07
  3.56E-07  2.42E-07  1.16E-07  7.43E-08  5.02E-08  3.40E-08  2.27E-08  1.40E-08
  1.11E-08  7.12E-09  4.90E-09  3.29E-09  2.45E-09  1.75E-09  1.19E-09  8.75E-10
  6.24E-10  4.50E-10  3.22E-10  2.28E-10  1.63E-10  1.13E-10  7.92E-11  5.77E-11
  3.99E-11  2.82E-11  1.99E-11  1.36E-11  9.75E-12  6.76E-12  4.80E-12  3.24E-12
  2.28E-12  1.60E-12  1.07E-12  7.52E-13  5.12E-13  3.67E-13  2.42E-13  1.69E-13
  1.20E-13  8.27E-14  5.74E-14  3.89E-14  2.78E-14  1.92E-14  1.34E-14  9.34E-15
  6.69E-15  4.80E-15  3.34E-15  2.39E-15  1.77E-15  1.27E-15  9.33E-16  6.90E-16
   70.020504801134848     
  2.60E-09  3.08E-04  1.68E-04  2.88E-05  1.02E-05  3.43E-06  1.19E-06  6.06E-07
  3.11E-07  2.15E-07  1.04E-07  6.37E-08  4.44E-08  3.06E-08  2.03E-08  1.22E-08
  9.85E-09  6.29E-09  4.31E-09  2.87E-09  2.14E-09  1.55E-09  1.05E-09  7.53E-10
  5.40E-10  3.98E-10  2.75E-10  1.96E-10  1.41E-10  9.67E-11  6.76E-11  4.91E-11
  3.35E-11  2.41E-11  1.67E-11  1.14E-11  8.17E-12  5.51E-12  3.97E-12  2.67E-12
  1.88E-12  1.31E-12  8.89E-13  6.14E-13  4.20E-13  2.98E-13  1.97E-13  1.38E-13
  9.57E-14  6.71E-14  4.61E-14  3.16E-14  2.27E-14  1.57E-14  1.10E-14  7.62E-15
  5.53E-15  3.98E-15  2.78E-15  1.99E-15  1.50E-15  1.07E-15  7.85E-16  5.78E-16
   72.015100426888665     
  7.34E-10  3.06E-04  1.50E-04  2.63E-05  8.98E-06  3.03E-06  1.09E-06  5.29E-07
  2.76E-07  1.92E-07  9.39E-08  5.59E-08  3.98E-08  2.72E-08  1.80E-08  1.10E-08
  8.61E-09  5.61E-09  3.88E-09  2.51E-09  1.87E-09  1.38E-09  9.28E-10  6.72E-10
  4.70E-10  3.51E-10  2.37E-10  1.69E-10  1.21E-10  8.33E-11  5.85E-11  4.18E-11
  2.87E-11  2.06E-11  1.45E-11  9.57E-12  6.93E-12  4.66E-12  3.32E-12  2.24E-12
  1.55E-12  1.10E-12  7.28E-13  5.14E-13  3.46E-13  2.46E-13  1.63E-13  1.13E-13
  7.88E-14  5.51E-14  3.75E-14  2.57E-14  1.85E-14  1.29E-14  9.00E-15  6.23E-15
  4.54E-15  3.28E-15  2.29E-15  1.62E-15  1.23E-15  8.79E-16  6.38E-16  4.69E-16
   74.022162950983301     
  3.53E-09  2.90E-04  1.35E-04  2.42E-05  7.97E-06  2.68E-06  9.99E-07  4.62E-07
  2.47E-07  1.72E-07  8.39E-08  5.02E-08  3.58E-08  2.39E-08  1.60E-08  9.68E-09
  7.58E-09  4.97E-09  3.48E-09  2.23E-09  1.65E-09  1.19E-09  8.20E-10  5.89E-10
  4.11E-10  3.05E-10  2.07E-10  1.44E-10  1.04E-10  7.05E-11  5.00E-11  3.55E-11
  2.41E-11  1.76E-11  1.22E-11  8.13E-12  5.74E-12  3.89E-12  2.76E-12  1.86E-12
  1.28E-12  9.01E-13  5.95E-13  4.14E-13  2.79E-13  1.99E-13  1.30E-13  9.09E-14
  6.36E-14  4.44E-14  3.01E-14  2.03E-14  1.46E-14  1.02E-14  7.14E-15  4.93E-15
  3.56E-15  2.58E-15  1.82E-15  1.28E-15  9.61E-16  6.93E-16  5.02E-16  3.68E-16
   76.019504890194298     
  2.56E-10  2.88E-04  1.24E-04  2.23E-05  7.10E-06  2.40E-06  9.15E-07  4.07E-07
  2.25E-07  1.54E-07  7.50E-08  4.55E-08  3.19E-08  2.12E-08  1.42E-08  8.59E-09
  6.65E-09  4.46E-09  3.09E-09  1.97E-09  1.47E-09  1.04E-09  7.10E-10  5.14E-10
  3.61E-10  2.61E-10  1.82E-10  1.24E-10  8.76E-11  6.02E-11  4.26E-11  2.98E-11
  2.00E-11  1.47E-11  9.98E-12  6.76E-12  4.76E-12  3.19E-12  2.24E-12  1.51E-12
  1.04E-12  7.13E-13  4.77E-13  3.27E-13  2.17E-13  1.54E-13  1.01E-13  6.98E-14
  4.86E-14  3.39E-14  2.28E-14  1.52E-14  1.09E-14  7.47E-15  5.27E-15  3.62E-15
  2.61E-15  1.86E-15  1.31E-15  9.23E-16  6.87E-16  4.90E-16  3.53E-16  2.56E-16
