   2.0212276278728090     
  8.00E-32 -4.32E-16 -6.05E-15 -1.84E-14 -7.46E-14 -2.75E-13 -5.64E-13 -1.17E-12
 -2.72E-12 -6.17E-12 -1.04E-11 -2.01E-11 -3.43E-11 -5.71E-11 -8.39E-11 -1.03E-10
 -1.46E-10 -1.80E-10 -2.14E-10 -2.33E-10 -2.71E-10 -3.08E-10 -3.00E-10 -3.01E-10
 -2.77E-10 -2.47E-10 -2.06E-10 -1.64E-10 -1.35E-10 -1.06E-10 -8.50E-11 -6.82E-11
 -5.23E-11 -4.13E-11 -3.02E-11 -2.15E-11 -1.59E-11 -1.13E-11 -8.31E-12 -6.04E-12
 -4.55E-12 -3.38E-12 -2.41E-12 -1.76E-12 -1.23E-12 -9.09E-13 -6.30E-13 -4.67E-13
 -3.45E-13 -2.63E-13 -1.96E-13 -1.44E-13 -1.14E-13 -8.53E-14 -6.48E-14 -5.00E-14
 -3.81E-14 -3.04E-14 -2.33E-14 -1.84E-14 -1.55E-14 -1.24E-14 -1.04E-14 -8.34E-15
   4.0155938952611692     
  1.74E-25 -3.45E-09 -3.92E-08 -1.84E-07 -8.19E-07 -3.20E-06 -7.10E-06 -1.42E-05
 -3.03E-05 -5.20E-05 -5.71E-05 -5.54E-05 -4.96E-05 -3.99E-05 -3.26E-05 -1.95E-05
 -4.89E-07  6.59E-06  5.85E-06  5.91E-07 -3.11E-06 -3.06E-06 -2.00E-06 -1.18E-06
 -9.71E-07 -7.25E-07 -4.41E-07 -3.15E-07 -2.47E-07 -1.95E-07 -1.97E-07 -1.71E-07
 -1.17E-07 -8.76E-08 -7.20E-08 -6.39E-08 -5.26E-08 -3.96E-08 -2.99E-08 -2.13E-08
 -1.71E-08 -1.39E-08 -1.02E-08 -7.95E-09 -6.23E-09 -5.57E-09 -4.79E-09 -3.95E-09
 -3.08E-09 -2.56E-09 -2.24E-09 -1.79E-09 -1.45E-09 -1.14E-09 -9.24E-10 -7.98E-10
 -6.70E-10 -5.65E-10 -4.43E-10 -3.69E-10 -3.22E-10 -2.66E-10 -2.11E-10 -1.64E-10
   6.0175482632651471     
 -2.11E-23 -2.23E-07 -2.38E-06 -1.65E-05 -9.23E-05 -2.35E-04 -3.03E-04 -2.03E-04
  8.21E-06  8.89E-05  6.69E-05  2.58E-05 -2.87E-06  3.87E-06  1.45E-05  8.01E-06
  6.78E-06  4.28E-06  2.52E-06  1.65E-06  1.32E-06  9.61E-07  5.28E-07  3.72E-07
  1.39E-07  1.53E-07  1.28E-07  9.26E-08  8.14E-08  6.36E-08  4.46E-08  2.74E-08
  1.10E-08  1.34E-08  9.79E-09  9.32E-09  6.82E-09  3.28E-09  2.49E-09  1.89E-09
  1.94E-09  1.64E-09  9.96E-10  7.07E-10  6.72E-10  5.03E-10  2.52E-10  3.77E-10
  3.42E-10  2.39E-10  1.65E-10  4.34E-11  1.23E-11 -1.93E-11 -2.88E-11  8.01E-12
 -8.84E-12 -1.54E-11 -1.36E-11 -1.64E-11 -1.18E-11 -9.81E-12 -8.25E-12 -8.53E-12
   8.0121013006781361     
 -1.27E-22  9.55E-06 -2.72E-05 -2.39E-05 -5.67E-05 -3.76E-04 -6.89E-05  3.79E-05
  3.17E-05  6.67E-05 -8.98E-06 -5.31E-06  1.23E-06  7.35E-06  3.67E-06 -9.14E-08
  8.73E-08  3.52E-07  1.87E-07  2.55E-07  6.55E-08 -6.33E-08 -9.18E-08 -8.49E-08
  1.73E-08  1.82E-08  1.16E-09 -2.02E-08  1.31E-08 -4.95E-09 -7.38E-09 -1.80E-09
  2.21E-09  2.47E-09 -1.18E-09 -8.01E-10 -6.32E-10 -2.31E-10 -7.43E-10 -1.20E-09
 -4.15E-10 -5.59E-10 -3.44E-10 -2.93E-10 -1.58E-10 -1.97E-10 -1.42E-10 -5.86E-11
 -1.60E-10 -1.48E-10 -1.18E-10 -6.32E-11 -5.91E-11 -6.46E-11 -4.20E-11 -4.28E-11
 -2.85E-11 -2.84E-11 -2.05E-11 -2.46E-11 -9.56E-12 -9.99E-12 -2.86E-12  7.12E-12
   10.012243397747243     
  4.74E-23  9.05E-06 -2.30E-04 -4.31E-04 -2.15E-05  1.36E-04 -3.00E-05 -5.37E-05
  5.84E-05  4.70E-05  5.45E-06 -1.15E-06  4.17E-06  1.74E-06 -9.39E-07 -5.96E-07
 -2.36E-07 -3.68E-08 -5.45E-07 -1.92E-07 -1.62E-07 -1.17E-07 -6.86E-08 -5.57E-08
 -5.38E-08 -4.34E-08 -2.40E-08 -4.02E-08 -2.62E-08 -2.15E-08 -9.78E-09 -7.31E-09
 -8.76E-09 -6.05E-09 -3.18E-09 -3.11E-09 -2.68E-09 -2.26E-09 -1.33E-09 -9.56E-10
 -1.28E-09 -1.11E-09 -7.34E-10 -5.74E-10 -4.85E-10 -2.54E-10 -2.64E-10 -2.01E-10
 -2.09E-10 -1.77E-10 -1.10E-10 -1.38E-10 -7.90E-11 -5.13E-11 -5.06E-11 -4.41E-11
 -2.84E-11 -2.30E-11 -9.58E-12 -2.80E-12 -3.41E-12  3.66E-12 -5.08E-13 -1.52E-13
   12.011236499487735     
 -2.24E-22 -6.25E-06 -6.51E-04 -7.37E-04  4.05E-04  2.99E-04 -1.97E-05 -1.30E-05
  6.44E-05  3.05E-05  2.05E-06  2.97E-06  8.38E-07  1.27E-06  1.89E-06  1.05E-06
  4.90E-07  4.20E-07  1.21E-07  8.68E-08  1.50E-07  8.97E-08  5.78E-08  4.37E-08
  2.22E-08  9.16E-09  1.10E-08 -7.20E-09  3.45E-09  6.14E-10  2.97E-09  9.09E-10
 -4.98E-10 -4.86E-10 -8.78E-10  9.27E-10 -1.14E-09 -1.27E-10 -4.28E-10 -5.26E-10
 -4.42E-10 -2.87E-10 -3.67E-10 -1.52E-10 -2.22E-10 -1.17E-10 -9.04E-11 -1.10E-10
 -1.16E-10 -7.80E-11 -7.57E-11 -6.43E-11 -2.08E-11 -7.73E-12 -1.50E-11 -1.16E-11
 -1.44E-11 -2.12E-11 -9.33E-12 -2.00E-11 -1.86E-11 -1.69E-11 -1.49E-11 -1.48E-11
   14.018227014620168     
  1.47E-21  6.47E-05 -9.46E-04 -6.64E-04  4.86E-04  2.89E-04  1.22E-04  8.12E-05
  2.40E-05  1.82E-05  1.34E-05  6.75E-06  6.21E-06  3.93E-06  1.53E-06  5.59E-07
  5.47E-07  4.30E-07  4.42E-08  8.89E-08  9.74E-08  4.84E-08  6.17E-08  5.32E-08
  6.39E-08  2.79E-08  3.19E-08  2.41E-08  1.66E-08  1.21E-08  1.06E-08  7.62E-09
  6.95E-09  4.35E-09  3.66E-09  3.05E-09  2.21E-09  1.50E-09  1.90E-09  1.54E-09
  1.17E-09  7.48E-10  8.11E-10  6.67E-10  5.04E-10  4.74E-10  3.26E-10  2.63E-10
  2.33E-10  1.73E-10  1.78E-10  1.09E-10  9.62E-11  7.45E-11  6.69E-11  5.60E-11
  4.72E-11  4.21E-11  3.02E-11  2.77E-11  2.22E-11  1.72E-11  1.39E-11  1.05E-11
   16.012449174488459     
 -1.33E-21  1.60E-04 -1.13E-03  7.06E-05  4.72E-04  1.82E-04  3.94E-05  3.56E-05
  8.68E-06  3.52E-06  4.38E-06  1.07E-06  2.67E-06  5.72E-07  9.04E-07  3.42E-07
  2.73E-07  1.91E-07  1.05E-07  6.74E-08  7.63E-08  3.87E-08  3.87E-08  8.89E-09
  2.01E-08  7.25E-09  1.18E-08  6.50E-09  3.97E-09  5.07E-09  2.00E-09  4.66E-09
  2.23E-09  2.49E-09  1.99E-09  1.39E-09  1.33E-09  1.26E-09  6.71E-10  7.49E-10
  5.03E-10  3.00E-10  3.46E-10  2.45E-10  1.70E-10  1.51E-10  8.48E-11  5.42E-11
  1.15E-10  9.07E-11  9.97E-11  8.07E-11  8.76E-11  5.05E-11  5.07E-11  3.96E-11
  2.93E-11  2.40E-11  1.57E-11  1.53E-11  8.41E-12  6.36E-12  6.71E-12  4.58E-12
   18.017355660989999     
  1.46E-21  3.01E-04 -8.48E-04  5.25E-04  3.69E-05  2.90E-05  5.41E-06 -7.27E-06
 -1.95E-06 -2.60E-07 -1.80E-07 -1.29E-06 -3.26E-07 -9.42E-07  1.01E-08 -3.70E-08
 -1.61E-07 -6.01E-08 -1.18E-07 -1.58E-08  2.37E-09 -1.49E-08  1.71E-08 -7.20E-09
  8.17E-09 -1.06E-09  1.39E-09 -5.01E-09 -3.83E-09 -3.73E-10 -1.81E-09 -9.93E-10
 -8.71E-10 -1.32E-09 -8.78E-10  2.16E-10 -3.54E-10 -5.97E-10  2.57E-10 -2.71E-10
 -1.54E-10 -3.02E-10 -1.97E-10 -1.74E-10 -8.26E-11 -3.41E-11 -6.06E-11 -4.62E-12
 -4.07E-11 -1.72E-11 -1.48E-11  7.08E-12 -5.91E-12 -2.04E-13 -1.49E-11 -3.44E-12
 -9.10E-12 -4.20E-12 -3.11E-12 -3.39E-12 -1.24E-12 -6.74E-13 -4.03E-13  1.30E-12
   20.019283150327841     
 -7.34E-21  4.08E-04 -6.51E-04  4.06E-04 -5.44E-05  4.97E-05  1.16E-05 -8.04E-06
 -7.45E-06  8.95E-07 -1.17E-06 -1.01E-06 -3.35E-07 -7.45E-07 -3.30E-07 -1.55E-07
 -5.93E-08 -1.07E-07 -1.25E-07 -3.67E-08 -2.56E-08 -4.05E-09 -9.31E-09  2.11E-10
 -5.26E-09 -8.79E-09  1.15E-09 -4.51E-09 -2.56E-09  2.46E-10 -2.21E-09 -4.81E-11
 -6.99E-11 -6.35E-10 -3.66E-10 -1.54E-10 -1.10E-10  1.37E-10 -8.22E-11 -7.40E-11
  4.41E-11 -3.61E-11 -5.48E-11 -7.22E-11 -6.19E-11 -7.62E-11 -7.98E-12 -4.75E-11
 -2.57E-11 -4.02E-11 -2.59E-11 -1.06E-11 -1.14E-11  2.03E-12 -1.08E-11 -5.55E-12
 -1.55E-11 -5.14E-12 -7.62E-12 -1.10E-11 -4.91E-12 -7.34E-12 -4.05E-12 -2.32E-12
   22.019080939313582     
 -2.03E-21  4.61E-04 -6.40E-04  3.37E-04  4.06E-06  4.51E-05  8.24E-06  3.53E-06
 -3.79E-06  2.06E-07  3.57E-07 -2.20E-07 -2.79E-07 -3.26E-07 -2.29E-07 -7.40E-08
 -2.64E-08 -2.91E-08 -2.39E-08 -9.47E-09 -4.18E-08 -2.26E-08 -1.15E-08 -6.03E-09
 -2.94E-10  3.89E-10  4.18E-09  3.83E-09  6.74E-10  2.64E-09  1.03E-09  1.60E-09
  8.96E-10  9.91E-10  8.65E-10  4.50E-10  6.54E-10  4.60E-10  3.51E-10  3.45E-10
  2.66E-10  2.21E-10  1.97E-10  7.12E-11  6.90E-11  7.50E-11  6.93E-11  3.29E-11
  4.83E-11  4.75E-11  3.53E-11  3.45E-11  5.02E-11  3.72E-11  4.08E-11  3.56E-11
  2.56E-11  2.40E-11  2.38E-11  1.98E-11  1.84E-11  1.42E-11  1.27E-11  1.10E-11
   24.013148899670345     
  1.37E-21  4.99E-04 -5.62E-04  2.72E-04 -4.57E-05  2.71E-05  3.92E-06  4.61E-06
 -3.30E-07  3.34E-07 -1.49E-07  6.84E-08 -4.97E-07 -2.35E-07 -1.25E-07 -6.55E-08
  8.55E-08  4.87E-08  7.03E-09  6.95E-09 -1.26E-08 -4.63E-09 -1.61E-08 -1.56E-08
 -3.59E-09 -4.49E-09 -3.10E-09 -1.34E-09  1.04E-09  2.04E-09  1.11E-09  9.51E-10
  1.15E-09  1.22E-09  6.86E-10  6.09E-10 -2.47E-12  3.60E-10  1.64E-11  2.05E-10
  1.24E-10  1.40E-10  1.53E-10  1.15E-10  7.68E-11  5.05E-11  2.54E-11  3.29E-11
  1.73E-11  4.02E-11  3.77E-11  3.14E-11  2.82E-11  3.04E-11  3.28E-11  3.09E-11
  3.24E-11  3.49E-11  3.01E-11  2.91E-11  2.58E-11  2.21E-11  1.72E-11  1.24E-11
   26.011647996395887     
 -4.65E-21  4.34E-04 -3.30E-04  1.47E-04 -1.18E-04  2.52E-05  1.09E-05  1.69E-06
  5.33E-07 -1.06E-07  5.40E-07 -6.60E-08 -2.18E-07 -4.43E-08 -1.29E-07 -3.81E-09
 -6.53E-09 -7.17E-09  3.72E-08  1.81E-08  1.25E-08  1.07E-08 -1.72E-09  2.01E-09
  1.30E-09  1.96E-09 -1.47E-09  9.44E-10  6.14E-10 -4.47E-10 -7.08E-10  1.06E-09
  3.01E-11  2.48E-10  1.45E-10  1.53E-10 -7.17E-11  4.83E-11  1.66E-10  3.48E-11
  2.17E-12  5.33E-11  5.84E-11  6.57E-11  4.23E-11  8.63E-11  4.64E-11  5.29E-11
  4.41E-11  5.78E-11  3.89E-11  4.19E-11  4.10E-11  2.65E-11  2.79E-11  1.95E-11
  1.64E-11  1.11E-11  1.07E-11  6.92E-12  5.96E-12  4.27E-12  3.53E-12  2.71E-12
   28.020977254108981     
  3.33E-22  1.78E-04  5.29E-05  3.33E-05 -1.21E-04  2.10E-05  1.08E-05  2.70E-06
 -9.94E-07  5.18E-07  2.34E-07 -1.51E-07 -4.62E-08  2.16E-08 -4.15E-08 -2.50E-08
 -1.59E-08 -3.86E-08  3.01E-09  8.21E-09  1.19E-08  4.12E-09  2.80E-09  2.74E-09
  2.85E-09  2.29E-09  3.91E-09  2.92E-09  7.64E-10  8.19E-10  8.56E-10  2.06E-09
  1.76E-11  5.95E-10  3.86E-10 -5.11E-12  1.42E-10  9.20E-11  6.99E-11  1.71E-11
  3.10E-12 -1.21E-11  3.85E-12 -3.98E-11 -1.18E-11  2.51E-12  7.76E-12  1.88E-11
  4.48E-12  1.99E-11  1.62E-11  1.43E-11  7.82E-12  8.96E-12  4.94E-12  4.59E-12
  1.19E-12  6.20E-13 -8.74E-13 -3.11E-13 -9.03E-13 -2.32E-13 -9.56E-14  1.28E-13
   30.012144725052792     
 -8.21E-22 -2.14E-04  5.10E-04 -6.30E-05 -7.52E-05  1.15E-05  9.20E-06 -7.42E-07
 -5.77E-07  1.07E-06 -1.96E-08 -2.83E-07 -5.07E-08 -3.18E-08  3.61E-08 -1.01E-08
 -3.05E-08 -2.03E-08 -6.87E-09 -7.27E-09  8.68E-09  2.34E-09  5.36E-09  4.02E-09
  6.05E-09  1.83E-09  1.02E-10  1.44E-09  2.04E-09  1.49E-09  9.34E-10  1.13E-09
  7.74E-10  3.54E-10  7.16E-10  6.26E-10  1.61E-10  1.25E-10  1.13E-10  9.02E-11
  3.94E-11  5.58E-11  1.69E-11 -3.83E-12  2.04E-11 -1.28E-11  3.68E-12 -1.85E-12
 -2.43E-12 -1.97E-12  1.53E-12  1.37E-13 -3.30E-12 -1.09E-12 -1.58E-12 -5.98E-13
 -1.34E-12 -9.78E-13 -8.74E-13 -1.00E-12 -8.71E-13 -3.32E-13 -1.75E-13 -2.68E-13
   32.015487561634636     
  1.27E-21 -5.51E-04  8.27E-04 -8.59E-05 -4.37E-05  1.01E-05  1.08E-05 -8.21E-07
  3.24E-07  2.46E-07  1.62E-07  9.95E-10 -6.75E-08 -4.55E-08 -3.92E-09 -6.57E-09
  1.09E-08  1.79E-08  5.86E-09  3.73E-09 -1.87E-09  5.10E-09  3.04E-09  1.02E-08
  2.97E-09  1.16E-09  3.41E-09  2.75E-09  6.02E-10  7.44E-10  8.13E-10  9.64E-10
  9.33E-10  6.00E-10  5.39E-10  5.87E-10  2.31E-10  1.60E-10  7.21E-11  1.05E-10
  1.16E-10  6.21E-11  4.46E-11  4.58E-11  8.64E-12  2.91E-11  2.26E-11  1.34E-11
  3.49E-12  3.66E-12 -2.69E-12  1.62E-14 -5.25E-13  4.53E-13 -1.75E-13  5.11E-13
  1.77E-12  1.80E-13 -1.50E-14  5.64E-13  3.46E-13  4.04E-13  4.77E-13  6.10E-13
   34.015657541174647     
 -4.24E-21 -7.90E-04  9.94E-04 -5.84E-05 -3.76E-05  2.03E-05  9.89E-06  2.82E-06
 -2.51E-07  5.65E-07  2.42E-07  1.34E-07 -1.51E-10 -5.10E-08  7.60E-09  1.57E-09
  2.44E-08  1.22E-08  1.97E-08  1.71E-08 -1.38E-09  4.80E-10  4.71E-09  7.40E-09
  5.67E-09  4.22E-09  2.28E-09  2.20E-09  1.44E-09  1.10E-09  9.95E-10  6.82E-10
  3.01E-10  6.17E-10  5.68E-10  4.68E-10  4.22E-10  2.98E-10  2.13E-10  1.31E-10
  9.17E-11  9.07E-11  6.79E-11  5.59E-11  3.83E-11  3.07E-11  1.92E-11  9.03E-12
  4.47E-12  3.55E-12  5.78E-12  4.18E-12  3.32E-12  5.25E-12  3.39E-12  2.99E-12
  3.48E-12  2.99E-12  2.42E-12  1.74E-12  1.70E-12  1.17E-12  7.54E-13  5.24E-13
   36.016540193639258     
 -6.26E-21 -9.37E-04  1.05E-03 -3.28E-05 -2.50E-05  2.15E-05  1.02E-05  3.79E-06
  7.83E-07  8.41E-07  5.27E-07  7.89E-08 -1.06E-08  5.63E-09  3.04E-08  1.40E-09
  7.83E-09  9.32E-09  1.89E-08  9.85E-10  6.73E-09  5.93E-09  5.30E-09  7.22E-09
  2.90E-09  3.43E-09  3.89E-09  3.03E-09  2.35E-09  1.17E-09  1.03E-09  5.11E-10
  5.64E-10  4.73E-10  2.58E-10  1.34E-10  2.37E-10  2.23E-10  1.48E-10  1.32E-10
  1.18E-10  1.14E-10  8.99E-11  7.34E-11  5.14E-11  5.31E-11  3.28E-11  2.47E-11
  1.84E-11  1.13E-11  8.73E-12  5.77E-12  3.37E-12  3.19E-12  1.15E-12  6.44E-13
  8.69E-13  6.62E-13  2.79E-13  1.56E-13  5.00E-15 -2.52E-15 -9.07E-14 -1.26E-13
   38.015110552460683     
 -4.84E-21 -1.01E-03  1.06E-03 -4.09E-05 -8.43E-06  1.64E-05  8.80E-06  3.87E-06
  1.29E-06  6.77E-07  6.38E-07  2.42E-07  7.77E-08  4.22E-08  4.73E-09  8.89E-09
  2.29E-08  2.44E-09  5.80E-09 -1.85E-09  2.26E-09 -2.17E-11  1.47E-09  4.16E-09
  4.94E-09  3.62E-09  3.73E-09  2.43E-09  1.67E-09  1.83E-09  1.27E-09  7.45E-10
  5.94E-10  5.26E-10  3.11E-10  1.64E-10  2.10E-10  1.52E-10  1.35E-10  1.11E-10
  1.08E-10  8.94E-11  5.41E-11  3.61E-11  2.90E-11  1.90E-11  1.37E-11  8.14E-12
  6.15E-12  4.90E-12  3.52E-12  1.84E-12  1.33E-12  1.06E-13  7.05E-13  4.34E-13
  8.48E-13  4.81E-13  7.76E-14 -1.75E-13 -2.69E-13 -5.10E-13 -3.98E-13 -4.60E-13
   40.012819898455028     
 -4.91E-21 -1.02E-03  1.04E-03 -7.99E-05  1.16E-06  1.39E-05  5.29E-06  4.16E-06
  8.57E-07  5.91E-07  2.65E-07  3.40E-07  1.62E-07  5.75E-08  3.43E-08  3.74E-08
  1.39E-08 -3.39E-10 -6.84E-10  4.55E-09  2.14E-09 -2.89E-09  6.90E-10  7.49E-10
  1.11E-09  3.14E-09  2.10E-09  1.98E-09  1.61E-09  1.44E-09  1.06E-09  8.27E-10
  6.33E-10  4.08E-10  3.38E-10  1.36E-10  1.32E-10  1.27E-10  1.38E-10  8.86E-11
  7.12E-11  7.29E-11  4.93E-11  3.99E-11  2.72E-11  2.62E-11  1.78E-11  1.32E-11
  9.52E-12  4.42E-12  5.01E-12  1.87E-13  5.99E-14 -6.10E-13 -5.81E-13 -8.65E-13
 -7.50E-13 -6.73E-13 -5.38E-13 -3.18E-13 -2.13E-13 -1.60E-13 -1.30E-13 -5.44E-14
   42.014869684977860     
 -1.85E-21 -9.92E-04  9.94E-04 -1.02E-04 -1.78E-06  1.24E-05  4.41E-06  2.32E-06
  4.86E-07  7.49E-07  1.30E-07  1.32E-07  1.67E-07  9.85E-08  6.68E-08  3.98E-08
  1.15E-08  3.08E-09 -2.48E-09  2.29E-09  6.28E-09  2.06E-09  8.98E-10  9.80E-10
  1.26E-09  5.05E-10  1.08E-09  6.39E-10  1.38E-09  9.29E-10  9.36E-10  7.20E-10
  6.10E-10  4.14E-10  1.63E-10  1.84E-10  9.63E-11  1.17E-10  6.40E-11  3.18E-11
  2.70E-11  2.04E-11  2.88E-11  1.90E-11  8.10E-12  1.05E-11  1.08E-11  1.07E-11
  4.45E-12  4.64E-12  3.49E-12  2.13E-12  1.92E-12  7.15E-13  7.32E-13  9.18E-14
  2.87E-14  2.37E-14 -4.19E-13 -1.87E-13 -2.67E-13 -2.23E-13 -1.57E-13 -1.03E-13
   44.014606268313464     
 -1.10E-21 -9.57E-04  9.23E-04 -9.76E-05 -6.14E-06  1.06E-05  4.10E-06  6.41E-07
  2.37E-07  7.04E-07  2.02E-07  6.86E-08  1.01E-07  3.28E-08  9.33E-08  5.06E-08
  9.43E-09  1.07E-08  1.11E-09  2.02E-09  3.35E-09  3.96E-09  2.83E-09  1.26E-09
  1.51E-09  6.61E-10  1.07E-09  7.81E-10  8.48E-10  7.52E-10  4.69E-10  4.10E-10
  3.61E-10  2.99E-10  2.15E-10  2.06E-10  1.48E-10  1.18E-10  8.29E-11  5.79E-11
  4.11E-11  2.01E-11  1.23E-11  1.24E-11  4.84E-12  3.43E-12  3.21E-12  6.31E-14
 -2.05E-12 -1.17E-12 -8.13E-13  6.29E-13 -6.18E-13 -3.28E-14  2.50E-13  4.52E-13
  5.38E-13  4.23E-13  5.98E-13  5.99E-13  4.13E-13  3.67E-13  2.94E-13  1.87E-13
   46.014997171668547     
  1.64E-20 -9.10E-04  8.34E-04 -7.90E-05 -8.23E-06  9.29E-06  2.74E-06  7.81E-07
 -4.91E-08  4.76E-07  2.04E-07  1.13E-07  4.23E-08  4.23E-08  6.29E-08  2.98E-08
  2.05E-08  1.54E-08  7.37E-09  2.52E-09  3.45E-09  3.68E-09  2.34E-09  1.20E-09
  1.42E-09  1.69E-09  9.15E-10  1.97E-10  8.53E-10  6.04E-10  5.49E-10  4.03E-10
  1.49E-10  1.61E-10  2.33E-10  1.00E-10  1.23E-10  8.85E-11  5.44E-11  3.27E-11
  3.50E-11  3.58E-11  3.27E-11  1.98E-11  8.51E-12  6.55E-12  6.78E-12  4.36E-12
  2.70E-12  2.19E-12  2.42E-12  2.32E-12  1.70E-12  1.40E-12  1.14E-12  1.15E-12
  7.97E-13  6.58E-13  5.53E-13  4.54E-13  3.32E-13  2.25E-13  1.76E-13  1.63E-13
   48.023061465411686     
 -1.03E-20 -8.54E-04  7.39E-04 -5.76E-05 -7.93E-06  7.20E-06  1.44E-06  1.33E-06
 -7.44E-08  3.01E-07  1.48E-07  8.88E-08  4.15E-08  6.06E-08  3.95E-08  1.58E-08
  1.63E-08  2.04E-08  8.92E-09  8.16E-09  5.02E-09  3.22E-09 -2.23E-10 -1.85E-10
  1.01E-09  1.46E-09  8.80E-10  6.63E-10  4.49E-10  3.19E-10  4.00E-10  3.31E-10
  2.77E-10  1.95E-10  1.63E-10  8.36E-11  5.68E-11  7.26E-11  5.50E-11  2.44E-11
  2.67E-11  1.32E-11  6.64E-12  7.59E-12  8.04E-12  8.23E-12  6.69E-12  4.94E-12
  3.46E-12  4.06E-12  3.85E-12  2.72E-12  2.09E-12  2.11E-12  1.72E-12  1.37E-12
  1.00E-12  7.36E-13  6.02E-13  4.73E-13  3.70E-13  2.68E-13  2.01E-13  1.60E-13
   50.022952978596898     
 -1.58E-20 -7.92E-04  6.56E-04 -4.59E-05 -4.86E-06  4.97E-06  7.98E-07  1.46E-06
  4.05E-08  2.57E-07  1.23E-07  5.52E-08  4.92E-08  4.76E-08  3.21E-08  1.74E-08
  1.48E-08  1.55E-08  9.87E-09  6.09E-09  8.13E-09  3.83E-09  6.02E-10  1.78E-10
 -1.31E-10  2.90E-10  8.58E-10  5.76E-10  3.21E-10  1.91E-10  2.26E-10  1.78E-10
  1.75E-10  1.50E-10  1.17E-10  1.15E-10  9.81E-11  7.01E-11  2.73E-11  2.64E-11
  2.01E-11  1.49E-11  8.57E-12  7.78E-12  5.74E-12  2.20E-12  1.98E-12  2.16E-12
  2.01E-12  1.56E-12  6.32E-13  1.21E-12  1.39E-12  1.17E-12  9.47E-13  7.45E-13
  7.41E-13  6.47E-13  5.21E-13  3.53E-13  2.77E-13  2.16E-13  1.55E-13  1.17E-13
   52.013477321470987     
  2.07E-20 -7.34E-04  5.89E-04 -3.94E-05 -1.73E-06  3.00E-06  4.84E-07  1.25E-06
  1.01E-07  2.73E-07  9.73E-08  6.05E-08  4.98E-08  3.99E-08  1.39E-08  2.13E-08
  1.47E-08  1.42E-08  8.62E-09  4.48E-09  6.04E-09  3.37E-09  2.24E-09  1.37E-09
  1.65E-10  2.44E-10 -2.73E-11  4.71E-10  2.08E-10  1.02E-10  7.59E-11  1.04E-10
  6.18E-11  1.24E-10  7.92E-11  7.97E-11  3.25E-11  3.62E-11  3.31E-11  2.98E-11
  1.53E-11  1.94E-11  1.47E-11  8.70E-12  5.41E-12  5.81E-12  2.33E-12  7.60E-13
  1.52E-12  2.33E-12  1.10E-12  7.54E-13  9.21E-13  6.53E-13  5.56E-13  4.43E-13
  3.76E-13  2.39E-13  2.28E-13  1.93E-13  1.45E-13  1.11E-13  8.49E-14  6.76E-14
   54.018683766080834     
  3.24E-20 -6.86E-04  5.39E-04 -3.49E-05  5.92E-07  1.72E-06  3.94E-07  9.51E-07
  1.85E-07  2.60E-07  7.32E-08  8.94E-08  7.06E-08  3.99E-08  6.37E-10  1.61E-08
  1.39E-08  1.19E-08  7.82E-09  4.94E-09  3.49E-09  3.71E-09  1.90E-09  8.31E-10
  1.41E-09  1.18E-09  1.40E-10  2.67E-10  1.62E-10 -4.22E-11  1.38E-11  7.09E-11
  4.32E-11  6.18E-11  3.78E-11  2.73E-11  2.46E-11  1.22E-11  1.91E-11  2.01E-11
  1.20E-11  9.59E-12  1.07E-11  1.05E-11  7.25E-12  5.19E-12  4.47E-12  3.33E-12
  1.98E-12  1.67E-12  1.23E-12  9.57E-13  6.36E-13  5.40E-13  5.50E-13  4.16E-13
  2.85E-13  2.29E-13  1.73E-13  1.26E-13  1.03E-13  7.78E-14  4.91E-14  3.93E-14
   56.013705268456391     
  3.09E-20 -6.39E-04  4.95E-04 -3.12E-05  2.47E-06  1.18E-06  5.25E-07  7.42E-07
  2.56E-07  2.32E-07  5.36E-08  1.04E-07  1.06E-07  3.23E-08 -8.34E-10  1.15E-08
  1.36E-08  8.61E-09  8.45E-09  5.11E-09  3.70E-09  2.90E-09  1.29E-09  6.55E-10
  1.40E-09  1.45E-09  8.07E-10  3.14E-10  4.15E-10  6.99E-11 -3.24E-11  5.45E-11
  5.90E-11 -6.44E-12  1.93E-11  2.77E-11  1.88E-11  7.74E-12  8.38E-12  1.17E-11
  1.06E-11  4.76E-12  4.47E-12  4.62E-12  4.44E-12  4.17E-12  2.76E-12  2.46E-12
  2.03E-12  1.44E-12  1.01E-12  7.72E-13  5.53E-13  3.50E-13  2.85E-13  1.57E-13
  1.54E-13  1.02E-13  9.13E-14  5.34E-14  5.29E-14  2.76E-14  1.88E-14  1.63E-14
   58.023036548069285     
 -1.92E-20 -5.87E-04  4.55E-04 -3.12E-05  2.54E-06  5.74E-07  6.44E-07  5.63E-07
  2.90E-07  1.79E-07  4.60E-08  9.85E-08  1.21E-07  2.52E-08 -2.24E-09  9.44E-09
  1.20E-08  7.08E-09  7.96E-09  4.67E-09  2.95E-09  2.15E-09  1.17E-09  1.01E-09
  7.96E-10  9.35E-10  1.03E-09  3.70E-10  2.65E-10  1.94E-10  4.62E-11  5.03E-11
  3.82E-11  2.47E-12  1.29E-11  2.16E-11  1.62E-11  1.12E-11  1.66E-11  7.83E-12
  2.70E-12  3.22E-12  3.81E-12  5.08E-13  1.17E-12  2.04E-12  1.14E-12  8.73E-13
  7.39E-13  4.77E-13  3.92E-13  2.82E-13  2.28E-13  1.33E-13  1.20E-13  4.25E-14
  1.53E-14  4.25E-15 -4.61E-15 -7.36E-15 -4.15E-15 -1.05E-15 -1.17E-15 -3.30E-16
   60.013050583194314     
  1.14E-20 -5.43E-04  4.24E-04 -3.30E-05  1.24E-06 -3.11E-07  5.41E-07  3.39E-07
  3.13E-07  1.40E-07  6.17E-08  9.57E-08  1.04E-07  2.05E-08 -2.42E-09  7.56E-09
  1.19E-08  5.24E-09  6.74E-09  3.47E-09  1.08E-09  1.73E-09  1.04E-09  1.48E-09
  4.88E-10  5.53E-10  7.18E-10  5.08E-10  2.76E-10  1.47E-10  5.59E-11  3.23E-11
  2.03E-11 -2.31E-11 -6.59E-12 -5.25E-12  3.82E-12  6.18E-12  1.57E-11  1.25E-11
  8.37E-12  4.71E-12  3.54E-12  2.23E-12  1.23E-12  1.34E-12  6.24E-13  7.13E-13
  3.29E-13  2.82E-13  1.72E-13  8.89E-14 -7.29E-15 -3.98E-14 -1.42E-14 -2.31E-14
 -2.57E-14 -2.44E-14 -2.54E-14 -2.25E-14 -2.07E-14 -1.51E-14 -1.19E-14 -9.45E-15
   62.018363370855887     
 -6.25E-21 -5.12E-04  4.04E-04 -3.50E-05 -2.37E-07 -1.24E-06  3.16E-07  1.45E-07
  3.13E-07  1.31E-07  1.03E-07  9.07E-08  7.86E-08  1.28E-08  1.67E-09  7.20E-09
  1.39E-08  3.51E-09  3.97E-09  2.93E-09  7.73E-10  4.14E-10  6.88E-10  1.42E-09
  3.70E-10  3.10E-10  4.48E-10  4.90E-10  2.72E-10  1.59E-10  8.97E-11  1.83E-11
  9.22E-12 -1.28E-11 -3.39E-11 -2.55E-11 -1.48E-11 -1.00E-11 -1.68E-12  3.75E-12
  5.54E-12  4.72E-12  4.50E-12  3.38E-12  2.21E-12  1.73E-12  1.28E-12  7.99E-13
  5.81E-13  3.85E-13  2.55E-13  1.38E-13  1.11E-13  6.73E-15 -1.22E-14 -1.87E-14
 -3.31E-14 -3.48E-14 -2.84E-14 -2.05E-14 -2.13E-14 -1.79E-14 -1.42E-14 -1.08E-14
   64.013427305126001     
 -7.01E-21 -4.87E-04  3.85E-04 -3.44E-05 -6.29E-07 -1.65E-06  1.14E-07  7.01E-09
  3.31E-07  1.49E-07  1.58E-07  8.51E-08  5.70E-08  1.04E-08  5.21E-09  9.11E-09
  1.35E-08  4.13E-09  2.28E-09  2.59E-09  5.62E-10  5.20E-10  2.46E-10  8.39E-10
  4.17E-10  2.25E-10  2.98E-10  4.54E-10  3.55E-10  6.51E-11  8.83E-11  6.71E-11
  3.92E-11 -2.25E-12 -1.09E-11 -1.24E-11 -1.19E-11 -9.94E-12 -4.96E-12 -3.58E-12
  2.77E-12  1.78E-12  1.95E-12  2.45E-12  1.77E-12  1.83E-12  1.05E-12  8.53E-13
  6.44E-13  5.04E-13  3.08E-13  2.22E-13  1.37E-13  9.90E-14  4.75E-14  2.13E-14
  5.93E-15 -5.17E-15 -5.66E-15 -1.09E-14 -7.48E-15 -7.85E-15 -7.40E-15 -4.86E-15
   66.019831170378865     
  1.28E-20 -4.57E-04  3.59E-04 -3.22E-05 -1.18E-06 -1.69E-06 -8.89E-08 -6.99E-08
  3.33E-07  1.70E-07  1.89E-07  8.20E-08  4.26E-08  1.22E-08  4.84E-09  1.16E-08
  1.07E-08  5.34E-09  2.35E-09  2.08E-09  5.08E-10  5.78E-10  2.01E-10  5.18E-10
  2.50E-10  2.99E-10  1.50E-10  3.54E-10  2.76E-10  7.61E-11  7.27E-11  6.59E-11
  4.39E-11 -4.40E-12 -9.44E-13  6.24E-12  2.01E-12 -5.10E-12 -1.84E-12 -2.78E-12
 -2.29E-13  6.73E-13  9.57E-13  1.71E-12  1.18E-12  9.99E-13  7.74E-13  6.17E-13
  5.08E-13  3.47E-13  2.63E-13  2.12E-13  1.38E-13  9.63E-14  7.35E-14  4.44E-14
  2.46E-14  1.41E-14  6.91E-15  3.12E-15  6.26E-16 -4.13E-16  8.40E-17 -8.09E-16
   68.014261245293170     
 -2.86E-20 -4.26E-04  3.30E-04 -2.97E-05 -1.80E-06 -1.68E-06 -3.50E-07 -9.72E-08
  2.97E-07  1.77E-07  1.89E-07  8.22E-08  3.47E-08  1.18E-08  5.99E-09  1.23E-08
  7.71E-09  5.67E-09  3.42E-09  1.21E-09  6.40E-10  4.40E-10  5.70E-11  3.50E-10
  4.34E-11  1.92E-10  1.63E-10  1.94E-10  1.57E-10  3.17E-11  5.87E-11  7.30E-11
  3.41E-11 -8.50E-12 -2.69E-12  6.29E-12  2.59E-12 -1.03E-12  1.77E-12  1.82E-12
 -6.72E-13 -3.45E-13  7.65E-13  1.39E-12  1.12E-12  6.61E-13  6.77E-13  5.44E-13
  3.89E-13  2.76E-13  2.12E-13  2.03E-13  1.24E-13  8.45E-14  7.64E-14  5.46E-14
  3.55E-14  2.06E-14  1.62E-14  9.63E-15  5.70E-15  3.68E-15  3.06E-15  1.68E-15
   70.020504801134848     
  5.41E-22 -3.98E-04  3.04E-04 -2.74E-05 -2.65E-06 -1.65E-06 -5.78E-07 -7.87E-08
  2.38E-07  1.72E-07  1.74E-07  8.56E-08  2.66E-08  1.15E-08  1.01E-08  1.13E-08
  5.78E-09  4.93E-09  4.42E-09  1.06E-09  4.23E-10  4.82E-10 -1.35E-10  1.27E-10
 -5.32E-11  1.67E-10  1.01E-10  8.89E-11  8.08E-11  1.84E-11  2.63E-11  5.03E-11
  1.76E-11  3.28E-12  2.73E-12  2.97E-12  1.39E-12 -8.54E-13  3.04E-12  3.74E-12
  1.64E-12  4.62E-13  6.97E-13  1.16E-12  1.03E-12  7.95E-13  7.81E-13  6.03E-13
  3.78E-13  2.69E-13  2.24E-13  1.91E-13  1.21E-13  9.42E-14  8.00E-14  5.57E-14
  4.00E-14  2.68E-14  1.99E-14  1.46E-14  9.25E-15  6.05E-15  4.71E-15  3.51E-15
   72.015100426888665     
 -7.74E-21 -3.74E-04  2.78E-04 -2.44E-05 -4.31E-06 -1.60E-06 -6.83E-07 -1.54E-08
  1.79E-07  1.60E-07  1.51E-07  8.38E-08  1.85E-08  1.39E-08  1.44E-08  9.23E-09
  4.34E-09  3.70E-09  4.88E-09  1.48E-09  1.42E-10  6.29E-10 -2.90E-11 -2.16E-10
 -6.18E-11  1.21E-10  3.34E-11  1.08E-11  1.85E-11  9.38E-12  8.36E-12  2.05E-11
  7.99E-13  3.70E-12  4.93E-12  4.04E-12 -1.26E-13  1.95E-12  9.96E-13  2.46E-12
  1.54E-12  2.13E-12  1.22E-12  9.71E-13  5.88E-13  7.56E-13  7.40E-13  5.66E-13
  3.87E-13  2.96E-13  2.37E-13  1.64E-13  1.12E-13  9.06E-14  7.68E-14  5.01E-14
  3.67E-14  2.93E-14  2.09E-14  1.53E-14  1.02E-14  7.47E-15  5.42E-15  3.95E-15
   74.022162950983301     
  3.43E-21 -3.50E-04  2.50E-04 -2.00E-05 -6.07E-06 -1.29E-06 -6.72E-07  5.01E-08
  1.21E-07  1.57E-07  1.31E-07  7.34E-08  1.36E-08  2.02E-08  1.55E-08  7.56E-09
  2.90E-09  3.46E-09  4.35E-09  1.68E-09  2.36E-10  9.03E-10 -6.77E-11 -1.97E-10
 -6.79E-11  1.04E-10 -3.11E-11  2.79E-13 -5.35E-11  2.37E-12  1.33E-11  8.55E-13
 -5.14E-12 -1.14E-12  4.28E-12  3.10E-12  1.25E-13  2.55E-12  1.77E-12  7.23E-13
  1.13E-12  2.06E-12  1.42E-12  1.11E-12  7.70E-13  6.81E-13  5.80E-13  4.36E-13
  3.72E-13  2.92E-13  1.97E-13  1.33E-13  1.07E-13  7.85E-14  6.01E-14  4.01E-14
  3.04E-14  2.34E-14  1.61E-14  1.14E-14  8.45E-15  6.35E-15  4.31E-15  3.14E-15
   76.019504890194298     
 -7.54E-22 -3.24E-04  2.20E-04 -1.72E-05 -7.06E-06 -9.49E-07 -5.73E-07  7.40E-08
  7.21E-08  1.61E-07  1.20E-07  6.06E-08  1.65E-08  2.51E-08  1.48E-08  5.72E-09
  2.01E-09  3.34E-09  3.44E-09  1.93E-09  5.63E-10  6.35E-10  2.27E-10 -1.12E-10
 -5.73E-11  7.60E-11 -5.60E-11 -1.63E-11 -4.83E-11 -1.54E-12  6.62E-12 -1.19E-11
 -7.57E-12 -6.08E-13 -1.15E-12  4.42E-13 -6.37E-13  7.06E-13  9.86E-13  6.92E-13
  1.06E-12  1.17E-12  8.16E-13  9.34E-13  7.74E-13  5.83E-13  3.56E-13  3.20E-13
  2.79E-13  2.09E-13  1.43E-13  9.90E-14  7.99E-14  4.97E-14  3.76E-14  2.68E-14
  2.08E-14  1.32E-14  9.28E-15  7.32E-15  4.88E-15  3.44E-15  2.20E-15  1.87E-15
