   2.0212365155019909     
  1.37E-46  3.68E-17  7.83E-16  3.53E-15  1.91E-14  8.51E-14  2.49E-13  6.39E-13
  1.90E-12  5.40E-12  1.11E-11  2.38E-11  4.48E-11  8.26E-11  1.30E-10  1.68E-10
  2.57E-10  3.36E-10  4.19E-10  4.71E-10  5.44E-10  6.23E-10  6.02E-10  5.98E-10
  5.44E-10  4.79E-10  3.96E-10  3.06E-10  2.44E-10  1.79E-10  1.33E-10  9.70E-11
  6.86E-11  4.93E-11  3.34E-11  2.19E-11  1.47E-11  9.42E-12  6.16E-12  3.81E-12
  2.46E-12  1.55E-12  9.30E-13  5.77E-13  3.39E-13  2.10E-13  1.18E-13  7.07E-14
  4.18E-14  2.40E-14  1.37E-14  7.52E-15  4.27E-15  2.39E-15  1.29E-15  7.13E-16
  3.89E-16  2.16E-16  1.14E-16  5.91E-17  3.23E-17  1.67E-17  8.62E-18  4.45E-18
   4.0186886345075621     
  3.00E-40  6.12E-09  7.19E-08  2.14E-07  1.00E-06  4.30E-06  1.41E-05  3.39E-05
  8.01E-05  1.70E-04  2.20E-04  2.59E-04  2.96E-04  3.70E-04  4.79E-04  4.98E-04
  5.32E-04  4.20E-04  2.77E-04  1.62E-04  1.15E-04  8.23E-05  5.23E-05  3.99E-05
  3.33E-05  2.82E-05  2.00E-05  1.30E-05  9.52E-06  7.16E-06  5.81E-06  4.89E-06
  4.02E-06  3.25E-06  2.35E-06  1.65E-06  1.27E-06  9.86E-07  7.85E-07  5.83E-07
  4.56E-07  3.51E-07  2.62E-07  2.00E-07  1.50E-07  1.19E-07  8.69E-08  6.96E-08
  5.53E-08  4.21E-08  3.16E-08  2.32E-08  1.82E-08  1.38E-08  1.03E-08  7.85E-09
  5.95E-09  4.56E-09  3.36E-09  2.56E-09  1.99E-09  1.50E-09  1.17E-09  8.68E-10
   6.0155294328055007     
  9.20E-40  1.45E-06  1.65E-05  7.02E-05  3.02E-04  8.63E-04  1.60E-03  2.49E-03
  3.12E-03  4.08E-03  2.80E-03  1.80E-03  1.34E-03  1.12E-03  7.58E-04  4.49E-04
  3.54E-04  2.54E-04  1.75E-04  1.01E-04  8.07E-05  6.19E-05  4.01E-05  3.05E-05
  2.19E-05  1.60E-05  1.11E-05  8.02E-06  5.98E-06  4.51E-06  3.16E-06  2.33E-06
  1.72E-06  1.33E-06  9.59E-07  6.67E-07  5.18E-07  3.83E-07  2.87E-07  2.03E-07
  1.57E-07  1.15E-07  8.16E-08  6.37E-08  4.55E-08  3.51E-08  2.47E-08  1.89E-08
  1.42E-08  1.04E-08  7.47E-09  5.41E-09  4.28E-09  3.28E-09  2.42E-09  1.81E-09
  1.34E-09  9.81E-10  6.92E-10  5.14E-10  3.97E-10  3.02E-10  2.30E-10  1.63E-10
   8.0112942483806417     
  2.98E-38  1.61E-05  2.85E-04  8.98E-04  3.39E-03  6.90E-03  5.35E-03  4.96E-03
  3.98E-03  3.53E-03  2.29E-03  1.45E-03  1.13E-03  7.00E-04  4.55E-04  2.50E-04
  1.88E-04  1.17E-04  7.93E-05  5.19E-05  3.86E-05  2.85E-05  1.88E-05  1.37E-05
  9.53E-06  6.66E-06  4.65E-06  3.16E-06  2.29E-06  1.60E-06  1.09E-06  7.52E-07
  5.15E-07  3.77E-07  2.58E-07  1.81E-07  1.30E-07  9.16E-08  6.50E-08  4.43E-08
  3.26E-08  2.35E-08  1.67E-08  1.19E-08  8.16E-09  5.96E-09  4.09E-09  2.95E-09
  2.12E-09  1.50E-09  1.05E-09  7.17E-10  5.16E-10  3.62E-10  2.57E-10  1.80E-10
  1.27E-10  9.04E-11  6.27E-11  4.38E-11  3.13E-11  2.16E-11  1.53E-11  1.06E-11
   10.011275069864061     
  2.66E-39  9.94E-05  1.29E-03  3.70E-03  8.35E-03  1.02E-02  7.37E-03  5.21E-03
  2.98E-03  2.46E-03  1.55E-03  9.74E-04  6.03E-04  3.73E-04  2.41E-04  1.47E-04
  1.04E-04  6.85E-05  4.64E-05  2.97E-05  2.13E-05  1.50E-05  9.60E-06  6.72E-06
  4.64E-06  3.41E-06  2.20E-06  1.48E-06  1.05E-06  6.99E-07  5.03E-07  3.53E-07
  2.41E-07  1.72E-07  1.19E-07  8.05E-08  5.86E-08  4.04E-08  2.90E-08  1.95E-08
  1.41E-08  1.02E-08  6.98E-09  5.00E-09  3.46E-09  2.47E-09  1.66E-09  1.16E-09
  8.21E-10  5.84E-10  4.15E-10  2.80E-10  2.00E-10  1.38E-10  9.55E-11  6.54E-11
  4.57E-11  3.23E-11  2.15E-11  1.45E-11  1.04E-11  7.08E-12  4.92E-12  3.31E-12
   12.021584921765342     
  5.47E-38  3.70E-04  3.96E-03  7.58E-03  1.15E-02  1.09E-02  6.20E-03  3.29E-03
  2.07E-03  1.60E-03  8.01E-04  4.68E-04  3.07E-04  2.07E-04  1.30E-04  7.83E-05
  5.79E-05  3.76E-05  2.47E-05  1.53E-05  1.06E-05  7.45E-06  4.71E-06  3.34E-06
  2.26E-06  1.57E-06  1.04E-06  6.77E-07  4.78E-07  3.19E-07  2.21E-07  1.54E-07
  1.03E-07  7.26E-08  5.00E-08  3.27E-08  2.33E-08  1.56E-08  1.09E-08  7.26E-09
  5.06E-09  3.45E-09  2.30E-09  1.60E-09  1.07E-09  7.50E-10  4.88E-10  3.37E-10
  2.27E-10  1.56E-10  1.05E-10  6.86E-11  4.75E-11  3.12E-11  2.09E-11  1.39E-11
  9.34E-12  6.32E-12  4.11E-12  2.72E-12  1.82E-12  1.20E-12  7.91E-13  5.15E-13
   14.012703363494147     
  1.56E-37  9.31E-04  7.89E-03  9.40E-03  1.26E-02  8.69E-03  3.56E-03  2.24E-03
  1.34E-03  9.14E-04  4.37E-04  2.79E-04  1.89E-04  1.20E-04  7.54E-05  4.58E-05
  3.44E-05  2.18E-05  1.41E-05  8.95E-06  6.01E-06  4.14E-06  2.60E-06  1.78E-06
  1.17E-06  8.17E-07  5.51E-07  3.49E-07  2.42E-07  1.64E-07  1.10E-07  7.45E-08
  4.86E-08  3.40E-08  2.30E-08  1.51E-08  1.05E-08  7.07E-09  4.83E-09  3.15E-09
  2.21E-09  1.49E-09  9.80E-10  6.72E-10  4.37E-10  3.07E-10  1.95E-10  1.33E-10
  9.04E-11  5.99E-11  3.97E-11  2.60E-11  1.73E-11  1.14E-11  7.51E-12  4.88E-12
  3.24E-12  2.15E-12  1.37E-12  8.87E-13  5.86E-13  3.74E-13  2.41E-13  1.53E-13
   16.013012278143911     
  5.47E-38  1.68E-03  1.16E-02  1.03E-02  1.06E-02  5.61E-03  2.75E-03  1.61E-03
  8.47E-04  5.85E-04  2.93E-04  1.83E-04  1.18E-04  7.56E-05  4.60E-05  2.97E-05
  2.21E-05  1.39E-05  9.05E-06  5.58E-06  3.94E-06  2.63E-06  1.65E-06  1.12E-06
  7.34E-07  5.12E-07  3.36E-07  2.26E-07  1.51E-07  1.02E-07  6.94E-08  4.79E-08
  3.19E-08  2.25E-08  1.55E-08  1.04E-08  7.14E-09  4.93E-09  3.45E-09  2.32E-09
  1.63E-09  1.15E-09  7.86E-10  5.52E-10  3.74E-10  2.76E-10  1.83E-10  1.29E-10
  9.01E-11  6.62E-11  4.51E-11  3.03E-11  2.18E-11  1.55E-11  1.07E-11  7.25E-12
  5.20E-12  3.77E-12  2.56E-12  1.70E-12  1.29E-12  8.83E-13  5.97E-13  3.99E-13
   18.018132029728442     
  8.14E-38  2.51E-03  1.45E-02  9.56E-03  7.41E-03  3.85E-03  2.13E-03  1.08E-03
  6.09E-04  4.25E-04  2.05E-04  1.22E-04  8.61E-05  5.54E-05  3.43E-05  2.09E-05
  1.52E-05  9.30E-06  6.11E-06  3.79E-06  2.71E-06  1.82E-06  1.13E-06  7.55E-07
  5.00E-07  3.44E-07  2.24E-07  1.45E-07  9.94E-08  6.62E-08  4.37E-08  3.00E-08
  2.01E-08  1.38E-08  9.32E-09  6.08E-09  4.19E-09  2.75E-09  1.90E-09  1.25E-09
  8.49E-10  5.90E-10  3.86E-10  2.68E-10  1.76E-10  1.25E-10  8.00E-11  5.53E-11
  3.72E-11  2.55E-11  1.68E-11  1.11E-11  7.51E-12  5.02E-12  3.32E-12  2.19E-12
  1.46E-12  1.00E-12  6.39E-13  4.19E-13  2.84E-13  1.85E-13  1.20E-13  7.77E-14
   20.021752460282720     
  2.61E-37  3.45E-03  1.62E-02  7.77E-03  4.92E-03  2.74E-03  1.38E-03  6.97E-04
  4.37E-04  3.03E-04  1.54E-04  9.70E-05  6.34E-05  4.07E-05  2.51E-05  1.52E-05
  1.05E-05  6.57E-06  4.26E-06  2.60E-06  1.83E-06  1.18E-06  7.56E-07  5.12E-07
  3.26E-07  2.28E-07  1.42E-07  9.01E-08  6.02E-08  3.84E-08  2.51E-08  1.67E-08
  1.08E-08  7.29E-09  4.90E-09  3.14E-09  2.13E-09  1.35E-09  9.10E-10  5.69E-10
  3.78E-10  2.53E-10  1.61E-10  1.07E-10  6.95E-11  4.85E-11  3.03E-11  2.00E-11
  1.30E-11  8.64E-12  5.53E-12  3.40E-12  2.26E-12  1.46E-12  9.31E-13  6.00E-13
  3.90E-13  2.62E-13  1.63E-13  1.03E-13  6.86E-14  4.27E-14  2.70E-14  1.66E-14
   22.012394945318807     
  6.18E-37  4.36E-03  1.66E-02  5.61E-03  3.54E-03  1.75E-03  9.01E-04  4.96E-04
  3.17E-04  2.18E-04  1.22E-04  7.07E-05  4.47E-05  2.82E-05  1.76E-05  1.04E-05
  7.29E-06  4.48E-06  2.81E-06  1.68E-06  1.12E-06  7.29E-07  4.35E-07  2.89E-07
  1.83E-07  1.25E-07  7.94E-08  4.99E-08  3.33E-08  2.06E-08  1.34E-08  8.67E-09
  5.48E-09  3.63E-09  2.40E-09  1.51E-09  1.01E-09  6.41E-10  4.33E-10  2.72E-10
  1.78E-10  1.21E-10  7.62E-11  5.00E-11  3.21E-11  2.20E-11  1.36E-11  8.99E-12
  5.87E-12  3.97E-12  2.54E-12  1.60E-12  1.06E-12  7.00E-13  4.53E-13  2.83E-13
  1.87E-13  1.25E-13  7.84E-14  4.83E-14  3.35E-14  2.12E-14  1.32E-14  8.25E-15
   24.012655340382203     
  1.29E-36  5.29E-03  1.58E-02  3.78E-03  2.63E-03  1.27E-03  6.04E-04  3.65E-04
  2.20E-04  1.58E-04  9.10E-05  5.19E-05  3.38E-05  2.00E-05  1.26E-05  7.00E-06
  4.94E-06  2.95E-06  1.84E-06  1.05E-06  7.10E-07  4.52E-07  2.70E-07  1.73E-07
  1.05E-07  6.72E-08  4.03E-08  2.47E-08  1.55E-08  9.61E-09  6.00E-09  3.86E-09
  2.36E-09  1.53E-09  9.66E-10  5.83E-10  3.80E-10  2.27E-10  1.45E-10  8.80E-11
  5.51E-11  3.52E-11  2.11E-11  1.32E-11  8.14E-12  5.20E-12  3.04E-12  1.91E-12
  1.19E-12  7.44E-13  4.46E-13  2.71E-13  1.69E-13  1.03E-13  6.21E-14  3.77E-14
  2.32E-14  1.44E-14  8.53E-15  5.06E-15  3.17E-15  1.88E-15  1.12E-15  6.67E-16
   26.018842956122622     
  1.31E-37  6.19E-03  1.39E-02  2.85E-03  1.99E-03  9.99E-04  4.61E-04  2.81E-04
  1.52E-04  1.11E-04  6.71E-05  3.93E-05  2.60E-05  1.49E-05  9.29E-06  5.09E-06
  3.50E-06  2.03E-06  1.23E-06  6.85E-07  4.23E-07  2.64E-07  1.57E-07  1.00E-07
  6.08E-08  4.01E-08  2.41E-08  1.49E-08  9.43E-09  5.75E-09  3.48E-09  2.15E-09
  1.30E-09  8.07E-10  5.01E-10  2.97E-10  1.94E-10  1.17E-10  7.35E-11  4.53E-11
  2.89E-11  1.84E-11  1.11E-11  6.94E-12  4.34E-12  2.69E-12  1.59E-12  9.91E-13
  6.07E-13  3.77E-13  2.20E-13  1.35E-13  8.17E-14  4.92E-14  2.99E-14  1.79E-14
  1.10E-14  6.73E-15  3.99E-15  2.39E-15  1.45E-15  8.61E-16  5.08E-16  3.02E-16
   28.015315717951164     
  1.95E-37  7.00E-03  1.18E-02  2.48E-03  1.54E-03  7.85E-04  3.68E-04  2.11E-04
  1.19E-04  8.81E-05  4.76E-05  2.88E-05  1.85E-05  1.13E-05  7.01E-06  3.74E-06
  2.46E-06  1.36E-06  8.08E-07  4.46E-07  2.83E-07  1.65E-07  9.42E-08  5.81E-08
  3.55E-08  2.23E-08  1.35E-08  7.99E-09  5.01E-09  3.03E-09  1.89E-09  1.14E-09
  7.05E-10  4.42E-10  2.71E-10  1.57E-10  9.92E-11  5.89E-11  3.57E-11  2.16E-11
  1.33E-11  8.41E-12  4.94E-12  3.14E-12  1.92E-12  1.22E-12  7.27E-13  4.64E-13
  2.92E-13  1.84E-13  1.09E-13  6.85E-14  4.18E-14  2.55E-14  1.55E-14  9.28E-15
  5.73E-15  3.53E-15  2.10E-15  1.27E-15  7.69E-16  4.66E-16  2.78E-16  1.69E-16
   30.015004960492810     
  2.49E-37  7.66E-03  9.96E-03  2.12E-03  1.23E-03  6.57E-04  2.96E-04  1.74E-04
  9.33E-05  6.98E-05  3.61E-05  2.13E-05  1.28E-05  8.20E-06  4.90E-06  2.67E-06
  1.74E-06  9.76E-07  5.56E-07  3.10E-07  1.89E-07  1.08E-07  6.15E-08  3.52E-08
  1.98E-08  1.23E-08  6.94E-09  4.16E-09  2.54E-09  1.52E-09  9.01E-10  5.52E-10
  3.34E-10  2.05E-10  1.22E-10  7.01E-11  4.34E-11  2.50E-11  1.46E-11  8.50E-12
  5.04E-12  3.02E-12  1.71E-12  1.03E-12  6.08E-13  3.67E-13  2.12E-13  1.29E-13
  7.85E-14  4.79E-14  2.75E-14  1.67E-14  9.89E-15  5.86E-15  3.44E-15  2.02E-15
  1.20E-15  7.12E-16  4.09E-16  2.38E-16  1.38E-16  8.02E-17  4.59E-17  2.68E-17
   32.022431546439272     
  1.53E-37  8.11E-03  8.40E-03  1.79E-03  1.02E-03  5.53E-04  2.46E-04  1.51E-04
  7.81E-05  5.48E-05  2.73E-05  1.56E-05  9.43E-06  5.77E-06  3.28E-06  1.77E-06
  1.18E-06  6.20E-07  3.45E-07  1.85E-07  1.12E-07  6.20E-08  3.32E-08  1.97E-08
  1.07E-08  6.27E-09  3.40E-09  1.91E-09  1.12E-09  6.42E-10  3.69E-10  2.19E-10
  1.24E-10  7.35E-11  4.22E-11  2.29E-11  1.37E-11  7.54E-12  4.29E-12  2.35E-12
  1.34E-12  7.69E-13  4.13E-13  2.37E-13  1.31E-13  7.59E-14  4.05E-14  2.34E-14
  1.33E-14  7.51E-15  4.15E-15  2.30E-15  1.30E-15  7.15E-16  3.96E-16  2.18E-16
  1.21E-16  6.77E-17  3.61E-17  1.96E-17  1.09E-17  5.85E-18  3.16E-18  1.72E-18
   34.019680697887232     
  3.22E-38  8.39E-03  7.12E-03  1.51E-03  9.06E-04  4.56E-04  2.00E-04  1.31E-04
  6.76E-05  4.47E-05  2.20E-05  1.19E-05  7.32E-06  4.25E-06  2.22E-06  1.19E-06
  7.56E-07  4.06E-07  2.17E-07  1.15E-07  6.67E-08  3.69E-08  1.96E-08  1.11E-08
  6.21E-09  3.51E-09  1.91E-09  1.04E-09  6.01E-10  3.27E-10  1.83E-10  1.04E-10
  5.81E-11  3.33E-11  1.86E-11  1.00E-11  5.83E-12  3.16E-12  1.78E-12  9.66E-13
  5.38E-13  3.08E-13  1.63E-13  9.17E-14  5.00E-14  2.85E-14  1.50E-14  8.40E-15
  4.70E-15  2.59E-15  1.42E-15  7.62E-16  4.26E-16  2.33E-16  1.27E-16  6.87E-17
  3.78E-17  2.12E-17  1.12E-17  6.01E-18  3.39E-18  1.82E-18  9.79E-19  5.33E-19
   36.012101320308425     
  8.04E-38  8.54E-03  6.00E-03  1.32E-03  8.14E-04  3.83E-04  1.70E-04  1.09E-04
  5.92E-05  3.73E-05  1.79E-05  9.52E-06  5.77E-06  3.28E-06  1.65E-06  8.73E-07
  5.22E-07  2.81E-07  1.52E-07  7.76E-08  4.30E-08  2.46E-08  1.26E-08  7.08E-09
  3.88E-09  2.16E-09  1.18E-09  6.41E-10  3.59E-10  1.94E-10  1.10E-10  6.10E-11
  3.26E-11  1.85E-11  1.04E-11  5.50E-12  3.13E-12  1.66E-12  9.53E-13  5.03E-13
  2.79E-13  1.56E-13  8.29E-14  4.52E-14  2.42E-14  1.37E-14  7.16E-15  3.90E-15
  2.15E-15  1.19E-15  6.38E-16  3.31E-16  1.85E-16  1.01E-16  5.35E-17  2.87E-17
  1.55E-17  8.72E-18  4.51E-18  2.35E-18  1.36E-18  7.12E-19  3.81E-19  2.03E-19
   38.022194308971137     
  2.30E-39  8.54E-03  5.04E-03  1.18E-03  7.31E-04  3.37E-04  1.50E-04  8.73E-05
  5.22E-05  3.05E-05  1.45E-05  7.71E-06  4.68E-06  2.55E-06  1.23E-06  6.55E-07
  3.93E-07  2.08E-07  1.07E-07  5.62E-08  3.08E-08  1.68E-08  8.38E-09  4.82E-09
  2.53E-09  1.42E-09  7.49E-10  4.11E-10  2.23E-10  1.22E-10  6.58E-11  3.71E-11
  1.96E-11  1.10E-11  6.04E-12  3.21E-12  1.77E-12  9.29E-13  5.32E-13  2.76E-13
  1.52E-13  8.40E-14  4.45E-14  2.41E-14  1.26E-14  7.20E-15  3.70E-15  1.98E-15
  1.07E-15  5.99E-16  3.18E-16  1.60E-16  8.87E-17  4.90E-17  2.55E-17  1.33E-17
  7.18E-18  4.06E-18  2.06E-18  1.05E-18  6.22E-19  3.25E-19  1.73E-19  9.10E-20
   40.015290870706856     
  1.80E-37  8.43E-03  4.29E-03  1.06E-03  6.46E-04  3.08E-04  1.32E-04  7.36E-05
  4.41E-05  2.55E-05  1.22E-05  6.25E-06  3.85E-06  2.01E-06  1.03E-06  5.12E-07
  3.22E-07  1.57E-07  8.33E-08  4.25E-08  2.37E-08  1.29E-08  6.41E-09  3.57E-09
  1.89E-09  1.03E-09  5.35E-10  2.84E-10  1.59E-10  8.28E-11  4.55E-11  2.51E-11
  1.32E-11  7.35E-12  3.97E-12  2.08E-12  1.13E-12  5.93E-13  3.31E-13  1.70E-13
  9.29E-14  5.11E-14  2.68E-14  1.43E-14  7.62E-15  4.28E-15  2.17E-15  1.17E-15
  6.37E-16  3.45E-16  1.83E-16  9.25E-17  5.17E-17  2.74E-17  1.43E-17  7.50E-18
  4.07E-18  2.23E-18  1.14E-18  5.93E-19  3.42E-19  1.76E-19  9.52E-20  5.16E-20
   42.012425035195491     
  4.19E-38  8.26E-03  3.68E-03  9.63E-04  5.59E-04  2.82E-04  1.16E-04  6.42E-05
  3.75E-05  2.16E-05  1.00E-05  5.35E-06  3.17E-06  1.66E-06  8.47E-07  4.19E-07
  2.70E-07  1.29E-07  6.76E-08  3.42E-08  1.87E-08  1.02E-08  5.16E-09  2.84E-09
  1.49E-09  8.52E-10  4.37E-10  2.34E-10  1.27E-10  6.64E-11  3.63E-11  1.97E-11
  1.01E-11  5.73E-12  3.03E-12  1.58E-12  8.55E-13  4.55E-13  2.47E-13  1.28E-13
  6.92E-14  3.76E-14  1.92E-14  1.03E-14  5.45E-15  2.97E-15  1.49E-15  8.05E-16
  4.34E-16  2.27E-16  1.19E-16  6.07E-17  3.29E-17  1.68E-17  8.86E-18  4.59E-18
  2.41E-18  1.28E-18  6.54E-19  3.35E-19  1.86E-19  9.61E-20  5.14E-20  2.80E-20
   44.015085070597891     
  1.79E-37  8.00E-03  3.21E-03  8.74E-04  4.80E-04  2.56E-04  1.05E-04  5.77E-05
  3.19E-05  1.90E-05  8.39E-06  4.59E-06  2.68E-06  1.38E-06  7.26E-07  3.52E-07
  2.24E-07  1.10E-07  5.74E-08  2.87E-08  1.56E-08  8.29E-09  4.14E-09  2.30E-09
  1.18E-09  6.76E-10  3.52E-10  1.88E-10  1.03E-10  5.42E-11  2.94E-11  1.59E-11
  8.17E-12  4.50E-12  2.40E-12  1.23E-12  6.86E-13  3.52E-13  1.91E-13  9.95E-14
  5.37E-14  2.91E-14  1.50E-14  8.02E-15  4.20E-15  2.28E-15  1.15E-15  6.20E-16
  3.30E-16  1.78E-16  9.05E-17  4.73E-17  2.48E-17  1.30E-17  6.78E-18  3.48E-18
  1.85E-18  9.83E-19  5.02E-19  2.60E-19  1.40E-19  7.35E-20  3.87E-20  2.11E-20
   46.013051351134166     
  2.12E-38  7.70E-03  2.85E-03  7.89E-04  4.11E-04  2.29E-04  9.59E-05  5.24E-05
  2.68E-05  1.68E-05  7.31E-06  3.97E-06  2.25E-06  1.14E-06  6.10E-07  2.95E-07
  1.76E-07  9.18E-08  4.66E-08  2.33E-08  1.30E-08  6.56E-09  3.32E-09  1.78E-09
  9.44E-10  5.16E-10  2.69E-10  1.41E-10  7.83E-11  4.13E-11  2.18E-11  1.20E-11
  6.26E-12  3.47E-12  1.83E-12  9.24E-13  5.11E-13  2.62E-13  1.42E-13  7.39E-14
  4.00E-14  2.16E-14  1.12E-14  5.94E-15  3.14E-15  1.71E-15  8.64E-16  4.67E-16
  2.50E-16  1.35E-16  6.81E-17  3.58E-17  1.89E-17  9.91E-18  5.20E-18  2.65E-18
  1.43E-18  7.54E-19  3.89E-19  2.02E-19  1.07E-19  5.65E-20  2.97E-20  1.61E-20
   48.018915765193157     
  1.33E-37  7.35E-03  2.57E-03  7.04E-04  3.55E-04  2.03E-04  8.61E-05  4.66E-05
  2.36E-05  1.47E-05  6.52E-06  3.45E-06  1.90E-06  9.70E-07  4.98E-07  2.48E-07
  1.45E-07  7.18E-08  3.71E-08  1.80E-08  1.01E-08  5.17E-09  2.53E-09  1.35E-09
  7.13E-10  3.88E-10  2.02E-10  1.02E-10  5.56E-11  2.93E-11  1.55E-11  8.39E-12
  4.36E-12  2.34E-12  1.24E-12  6.14E-13  3.41E-13  1.74E-13  9.17E-14  4.70E-14
  2.56E-14  1.34E-14  6.96E-15  3.60E-15  1.90E-15  1.03E-15  5.12E-16  2.73E-16
  1.45E-16  7.54E-17  3.83E-17  1.95E-17  1.03E-17  5.25E-18  2.70E-18  1.35E-18
  7.15E-19  3.66E-19  1.85E-19  9.42E-20  4.89E-20  2.53E-20  1.32E-20  7.14E-21
   50.017968783140887     
  4.18E-39  6.98E-03  2.35E-03  6.29E-04  3.09E-04  1.78E-04  7.71E-05  4.09E-05
  2.14E-05  1.30E-05  5.75E-06  3.00E-06  1.62E-06  8.49E-07  4.25E-07  2.05E-07
  1.20E-07  5.95E-08  2.87E-08  1.40E-08  7.79E-09  4.02E-09  1.93E-09  1.02E-09
  5.31E-10  2.81E-10  1.48E-10  7.56E-11  3.95E-11  2.00E-11  1.06E-11  5.71E-12
  2.90E-12  1.52E-12  7.77E-13  3.77E-13  2.06E-13  1.04E-13  5.44E-14  2.70E-14
  1.43E-14  7.20E-15  3.65E-15  1.88E-15  9.71E-16  5.16E-16  2.54E-16  1.29E-16
  6.84E-17  3.37E-17  1.71E-17  8.45E-18  4.36E-18  2.18E-18  1.07E-18  5.30E-19
  2.71E-19  1.34E-19  6.63E-20  3.37E-20  1.70E-20  8.85E-21  4.67E-21  2.62E-21
   52.016681477611705     
  9.31E-39  6.59E-03  2.15E-03  5.73E-04  2.74E-04  1.54E-04  6.82E-05  3.62E-05
  1.94E-05  1.15E-05  5.04E-06  2.62E-06  1.47E-06  7.47E-07  3.69E-07  1.75E-07
  1.02E-07  4.98E-08  2.40E-08  1.13E-08  6.09E-09  3.24E-09  1.53E-09  8.26E-10
  4.18E-10  2.20E-10  1.16E-10  5.75E-11  3.07E-11  1.53E-11  8.05E-12  4.14E-12
  2.05E-12  1.06E-12  5.39E-13  2.64E-13  1.39E-13  6.84E-14  3.56E-14  1.75E-14
  8.93E-15  4.50E-15  2.21E-15  1.13E-15  5.66E-16  2.90E-16  1.42E-16  6.85E-17
  3.51E-17  1.68E-17  8.31E-18  4.05E-18  2.02E-18  9.82E-19  4.64E-19  2.25E-19
  1.11E-19  5.48E-20  2.66E-20  1.34E-20  6.76E-21  3.57E-21  1.98E-21  1.22E-21
   54.018406700650367     
  1.52E-37  6.20E-03  1.96E-03  5.30E-04  2.49E-04  1.32E-04  5.95E-05  3.21E-05
  1.72E-05  9.99E-06  4.39E-06  2.21E-06  1.31E-06  6.45E-07  3.18E-07  1.49E-07
  8.49E-08  3.91E-08  1.93E-08  8.96E-09  4.68E-09  2.47E-09  1.24E-09  6.48E-10
  3.30E-10  1.73E-10  8.68E-11  4.31E-11  2.25E-11  1.11E-11  5.99E-12  3.06E-12
  1.52E-12  7.88E-13  3.93E-13  1.88E-13  9.88E-14  4.82E-14  2.45E-14  1.18E-14
  6.11E-15  3.08E-15  1.51E-15  7.96E-16  3.93E-16  1.97E-16  9.42E-17  4.53E-17
  2.26E-17  1.07E-17  5.32E-18  2.56E-18  1.25E-18  6.01E-19  2.85E-19  1.40E-19
  6.72E-20  3.31E-20  1.56E-20  7.66E-21  3.88E-21  2.02E-21  1.17E-21  7.34E-22
   56.021532485699126     
  1.82E-37  5.84E-03  1.76E-03  4.92E-04  2.30E-04  1.15E-04  5.31E-05  2.82E-05
  1.49E-05  8.71E-06  3.77E-06  1.83E-06  1.10E-06  5.43E-07  2.66E-07  1.26E-07
  7.15E-08  3.26E-08  1.55E-08  7.16E-09  3.68E-09  1.88E-09  8.95E-10  4.81E-10
  2.48E-10  1.32E-10  6.85E-11  3.51E-11  1.91E-11  9.44E-12  4.88E-12  2.42E-12
  1.16E-12  5.94E-13  2.83E-13  1.41E-13  7.41E-14  3.67E-14  1.93E-14  9.61E-15
  5.09E-15  2.63E-15  1.26E-15  6.61E-16  3.20E-16  1.54E-16  7.21E-17  3.56E-17
  1.76E-17  8.54E-18  4.21E-18  2.09E-18  1.03E-18  5.02E-19  2.43E-19  1.21E-19
  5.69E-20  2.76E-20  1.27E-20  6.12E-21  3.03E-21  1.55E-21  8.67E-22  5.22E-22
   58.012407615256031     
  1.47E-38  5.47E-03  1.58E-03  4.58E-04  2.15E-04  1.02E-04  4.91E-05  2.51E-05
  1.29E-05  7.70E-06  3.31E-06  1.55E-06  9.15E-07  4.53E-07  2.21E-07  1.07E-07
  6.00E-08  2.87E-08  1.38E-08  6.62E-09  3.45E-09  1.74E-09  8.05E-10  4.28E-10
  2.12E-10  1.14E-10  5.79E-11  2.98E-11  1.67E-11  8.56E-12  4.78E-12  2.51E-12
  1.33E-12  7.33E-13  3.57E-13  1.84E-13  9.55E-14  4.66E-14  2.39E-14  1.18E-14
  6.14E-15  3.24E-15  1.58E-15  8.71E-16  4.63E-16  2.38E-16  1.24E-16  6.59E-17
  3.43E-17  1.78E-17  8.65E-18  4.46E-18  2.15E-18  1.06E-18  5.15E-19  2.54E-19
  1.27E-19  6.30E-20  3.11E-20  1.58E-20  8.00E-21  4.15E-21  2.08E-21  1.11E-21
   60.014956492092189     
  1.53E-37  5.10E-03  1.41E-03  4.22E-04  2.05E-04  9.30E-05  4.52E-05  2.27E-05
  1.16E-05  6.73E-06  2.95E-06  1.40E-06  7.76E-07  3.81E-07  1.87E-07  9.02E-08
  5.10E-08  2.47E-08  1.22E-08  6.07E-09  3.22E-09  1.67E-09  8.09E-10  4.27E-10
  2.13E-10  1.17E-10  5.73E-11  2.93E-11  1.63E-11  8.21E-12  4.54E-12  2.42E-12
  1.31E-12  7.45E-13  3.78E-13  2.06E-13  1.13E-13  5.88E-14  3.14E-14  1.60E-14
  8.47E-15  4.56E-15  2.18E-15  1.21E-15  6.30E-16  3.16E-16  1.66E-16  8.80E-17
  4.60E-17  2.48E-17  1.24E-17  6.76E-18  3.40E-18  1.75E-18  8.93E-19  4.56E-19
  2.35E-19  1.17E-19  5.83E-20  2.97E-20  1.47E-20  7.63E-21  3.75E-21  1.94E-21
   62.017012595311385     
  4.47E-39  4.76E-03  1.26E-03  3.82E-04  1.94E-04  8.78E-05  4.08E-05  2.10E-05
  1.04E-05  5.96E-06  2.58E-06  1.27E-06  6.87E-07  3.26E-07  1.59E-07  7.72E-08
  4.20E-08  2.02E-08  9.81E-09  4.86E-09  2.66E-09  1.33E-09  6.61E-10  3.50E-10
  1.72E-10  9.83E-11  4.66E-11  2.42E-11  1.33E-11  6.54E-12  3.55E-12  1.88E-12
  9.78E-13  5.42E-13  2.66E-13  1.43E-13  7.72E-14  4.00E-14  2.09E-14  1.08E-14
  5.70E-15  3.05E-15  1.46E-15  8.04E-16  4.16E-16  2.05E-16  1.06E-16  5.60E-17
  2.81E-17  1.49E-17  7.31E-18  3.88E-18  1.91E-18  9.53E-19  4.82E-19  2.44E-19
  1.23E-19  6.09E-20  3.00E-20  1.52E-20  7.47E-21  3.79E-21  1.88E-21  9.78E-22
   64.020278101630069     
  1.12E-38  4.44E-03  1.13E-03  3.43E-04  1.81E-04  8.28E-05  3.64E-05  1.92E-05
  9.21E-06  5.35E-06  2.22E-06  1.13E-06  6.07E-07  2.84E-07  1.33E-07  6.52E-08
  3.39E-08  1.62E-08  7.60E-09  3.63E-09  1.92E-09  9.51E-10  4.46E-10  2.40E-10
  1.14E-10  6.28E-11  2.98E-11  1.52E-11  8.08E-12  3.91E-12  2.05E-12  1.06E-12
  5.30E-13  2.81E-13  1.33E-13  6.87E-14  3.55E-14  1.77E-14  8.87E-15  4.43E-15
  2.28E-15  1.16E-15  5.49E-16  2.93E-16  1.45E-16  6.93E-17  3.44E-17  1.79E-17
  8.54E-18  4.40E-18  2.07E-18  1.06E-18  5.03E-19  2.39E-19  1.17E-19  5.74E-20
  2.80E-20  1.34E-20  6.44E-21  3.24E-21  1.60E-21  8.36E-22  4.64E-22  2.74E-22
   66.014444799204128     
  1.44E-38  4.12E-03  1.01E-03  3.10E-04  1.64E-04  7.70E-05  3.26E-05  1.72E-05
  8.12E-06  4.76E-06  1.91E-06  9.74E-07  5.24E-07  2.45E-07  1.14E-07  5.28E-08
  2.82E-08  1.31E-08  6.08E-09  2.83E-09  1.45E-09  7.03E-10  3.15E-10  1.69E-10
  8.03E-11  4.21E-11  1.95E-11  9.70E-12  5.06E-12  2.39E-12  1.23E-12  6.17E-13
  3.02E-13  1.52E-13  7.07E-14  3.52E-14  1.75E-14  8.57E-15  4.11E-15  2.00E-15
  1.00E-15  4.86E-16  2.30E-16  1.18E-16  5.54E-17  2.61E-17  1.25E-17  6.27E-18
  2.89E-18  1.45E-18  6.58E-19  3.22E-19  1.48E-19  6.86E-20  3.28E-20  1.54E-20
  7.48E-21  3.47E-21  1.71E-21  8.81E-22  4.73E-22  2.85E-22  1.92E-22  1.36E-22
   68.021255984139685     
  6.21E-38  3.81E-03  9.24E-04  2.81E-04  1.48E-04  7.14E-05  2.90E-05  1.53E-05
  7.22E-06  4.27E-06  1.70E-06  8.50E-07  4.57E-07  2.17E-07  1.00E-07  4.48E-08
  2.50E-08  1.11E-08  5.25E-09  2.40E-09  1.22E-09  5.91E-10  2.59E-10  1.35E-10
  6.40E-11  3.33E-11  1.53E-11  7.50E-12  3.79E-12  1.79E-12  9.04E-13  4.48E-13
  2.20E-13  1.07E-13  5.01E-14  2.43E-14  1.18E-14  5.77E-15  2.70E-15  1.29E-15
  6.35E-16  3.02E-16  1.44E-16  7.19E-17  3.27E-17  1.55E-17  7.29E-18  3.53E-18
  1.62E-18  8.04E-19  3.60E-19  1.69E-19  7.69E-20  3.60E-20  1.67E-20  7.84E-21
  3.82E-21  1.78E-21  9.02E-22  4.79E-22  2.83E-22  1.80E-22  1.34E-22  1.00E-22
   70.014562322575657     
  2.38E-38  3.53E-03  8.55E-04  2.54E-04  1.34E-04  6.53E-05  2.56E-05  1.37E-05
  6.43E-06  3.87E-06  1.53E-06  7.63E-07  4.02E-07  1.93E-07  9.02E-08  3.91E-08
  2.23E-08  9.70E-09  4.64E-09  2.05E-09  1.03E-09  5.20E-10  2.25E-10  1.14E-10
  5.40E-11  2.76E-11  1.30E-11  6.24E-12  3.10E-12  1.44E-12  7.16E-13  3.53E-13
  1.70E-13  8.17E-14  3.86E-14  1.84E-14  8.85E-15  4.31E-15  2.00E-15  9.51E-16
  4.65E-16  2.18E-16  1.03E-16  5.05E-17  2.25E-17  1.08E-17  4.95E-18  2.36E-18
  1.08E-18  5.23E-19  2.37E-19  1.06E-19  4.93E-20  2.28E-20  1.03E-20  4.86E-21
  2.33E-21  1.11E-21  5.57E-22  3.09E-22  1.91E-22  1.29E-22  9.82E-23  7.65E-23
   72.017563490346575     
  1.64E-38  3.27E-03  7.97E-04  2.27E-04  1.23E-04  5.88E-05  2.30E-05  1.23E-05
  5.79E-06  3.53E-06  1.37E-06  6.84E-07  3.61E-07  1.71E-07  8.04E-08  3.48E-08
  1.99E-08  8.52E-09  4.09E-09  1.82E-09  8.79E-10  4.48E-10  1.95E-10  9.45E-11
  4.63E-11  2.32E-11  1.09E-11  5.06E-12  2.54E-12  1.17E-12  5.65E-13  2.79E-13
  1.26E-13  6.23E-14  2.88E-14  1.37E-14  6.39E-15  3.06E-15  1.43E-15  6.57E-16
  3.25E-16  1.48E-16  6.86E-17  3.31E-17  1.45E-17  6.98E-18  3.06E-18  1.46E-18
  6.56E-19  3.04E-19  1.39E-19  5.91E-20  2.83E-20  1.24E-20  5.54E-21  2.57E-21
  1.22E-21  6.06E-22  3.03E-22  1.81E-22  1.18E-22  8.62E-23  6.82E-23  5.59E-23
   74.021002804499091     
  1.79E-38  3.03E-03  7.46E-04  2.00E-04  1.14E-04  5.28E-05  2.08E-05  1.11E-05
  5.33E-06  3.16E-06  1.26E-06  6.06E-07  3.24E-07  1.52E-07  7.09E-08  3.09E-08
  1.69E-08  7.42E-09  3.56E-09  1.58E-09  7.59E-10  3.80E-10  1.67E-10  7.84E-11
  3.74E-11  1.86E-11  8.60E-12  3.98E-12  1.92E-12  8.81E-13  4.20E-13  2.03E-13
  8.93E-14  4.42E-14  1.98E-14  9.25E-15  4.20E-15  1.98E-15  8.98E-16  4.09E-16
  1.94E-16  8.82E-17  3.96E-17  1.85E-17  7.91E-18  3.82E-18  1.59E-18  7.39E-19
  3.30E-19  1.45E-19  6.59E-20  2.71E-20  1.30E-20  5.51E-21  2.42E-21  1.13E-21
  5.54E-22  3.00E-22  1.71E-22  1.15E-22  8.74E-23  7.00E-23  5.92E-23  5.08E-23
   76.014553856934384     
  8.35E-38  2.81E-03  6.97E-04  1.77E-04  1.05E-04  4.77E-05  1.85E-05  9.95E-06
  4.91E-06  2.75E-06  1.13E-06  5.35E-07  2.84E-07  1.32E-07  6.11E-08  2.63E-08
  1.37E-08  5.92E-09  2.83E-09  1.27E-09  6.18E-10  2.96E-10  1.33E-10  6.44E-11
  2.92E-11  1.40E-11  6.26E-12  2.94E-12  1.36E-12  6.10E-13  2.81E-13  1.31E-13
  5.89E-14  2.89E-14  1.28E-14  5.93E-15  2.72E-15  1.22E-15  5.59E-16  2.43E-16
  1.12E-16  4.97E-17  2.15E-17  9.71E-18  4.19E-18  2.00E-18  8.22E-19  3.81E-19
  1.71E-19  7.48E-20  3.28E-20  1.35E-20  6.20E-21  2.63E-21  1.17E-21  5.49E-22
  2.86E-22  1.66E-22  1.06E-22  7.70E-23  6.26E-23  5.20E-23  4.57E-23  3.96E-23
   78.020736381372458     
  1.66E-38  2.61E-03  6.52E-04  1.59E-04  9.68E-05  4.33E-05  1.65E-05  8.83E-06
  4.47E-06  2.38E-06  9.68E-07  4.68E-07  2.41E-07  1.15E-07  5.13E-08  2.21E-08
  1.12E-08  4.88E-09  2.14E-09  9.32E-10  4.66E-10  2.26E-10  1.00E-10  4.85E-11
  2.26E-11  1.11E-11  5.08E-12  2.28E-12  1.03E-12  4.67E-13  2.13E-13  9.62E-14
  4.16E-14  1.94E-14  8.95E-15  4.09E-15  1.94E-15  9.01E-16  4.40E-16  2.03E-16
  9.51E-17  4.52E-17  1.99E-17  8.62E-18  3.71E-18  1.69E-18  6.87E-19  3.10E-19
  1.42E-19  6.84E-20  3.16E-20  1.45E-20  7.29E-21  3.49E-21  1.61E-21  7.48E-22
  3.73E-22  1.91E-22  1.02E-22  6.16E-23  4.47E-23  3.39E-23  2.81E-23  2.36E-23
   80.014671732095223     
  3.90E-38  2.43E-03  6.15E-04  1.44E-04  8.94E-05  3.94E-05  1.50E-05  7.91E-06
  4.04E-06  2.14E-06  8.46E-07  4.07E-07  2.07E-07  1.02E-07  4.51E-08  1.98E-08
  1.01E-08  4.34E-09  1.89E-09  8.19E-10  3.79E-10  1.79E-10  8.09E-11  4.04E-11
  1.90E-11  9.48E-12  4.45E-12  2.10E-12  1.06E-12  4.96E-13  2.34E-13  1.07E-13
  4.83E-14  2.26E-14  9.97E-15  4.33E-15  2.02E-15  9.10E-16  4.55E-16  2.18E-16
  1.11E-16  5.88E-17  2.82E-17  1.45E-17  7.19E-18  3.46E-18  1.53E-18  7.00E-19
  3.16E-19  1.40E-19  5.91E-20  2.54E-20  1.20E-20  5.67E-21  2.80E-21  1.43E-21
  7.58E-22  4.01E-22  2.08E-22  1.12E-22  6.63E-23  4.04E-23  2.77E-23  2.06E-23
   82.019724039995324     
  4.25E-38  2.27E-03  5.79E-04  1.32E-04  8.30E-05  3.57E-05  1.40E-05  7.30E-06
  3.70E-06  1.98E-06  7.78E-07  3.62E-07  1.84E-07  8.99E-08  4.17E-08  1.91E-08
  9.70E-09  4.11E-09  1.84E-09  8.37E-10  3.91E-10  1.76E-10  7.60E-11  3.73E-11
  1.77E-11  9.01E-12  4.51E-12  2.10E-12  1.08E-12  5.25E-13  2.70E-13  1.36E-13
  6.61E-14  3.30E-14  1.50E-14  6.81E-15  3.21E-15  1.43E-15  6.72E-16  3.03E-16
  1.49E-16  7.68E-17  3.69E-17  1.93E-17  1.02E-17  5.25E-18  2.58E-18  1.35E-18
  6.73E-19  3.26E-19  1.48E-19  6.92E-20  3.06E-20  1.37E-20  5.99E-21  2.71E-21
  1.26E-21  6.38E-22  3.17E-22  1.69E-22  9.98E-23  5.85E-23  3.73E-23  2.57E-23
   84.015481132240240     
  1.28E-37  2.12E-03  5.39E-04  1.23E-04  7.68E-05  3.19E-05  1.30E-05  6.79E-06
  3.43E-06  1.83E-06  7.14E-07  3.25E-07  1.64E-07  7.69E-08  3.62E-08  1.71E-08
  9.01E-09  3.81E-09  1.70E-09  7.55E-10  3.71E-10  1.72E-10  7.38E-11  3.47E-11
  1.56E-11  7.72E-12  3.80E-12  1.77E-12  9.47E-13  4.52E-13  2.25E-13  1.13E-13
  5.66E-14  3.01E-14  1.44E-14  6.91E-15  3.38E-15  1.50E-15  6.78E-16  3.08E-16
  1.46E-16  6.95E-17  3.25E-17  1.66E-17  8.20E-18  4.22E-18  2.07E-18  1.08E-18
  5.53E-19  2.71E-19  1.31E-19  6.45E-20  3.00E-20  1.38E-20  6.26E-21  2.88E-21
  1.32E-21  6.15E-22  2.86E-22  1.45E-22  7.84E-23  4.52E-23  2.93E-23  2.10E-23
   86.014750048610779     
  8.96E-39  1.99E-03  5.00E-04  1.14E-04  7.00E-05  2.86E-05  1.19E-05  6.25E-06
  3.14E-06  1.67E-06  6.33E-07  2.84E-07  1.40E-07  6.32E-08  2.97E-08  1.34E-08
  7.26E-09  3.13E-09  1.40E-09  5.94E-10  2.85E-10  1.33E-10  5.76E-11  2.73E-11
  1.23E-11  5.68E-12  2.61E-12  1.17E-12  6.01E-13  2.80E-13  1.37E-13  6.79E-14
  3.22E-14  1.64E-14  7.80E-15  3.80E-15  1.93E-15  8.82E-16  4.20E-16  1.83E-16
  8.40E-17  3.83E-17  1.62E-17  8.05E-18  3.75E-18  1.84E-18  8.62E-19  4.30E-19
  2.19E-19  1.05E-19  5.18E-20  2.49E-20  1.18E-20  5.49E-21  2.52E-21  1.18E-21
  5.29E-22  2.53E-22  1.20E-22  6.30E-23  3.66E-23  2.31E-23  1.69E-23  1.31E-23
   88.016479110776132     
  3.91E-38  1.87E-03  4.66E-04  1.07E-04  6.33E-05  2.61E-05  1.09E-05  5.76E-06
  2.87E-06  1.51E-06  5.66E-07  2.52E-07  1.22E-07  5.30E-08  2.45E-08  1.04E-08
  5.64E-09  2.42E-09  1.10E-09  4.72E-10  2.16E-10  9.77E-11  4.11E-11  1.98E-11
  8.90E-12  4.09E-12  1.86E-12  7.82E-13  3.73E-13  1.65E-13  7.78E-14  3.74E-14
  1.73E-14  8.57E-15  3.82E-15  1.78E-15  8.68E-16  3.99E-16  1.94E-16  8.68E-17
  4.13E-17  1.86E-17  7.69E-18  3.54E-18  1.58E-18  7.27E-19  3.21E-19  1.56E-19
  7.44E-20  3.38E-20  1.60E-20  7.43E-21  3.52E-21  1.62E-21  7.66E-22  3.65E-22
  1.68E-22  8.80E-23  4.49E-23  2.66E-23  1.83E-23  1.35E-23  1.12E-23  9.28E-24
   90.019025640046564     
  9.26E-39  1.76E-03  4.39E-04  1.00E-04  5.73E-05  2.43E-05  1.00E-05  5.33E-06
  2.66E-06  1.38E-06  5.18E-07  2.31E-07  1.10E-07  4.71E-08  2.13E-08  8.73E-09
  4.62E-09  1.92E-09  8.74E-10  3.90E-10  1.78E-10  8.01E-11  3.21E-11  1.50E-11
  6.63E-12  3.08E-12  1.44E-12  5.96E-13  2.84E-13  1.18E-13  5.29E-14  2.40E-14
  1.05E-14  5.24E-15  2.28E-15  1.04E-15  4.89E-16  2.10E-16  9.92E-17  4.26E-17
  2.06E-17  9.23E-18  4.05E-18  1.86E-18  7.90E-19  3.65E-19  1.47E-19  6.85E-20
  3.11E-20  1.35E-20  6.51E-21  2.75E-21  1.30E-21  5.68E-22  2.63E-22  1.29E-22
  6.37E-23  3.84E-23  2.33E-23  1.68E-23  1.34E-23  1.08E-23  9.43E-24  8.00E-24
   92.021931397961879     
  8.67E-40  1.66E-03  4.13E-04  9.30E-05  5.18E-05  2.25E-05  9.40E-06  4.96E-06
  2.48E-06  1.28E-06  4.78E-07  2.11E-07  1.02E-07  4.32E-08  1.93E-08  7.94E-09
  4.06E-09  1.66E-09  7.20E-10  3.18E-10  1.49E-10  6.87E-11  2.79E-11  1.30E-11
  5.63E-12  2.55E-12  1.15E-12  4.77E-13  2.35E-13  9.80E-14  4.41E-14  1.97E-14
  8.22E-15  3.91E-15  1.63E-15  7.36E-16  3.46E-16  1.48E-16  7.26E-17  2.92E-17
  1.40E-17  5.95E-18  2.52E-18  1.18E-18  4.73E-19  2.38E-19  9.05E-20  4.13E-20
  1.87E-20  7.38E-21  3.67E-21  1.38E-21  6.88E-22  3.00E-22  1.42E-22  7.70E-23
  4.01E-23  2.85E-23  1.92E-23  1.48E-23  1.28E-23  1.07E-23  9.35E-24  7.99E-24
   94.014462801550081     
  1.22E-39  1.56E-03  3.91E-04  8.61E-05  4.65E-05  2.07E-05  8.78E-06  4.61E-06
  2.32E-06  1.20E-06  4.46E-07  1.91E-07  9.36E-08  3.96E-08  1.78E-08  7.58E-09
  3.83E-09  1.63E-09  6.71E-10  2.84E-10  1.32E-10  5.97E-11  2.53E-11  1.20E-11
  5.37E-12  2.50E-12  1.14E-12  4.64E-13  2.26E-13  9.22E-14  4.06E-14  1.83E-14
  7.69E-15  3.64E-15  1.53E-15  6.78E-16  3.19E-16  1.37E-16  6.56E-17  2.75E-17
  1.33E-17  5.68E-18  2.40E-18  1.13E-18  4.34E-19  2.12E-19  8.01E-20  3.55E-20
  1.64E-20  6.54E-21  3.23E-21  1.25E-21  6.11E-22  2.73E-22  1.25E-22  7.02E-23
  3.72E-23  2.59E-23  1.83E-23  1.41E-23  1.20E-23  1.03E-23  8.81E-24  7.74E-24
   96.021128518135583     
  3.89E-38  1.48E-03  3.72E-04  8.01E-05  4.17E-05  1.88E-05  8.14E-06  4.26E-06
  2.16E-06  1.13E-06  4.17E-07  1.73E-07  8.52E-08  3.60E-08  1.62E-08  7.08E-09
  3.58E-09  1.59E-09  6.56E-10  2.74E-10  1.26E-10  5.59E-11  2.36E-11  1.12E-11
  5.07E-12  2.43E-12  1.13E-12  4.83E-13  2.39E-13  9.88E-14  4.38E-14  1.95E-14
  8.18E-15  3.79E-15  1.59E-15  7.01E-16  3.35E-16  1.48E-16  6.92E-17  3.11E-17
  1.49E-17  6.50E-18  2.77E-18  1.32E-18  5.23E-19  2.47E-19  9.57E-20  4.28E-20
  1.91E-20  7.82E-21  3.55E-21  1.51E-21  6.96E-22  3.03E-22  1.37E-22  7.08E-23
  3.39E-23  2.07E-23  1.25E-23  9.09E-24  7.41E-24  6.10E-24  5.27E-24  4.61E-24
   98.018460000208265     
  5.04E-39  1.39E-03  3.55E-04  7.49E-05  3.76E-05  1.72E-05  7.53E-06  3.89E-06
  1.97E-06  1.05E-06  3.81E-07  1.54E-07  7.55E-08  3.20E-08  1.43E-08  6.34E-09
  3.16E-09  1.42E-09  6.01E-10  2.52E-10  1.17E-10  5.20E-11  2.14E-11  1.02E-11
  4.56E-12  2.18E-12  1.02E-12  4.46E-13  2.24E-13  9.54E-14  4.38E-14  1.98E-14
  8.48E-15  3.99E-15  1.66E-15  7.22E-16  3.42E-16  1.52E-16  6.88E-17  3.25E-17
  1.54E-17  6.99E-18  3.04E-18  1.45E-18  6.11E-19  2.80E-19  1.13E-19  5.15E-20
  2.26E-20  9.44E-21  4.15E-21  1.85E-21  8.12E-22  3.59E-22  1.59E-22  7.91E-23
  3.64E-23  1.98E-23  1.09E-23  7.06E-24  5.24E-24  4.13E-24  3.45E-24  2.98E-24
   100.01578541434814     
  1.52E-38  1.32E-03  3.38E-04  7.02E-05  3.40E-05  1.57E-05  6.95E-06  3.53E-06
  1.78E-06  9.51E-07  3.40E-07  1.34E-07  6.54E-08  2.81E-08  1.22E-08  5.52E-09
  2.67E-09  1.20E-09  5.16E-10  2.16E-10  1.03E-10  4.60E-11  1.87E-11  8.97E-12
  3.96E-12  1.87E-12  8.63E-13  3.78E-13  1.93E-13  8.32E-14  3.93E-14  1.80E-14
  7.94E-15  3.80E-15  1.61E-15  6.98E-16  3.28E-16  1.44E-16  6.39E-17  3.02E-17
  1.41E-17  6.53E-18  2.86E-18  1.36E-18  6.14E-19  2.74E-19  1.17E-19  5.37E-20
  2.34E-20  9.97E-21  4.34E-21  1.95E-21  8.43E-22  3.74E-22  1.66E-22  8.04E-23
  3.71E-23  1.94E-23  1.04E-23  6.66E-24  4.68E-24  3.64E-24  3.11E-24  2.67E-24
   102.01320806538222     
  2.56E-39  1.25E-03  3.24E-04  6.63E-05  3.12E-05  1.45E-05  6.40E-06  3.21E-06
  1.62E-06  8.59E-07  3.04E-07  1.19E-07  5.69E-08  2.50E-08  1.05E-08  4.78E-09
  2.28E-09  9.99E-10  4.42E-10  1.81E-10  8.90E-11  3.94E-11  1.62E-11  7.75E-12
  3.40E-12  1.59E-12  7.29E-13  3.15E-13  1.60E-13  6.94E-14  3.27E-14  1.53E-14
  6.78E-15  3.28E-15  1.43E-15  6.19E-16  2.93E-16  1.27E-16  5.58E-17  2.57E-17
  1.18E-17  5.41E-18  2.34E-18  1.10E-18  5.14E-19  2.27E-19  1.00E-19  4.63E-20
  2.03E-20  8.79E-21  3.80E-21  1.70E-21  7.20E-22  3.17E-22  1.39E-22  6.63E-23
  3.04E-23  1.62E-23  8.78E-24  5.70E-24  4.06E-24  3.21E-24  2.69E-24  2.26E-24
   104.02312918987752     
  1.87E-39  1.18E-03  3.11E-04  6.26E-05  2.89E-05  1.34E-05  5.89E-06  2.95E-06
  1.49E-06  7.80E-07  2.75E-07  1.07E-07  5.05E-08  2.24E-08  9.24E-09  4.12E-09
  2.00E-09  8.46E-10  3.81E-10  1.54E-10  7.56E-11  3.36E-11  1.38E-11  6.59E-12
  2.86E-12  1.33E-12  5.98E-13  2.58E-13  1.26E-13  5.54E-14  2.54E-14  1.20E-14
  5.29E-15  2.55E-15  1.14E-15  4.86E-16  2.34E-16  1.01E-16  4.43E-17  1.98E-17
  8.95E-18  4.03E-18  1.70E-18  7.80E-19  3.62E-19  1.57E-19  7.01E-20  3.22E-20
  1.41E-20  6.21E-21  2.67E-21  1.19E-21  5.01E-22  2.21E-22  9.60E-23  4.53E-23
  2.12E-23  1.14E-23  6.57E-24  4.39E-24  3.21E-24  2.57E-24  2.20E-24  1.85E-24
   106.02180513614167     
  1.14E-38  1.12E-03  2.98E-04  5.90E-05  2.71E-05  1.24E-05  5.45E-06  2.72E-06
  1.37E-06  7.07E-07  2.50E-07  9.72E-08  4.50E-08  1.96E-08  8.06E-09  3.49E-09
  1.71E-09  7.10E-10  3.16E-10  1.29E-10  6.11E-11  2.73E-11  1.11E-11  5.25E-12
  2.26E-12  1.04E-12  4.56E-13  1.96E-13  9.28E-14  4.01E-14  1.79E-14  8.32E-15
  3.62E-15  1.73E-15  7.72E-16  3.24E-16  1.57E-16  6.70E-17  2.95E-17  1.30E-17
  5.76E-18  2.56E-18  1.05E-18  4.68E-19  2.12E-19  8.96E-20  3.96E-20  1.76E-20
  7.69E-21  3.36E-21  1.44E-21  6.34E-22  2.66E-22  1.17E-22  5.05E-23  2.40E-23
  1.15E-23  6.46E-24  3.88E-24  2.78E-24  2.20E-24  1.72E-24  1.52E-24  1.33E-24
   108.02067161876029     
  4.15E-38  1.06E-03  2.84E-04  5.56E-05  2.55E-05  1.15E-05  5.02E-06  2.50E-06
  1.25E-06  6.31E-07  2.24E-07  8.61E-08  3.90E-08  1.65E-08  6.75E-09  2.82E-09
  1.39E-09  5.67E-10  2.43E-10  1.00E-10  4.54E-11  2.02E-11  8.10E-12  3.72E-12
  1.59E-12  7.20E-13  3.06E-13  1.30E-13  6.00E-14  2.51E-14  1.10E-14  5.02E-15
  2.10E-15  9.92E-16  4.34E-16  1.79E-16  8.53E-17  3.57E-17  1.57E-17  6.72E-18
  2.93E-18  1.28E-18  5.12E-19  2.24E-19  9.78E-20  4.06E-20  1.76E-20  7.47E-21
  3.23E-21  1.37E-21  5.85E-22  2.49E-22  1.04E-22  4.57E-23  2.00E-23  9.58E-24
  4.87E-24  3.08E-24  2.07E-24  1.56E-24  1.32E-24  1.10E-24  9.90E-25  8.36E-25
   110.02059609420029     
  5.57E-39  1.01E-03  2.70E-04  5.27E-05  2.42E-05  1.07E-05  4.63E-06  2.28E-06
  1.14E-06  5.59E-07  1.98E-07  7.58E-08  3.34E-08  1.36E-08  5.56E-09  2.25E-09
  1.10E-09  4.46E-10  1.81E-10  7.58E-11  3.30E-11  1.43E-11  5.75E-12  2.54E-12
  1.07E-12  4.78E-13  1.98E-13  8.23E-14  3.75E-14  1.52E-14  6.59E-15  2.96E-15
  1.19E-15  5.55E-16  2.36E-16  9.63E-17  4.45E-17  1.83E-17  8.04E-18  3.32E-18
  1.43E-18  6.16E-19  2.40E-19  1.04E-19  4.38E-20  1.80E-20  7.61E-21  3.12E-21
  1.34E-21  5.50E-22  2.32E-22  9.65E-23  4.04E-23  1.79E-23  8.26E-24  4.31E-24
  2.52E-24  1.80E-24  1.36E-24  1.12E-24  9.59E-25  8.28E-25  7.43E-25  6.36E-25
   112.02246564548703     
  5.88E-39  9.60E-04  2.58E-04  5.01E-05  2.31E-05  1.00E-05  4.29E-06  2.09E-06
  1.04E-06  4.96E-07  1.77E-07  6.72E-08  2.88E-08  1.14E-08  4.64E-09  1.84E-09
  8.78E-10  3.61E-10  1.40E-10  5.89E-11  2.54E-11  1.05E-11  4.28E-12  1.84E-12
  7.61E-13  3.40E-13  1.37E-13  5.67E-14  2.57E-14  1.02E-14  4.40E-15  1.97E-15
  7.74E-16  3.56E-16  1.48E-16  6.03E-17  2.74E-17  1.10E-17  4.88E-18  1.95E-18
  8.36E-19  3.58E-19  1.37E-19  5.91E-20  2.43E-20  9.89E-21  4.13E-21  1.65E-21
  7.15E-22  2.85E-22  1.19E-22  4.93E-23  2.08E-23  9.50E-24  4.68E-24  2.65E-24
  1.74E-24  1.37E-24  1.06E-24  8.95E-25  7.99E-25  6.96E-25  6.11E-25  5.33E-25
   114.01351508099116     
  5.28E-39  9.14E-04  2.46E-04  4.75E-05  2.21E-05  9.35E-06  3.98E-06  1.91E-06
  9.54E-07  4.43E-07  1.59E-07  6.04E-08  2.52E-08  9.82E-09  3.95E-09  1.56E-09
  7.24E-10  3.00E-10  1.14E-10  4.75E-11  2.06E-11  8.21E-12  3.35E-12  1.44E-12
  5.80E-13  2.60E-13  1.04E-13  4.25E-14  1.91E-14  7.60E-15  3.26E-15  1.45E-15
  5.68E-16  2.57E-16  1.06E-16  4.32E-17  1.92E-17  7.57E-18  3.40E-18  1.33E-18
  5.73E-19  2.43E-19  9.23E-20  3.98E-20  1.61E-20  6.58E-21  2.70E-21  1.06E-21
  4.66E-22  1.82E-22  7.58E-23  3.17E-23  1.36E-23  6.51E-24  3.43E-24  2.10E-24
  1.48E-24  1.18E-24  9.56E-25  8.21E-25  7.14E-25  6.29E-25  5.75E-25  5.00E-25
   116.01595922425747     
  1.18E-39  8.71E-04  2.33E-04  4.50E-05  2.11E-05  8.73E-06  3.71E-06  1.75E-06
  8.76E-07  3.99E-07  1.43E-07  5.47E-08  2.22E-08  8.59E-09  3.40E-09  1.33E-09
  6.07E-10  2.49E-10  9.45E-11  3.85E-11  1.65E-11  6.53E-12  2.59E-12  1.12E-12
  4.41E-13  1.93E-13  7.73E-14  3.10E-14  1.36E-14  5.48E-15  2.30E-15  1.01E-15
  3.97E-16  1.75E-16  7.15E-17  2.91E-17  1.27E-17  4.94E-18  2.19E-18  8.42E-19
  3.64E-19  1.51E-19  5.79E-20  2.46E-20  9.80E-21  4.08E-21  1.61E-21  6.44E-22
  2.81E-22  1.07E-22  4.57E-23  1.88E-23  8.52E-24  4.26E-24  2.37E-24  1.59E-24
  1.18E-24  9.73E-25  8.01E-25  6.91E-25  6.13E-25  5.29E-25  4.79E-25  4.12E-25
   118.01913850375709     
  3.01E-39  8.31E-04  2.21E-04  4.27E-05  2.03E-05  8.19E-06  3.46E-06  1.61E-06
  7.98E-07  3.60E-07  1.28E-07  4.92E-08  1.94E-08  7.44E-09  2.91E-09  1.11E-09
  5.04E-10  2.02E-10  7.63E-11  3.05E-11  1.27E-11  5.02E-12  1.92E-12  8.20E-13
  3.22E-13  1.35E-13  5.41E-14  2.14E-14  9.00E-15  3.65E-15  1.50E-15  6.45E-16
  2.53E-16  1.09E-16  4.45E-17  1.78E-17  7.58E-18  2.95E-18  1.27E-18  4.88E-19
  2.07E-19  8.45E-20  3.29E-20  1.34E-20  5.36E-21  2.25E-21  8.47E-22  3.48E-22
  1.47E-22  5.66E-23  2.40E-23  9.82E-24  4.70E-24  2.45E-24  1.46E-24  1.06E-24
  8.03E-25  6.96E-25  5.81E-25  4.98E-25  4.42E-25  3.91E-25  3.48E-25  3.04E-25
   120.01235475510678     
  1.49E-39  7.92E-04  2.09E-04  4.06E-05  1.95E-05  7.73E-06  3.23E-06  1.47E-06
  7.25E-07  3.25E-07  1.13E-07  4.37E-08  1.68E-08  6.34E-09  2.47E-09  9.19E-10
  4.14E-10  1.62E-10  6.03E-11  2.38E-11  9.56E-12  3.79E-12  1.42E-12  5.93E-13
  2.34E-13  9.59E-14  3.80E-14  1.50E-14  6.12E-15  2.47E-15  1.00E-15  4.21E-16
  1.65E-16  6.96E-17  2.88E-17  1.13E-17  4.75E-18  1.85E-18  7.82E-19  3.00E-19
  1.24E-19  5.05E-20  1.98E-20  7.84E-21  3.13E-21  1.32E-21  4.87E-22  2.01E-22
  8.34E-23  3.26E-23  1.37E-23  5.75E-24  2.86E-24  1.58E-24  1.02E-24  7.44E-25
  6.02E-25  5.22E-25  4.39E-25  3.82E-25  3.41E-25  3.00E-25  2.68E-25  2.37E-25
   122.01844022908587     
  6.83E-39  7.57E-04  1.97E-04  3.87E-05  1.86E-05  7.28E-06  3.02E-06  1.33E-06
  6.56E-07  2.92E-07  9.85E-08  3.84E-08  1.45E-08  5.31E-09  2.09E-09  7.53E-10
  3.38E-10  1.31E-10  4.75E-11  1.86E-11  7.35E-12  2.87E-12  1.06E-12  4.39E-13
  1.74E-13  7.03E-14  2.76E-14  1.09E-14  4.41E-15  1.75E-15  7.04E-16  2.92E-16
  1.13E-16  4.73E-17  1.98E-17  7.72E-18  3.19E-18  1.25E-18  5.23E-19  2.00E-19
  8.09E-20  3.29E-20  1.29E-20  5.01E-21  2.00E-21  8.40E-22  3.08E-22  1.26E-22
  5.17E-23  2.08E-23  8.69E-24  3.71E-24  1.94E-24  1.13E-24  7.74E-25  6.00E-25
  4.88E-25  4.32E-25  3.67E-25  3.18E-25  2.89E-25  2.53E-25  2.28E-25  2.01E-25
   124.01325541857372     
  2.62E-38  7.24E-04  1.87E-04  3.69E-05  1.78E-05  6.83E-06  2.83E-06  1.21E-06
  5.93E-07  2.65E-07  8.58E-08  3.38E-08  1.26E-08  4.48E-09  1.79E-09  6.32E-10
  2.79E-10  1.09E-10  3.86E-11  1.49E-11  5.93E-12  2.28E-12  8.29E-13  3.47E-13
  1.36E-13  5.46E-14  2.16E-14  8.41E-15  3.42E-15  1.34E-15  5.29E-16  2.20E-16
  8.40E-17  3.47E-17  1.46E-17  5.67E-18  2.32E-18  9.09E-19  3.81E-19  1.45E-19
  5.75E-20  2.35E-20  9.11E-21  3.49E-21  1.38E-21  5.78E-22  2.12E-22  8.63E-23
  3.52E-23  1.45E-23  6.10E-24  2.68E-24  1.50E-24  9.10E-25  6.51E-25  5.14E-25
  4.28E-25  3.72E-25  3.20E-25  2.74E-25  2.49E-25  2.19E-25  1.96E-25  1.74E-25
   126.02013877610948     
  2.18E-38  6.92E-04  1.77E-04  3.53E-05  1.71E-05  6.43E-06  2.66E-06  1.10E-06
  5.38E-07  2.43E-07  7.60E-08  3.01E-08  1.12E-08  3.89E-09  1.57E-09  5.51E-10
  2.37E-10  9.28E-11  3.29E-11  1.23E-11  4.97E-12  1.91E-12  6.69E-13  2.87E-13
  1.11E-13  4.41E-14  1.78E-14  6.82E-15  2.77E-15  1.08E-15  4.21E-16  1.74E-16
  6.60E-17  2.69E-17  1.13E-17  4.41E-18  1.77E-18  6.94E-19  2.95E-19  1.10E-19
  4.33E-20  1.78E-20  6.83E-21  2.58E-21  1.01E-21  4.22E-22  1.55E-22  6.23E-23
  2.54E-23  1.08E-23  4.52E-24  2.13E-24  1.25E-24  8.15E-25  6.04E-25  4.98E-25
  4.18E-25  3.68E-25  3.12E-25  2.73E-25  2.42E-25  2.12E-25  1.91E-25  1.68E-25
   128.01518219856007     
  9.11E-39  6.62E-04  1.67E-04  3.37E-05  1.64E-05  6.10E-06  2.51E-06  1.01E-06
  4.89E-07  2.24E-07  6.80E-08  2.68E-08  1.01E-08  3.41E-09  1.37E-09  4.83E-10
  2.01E-10  7.79E-11  2.81E-11  1.01E-11  4.08E-12  1.59E-12  5.33E-13  2.30E-13
  8.94E-14  3.46E-14  1.40E-14  5.41E-15  2.16E-15  8.31E-16  3.26E-16  1.32E-16
  4.99E-17  2.01E-17  8.34E-18  3.27E-18  1.30E-18  5.02E-19  2.17E-19  7.99E-20
  3.08E-20  1.28E-20  4.87E-21  1.81E-21  7.02E-22  2.92E-22  1.07E-22  4.22E-23
  1.71E-23  7.33E-24  3.10E-24  1.44E-24  8.62E-25  5.81E-25  4.31E-25  3.55E-25
  3.03E-25  2.68E-25  2.29E-25  2.01E-25  1.80E-25  1.58E-25  1.41E-25  1.27E-25
   130.02237862877911     
  1.63E-38  6.34E-04  1.58E-04  3.22E-05  1.58E-05  5.79E-06  2.35E-06  9.27E-07
  4.42E-07  2.04E-07  5.99E-08  2.34E-08  8.84E-09  2.92E-09  1.16E-09  4.10E-10
  1.66E-10  6.26E-11  2.29E-11  7.94E-12  3.16E-12  1.25E-12  4.03E-13  1.73E-13
  6.74E-14  2.56E-14  1.01E-14  3.98E-15  1.55E-15  5.84E-16  2.33E-16  9.19E-17
  3.42E-17  1.37E-17  5.61E-18  2.18E-18  8.55E-19  3.24E-19  1.41E-19  5.12E-20
  1.93E-20  7.98E-21  3.03E-21  1.10E-21  4.22E-22  1.75E-22  6.35E-23  2.48E-23
  9.95E-24  4.39E-24  1.88E-24  9.22E-25  5.73E-25  4.01E-25  3.10E-25  2.53E-25
  2.24E-25  1.94E-25  1.68E-25  1.48E-25  1.33E-25  1.16E-25  1.05E-25  9.29E-26
   132.01886960199536     
  4.23E-40  6.08E-04  1.49E-04  3.09E-05  1.51E-05  5.49E-06  2.20E-06  8.45E-07
  3.98E-07  1.85E-07  5.26E-08  2.02E-08  7.71E-09  2.49E-09  9.57E-10  3.46E-10
  1.36E-10  4.93E-11  1.85E-11  6.24E-12  2.40E-12  9.73E-13  3.05E-13  1.27E-13
  5.00E-14  1.88E-14  7.14E-15  2.86E-15  1.10E-15  3.97E-16  1.61E-16  6.23E-17
  2.26E-17  9.04E-18  3.65E-18  1.39E-18  5.42E-19  2.02E-19  8.71E-20  3.12E-20
  1.16E-20  4.71E-21  1.78E-21  6.33E-22  2.39E-22  9.85E-23  3.54E-23  1.37E-23
  5.49E-24  2.52E-24  1.15E-24  6.21E-25  4.37E-25  3.28E-25  2.69E-25  2.29E-25
  1.99E-25  1.76E-25  1.53E-25  1.34E-25  1.20E-25  1.06E-25  9.62E-26  8.39E-26
   134.01630050906024     
  1.99E-38  5.82E-04  1.41E-04  2.98E-05  1.45E-05  5.19E-06  2.07E-06  7.69E-07
  3.59E-07  1.70E-07  4.68E-08  1.74E-08  6.78E-09  2.17E-09  7.96E-10  2.98E-10
  1.17E-10  3.96E-11  1.53E-11  5.20E-12  1.88E-12  7.81E-13  2.49E-13  9.81E-14
  3.89E-14  1.49E-14  5.40E-15  2.17E-15  8.48E-16  2.93E-16  1.19E-16  4.63E-17
  1.64E-17  6.45E-18  2.62E-18  9.71E-19  3.74E-19  1.39E-19  5.89E-20  2.09E-20
  7.68E-21  3.07E-21  1.15E-21  4.06E-22  1.51E-22  6.18E-23  2.22E-23  8.61E-24
  3.52E-24  1.69E-24  8.32E-25  4.78E-25  3.56E-25  2.81E-25  2.34E-25  2.03E-25
  1.79E-25  1.59E-25  1.37E-25  1.21E-25  1.07E-25  9.48E-26  8.50E-26  7.58E-26
   136.01387709327088     
  3.87E-39  5.58E-04  1.34E-04  2.88E-05  1.40E-05  4.92E-06  1.95E-06  7.06E-07
  3.25E-07  1.56E-07  4.25E-08  1.53E-08  6.02E-09  1.95E-09  6.77E-10  2.61E-10
  1.04E-10  3.33E-11  1.29E-11  4.57E-12  1.58E-12  6.44E-13  2.16E-13  8.25E-14
  3.15E-14  1.26E-14  4.48E-15  1.72E-15  6.97E-16  2.38E-16  9.36E-17  3.70E-17
  1.31E-17  4.98E-18  2.03E-18  7.47E-19  2.81E-19  1.04E-19  4.35E-20  1.53E-20
  5.55E-21  2.20E-21  8.20E-22  2.85E-22  1.05E-22  4.24E-23  1.52E-23  5.82E-24
  2.44E-24  1.20E-24  6.41E-25  4.04E-25  3.17E-25  2.59E-25  2.14E-25  1.87E-25
  1.62E-25  1.46E-25  1.26E-25  1.11E-25  9.95E-26  8.76E-26  7.83E-26  6.95E-26
   138.02297955048169     
  1.64E-38  5.35E-04  1.27E-04  2.76E-05  1.34E-05  4.68E-06  1.83E-06  6.53E-07
  2.96E-07  1.43E-07  3.87E-08  1.34E-08  5.31E-09  1.76E-09  5.82E-10  2.26E-10
  9.29E-11  2.84E-11  1.07E-11  3.93E-12  1.34E-12  5.21E-13  1.82E-13  6.95E-14
  2.50E-14  1.02E-14  3.65E-15  1.34E-15  5.43E-16  1.88E-16  7.15E-17  2.79E-17
  1.01E-17  3.70E-18  1.49E-18  5.47E-19  2.03E-19  7.34E-20  3.05E-20  1.06E-20
  3.77E-21  1.49E-21  5.49E-22  1.88E-22  6.88E-23  2.74E-23  9.74E-24  3.73E-24
  1.60E-24  8.10E-25  4.60E-25  3.06E-25  2.44E-25  2.02E-25  1.69E-25  1.48E-25
  1.27E-25  1.15E-25  9.90E-26  8.74E-26  7.86E-26  7.02E-26  6.29E-26  5.63E-26
   140.02046330020622     
  2.96E-39  5.13E-04  1.20E-04  2.66E-05  1.29E-05  4.46E-06  1.72E-06  6.04E-07
  2.69E-07  1.30E-07  3.52E-08  1.18E-08  4.64E-09  1.56E-09  4.96E-10  1.91E-10
  8.01E-11  2.38E-11  8.55E-12  3.22E-12  1.10E-12  4.02E-13  1.43E-13  5.55E-14
  1.87E-14  7.66E-15  2.76E-15  9.77E-16  3.86E-16  1.37E-16  5.07E-17  1.93E-17
  7.02E-18  2.53E-18  1.00E-18  3.63E-19  1.34E-19  4.71E-20  1.94E-20  6.69E-21
  2.32E-21  9.07E-22  3.32E-22  1.12E-22  4.02E-23  1.60E-23  5.62E-24  2.15E-24
  9.40E-25  5.01E-25  2.92E-25  2.05E-25  1.67E-25  1.38E-25  1.18E-25  1.02E-25
  9.01E-26  7.96E-26  6.90E-26  6.13E-26  5.55E-26  4.94E-26  4.44E-26  3.97E-26
   142.01863607995554     
  1.67E-38  4.93E-04  1.14E-04  2.57E-05  1.24E-05  4.27E-06  1.62E-06  5.59E-07
  2.45E-07  1.19E-07  3.21E-08  1.04E-08  4.03E-09  1.39E-09  4.22E-10  1.59E-10
  6.83E-11  2.00E-11  6.72E-12  2.57E-12  8.94E-13  3.04E-13  1.09E-13  4.33E-14
  1.38E-14  5.49E-15  2.02E-15  6.98E-16  2.63E-16  9.50E-17  3.49E-17  1.27E-17
  4.64E-18  1.67E-18  6.41E-19  2.28E-19  8.41E-20  2.88E-20  1.17E-20  3.99E-21
  1.35E-21  5.22E-22  1.90E-22  6.30E-23  2.24E-23  8.90E-24  3.17E-24  1.26E-24
  5.99E-25  3.58E-25  2.34E-25  1.75E-25  1.46E-25  1.22E-25  1.04E-25  8.83E-26
  7.80E-26  6.93E-26  5.94E-26  5.25E-26  4.75E-26  4.20E-26  3.79E-26  3.40E-26
   144.01774768715117     
  5.51E-39  4.73E-04  1.08E-04  2.49E-05  1.20E-05  4.07E-06  1.52E-06  5.17E-07
  2.22E-07  1.08E-07  2.95E-08  9.22E-09  3.49E-09  1.23E-09  3.65E-10  1.32E-10
  5.87E-11  1.74E-11  5.40E-12  2.07E-12  7.56E-13  2.40E-13  8.37E-14  3.48E-14
  1.08E-14  4.04E-15  1.53E-15  5.32E-16  1.86E-16  6.81E-17  2.53E-17  8.84E-18
  3.17E-18  1.16E-18  4.34E-19  1.48E-19  5.50E-20  1.86E-20  7.24E-21  2.47E-21
  8.31E-22  3.13E-22  1.11E-22  3.70E-23  1.30E-23  5.11E-24  1.87E-24  7.78E-25
  4.05E-25  2.60E-25  1.85E-25  1.45E-25  1.24E-25  1.05E-25  9.08E-26  7.78E-26
  6.87E-26  6.09E-26  5.26E-26  4.64E-26  4.19E-26  3.71E-26  3.38E-26  3.01E-26
   146.01733105605450     
  4.38E-39  4.54E-04  1.03E-04  2.40E-05  1.16E-05  3.87E-06  1.42E-06  4.78E-07
  2.01E-07  9.81E-08  2.72E-08  8.27E-09  3.02E-09  1.10E-09  3.24E-10  1.12E-10
  5.06E-11  1.57E-11  4.54E-12  1.68E-12  6.62E-13  2.05E-13  6.69E-14  2.89E-14
  9.33E-15  3.19E-15  1.21E-15  4.41E-16  1.46E-16  5.19E-17  1.97E-17  6.86E-18
  2.35E-18  8.67E-19  3.26E-19  1.05E-19  3.91E-20  1.33E-20  4.99E-21  1.67E-21
  5.65E-22  2.09E-22  7.21E-23  2.40E-23  8.41E-24  3.28E-24  1.22E-24  5.43E-25
  3.01E-25  2.07E-25  1.54E-25  1.24E-25  1.08E-25  9.26E-26  8.08E-26  7.03E-26
  6.27E-26  5.58E-26  4.81E-26  4.26E-26  3.85E-26  3.44E-26  3.11E-26  2.81E-26
   148.01674273115512     
  2.20E-39  4.36E-04  9.81E-05  2.32E-05  1.12E-05  3.68E-06  1.34E-06  4.47E-07
  1.84E-07  8.89E-08  2.52E-08  7.55E-09  2.64E-09  9.85E-10  2.94E-10  9.56E-11
  4.34E-11  1.41E-11  3.95E-12  1.37E-12  5.71E-13  1.79E-13  5.43E-14  2.35E-14
  8.07E-15  2.60E-15  9.47E-16  3.60E-16  1.18E-16  3.97E-17  1.51E-17  5.43E-18
  1.77E-18  6.41E-19  2.46E-19  7.70E-20  2.79E-20  9.47E-21  3.52E-21  1.14E-21
  3.86E-22  1.42E-22  4.79E-23  1.58E-23  5.55E-24  2.19E-24  8.35E-25  3.99E-25
  2.47E-25  1.77E-25  1.40E-25  1.13E-25  9.88E-26  8.41E-26  7.32E-26  6.36E-26
  5.64E-26  5.09E-26  4.44E-26  3.95E-26  3.58E-26  3.22E-26  2.91E-26  2.57E-26
   150.01601417190903     
  8.05E-39  4.18E-04  9.37E-05  2.24E-05  1.08E-05  3.54E-06  1.26E-06  4.21E-07
  1.69E-07  8.09E-08  2.34E-08  6.97E-09  2.34E-09  8.79E-10  2.68E-10  8.26E-11
  3.67E-11  1.25E-11  3.43E-12  1.11E-12  4.71E-13  1.52E-13  4.32E-14  1.81E-14
  6.56E-15  2.06E-15  7.06E-16  2.73E-16  9.04E-17  2.90E-17  1.08E-17  4.01E-18
  1.27E-18  4.42E-19  1.70E-19  5.33E-20  1.87E-20  6.23E-21  2.33E-21  7.37E-22
  2.43E-22  8.92E-23  2.98E-23  9.61E-24  3.37E-24  1.33E-24  5.10E-25  2.54E-25
  1.57E-25  1.16E-25  9.15E-26  7.45E-26  6.46E-26  5.62E-26  4.86E-26  4.23E-26
  3.77E-26  3.42E-26  2.98E-26  2.68E-26  2.45E-26  2.21E-26  1.99E-26  1.79E-26
   152.01567587789185     
  8.98E-40  4.02E-04  8.94E-05  2.17E-05  1.04E-05  3.40E-06  1.18E-06  3.96E-07
  1.56E-07  7.34E-08  2.16E-08  6.41E-09  2.08E-09  7.74E-10  2.40E-10  7.08E-11
  3.05E-11  1.07E-11  2.93E-12  8.81E-13  3.74E-13  1.25E-13  3.39E-14  1.35E-14
  5.06E-15  1.59E-15  5.07E-16  1.95E-16  6.65E-17  2.05E-17  7.31E-18  2.78E-18
  8.71E-19  2.90E-19  1.10E-19  3.48E-20  1.19E-20  3.84E-21  1.43E-21  4.49E-22
  1.44E-22  5.23E-23  1.73E-23  5.51E-24  1.91E-24  7.69E-25  3.09E-25  1.64E-25
  1.11E-25  8.56E-26  6.95E-26  5.76E-26  5.08E-26  4.37E-26  3.82E-26  3.32E-26
  2.99E-26  2.70E-26  2.35E-26  2.10E-26  1.93E-26  1.73E-26  1.58E-26  1.41E-26
   154.01612834204306     
  5.97E-40  3.86E-04  8.51E-05  2.10E-05  1.01E-05  3.25E-06  1.11E-06  3.70E-07
  1.43E-07  6.62E-08  1.98E-08  5.89E-09  1.83E-09  6.74E-10  2.14E-10  6.04E-11
  2.50E-11  9.09E-12  2.52E-12  7.07E-13  2.93E-13  1.02E-13  2.70E-14  9.91E-15
  3.87E-15  1.25E-15  3.69E-16  1.37E-16  4.91E-17  1.48E-17  4.94E-18  1.91E-18
  6.06E-19  1.93E-19  7.02E-20  2.27E-20  7.68E-21  2.37E-21  8.77E-22  2.76E-22
  8.63E-23  3.05E-23  1.02E-23  3.23E-24  1.13E-24  4.82E-25  2.19E-25  1.33E-25
  9.92E-26  7.94E-26  6.64E-26  5.55E-26  4.88E-26  4.21E-26  3.66E-26  3.18E-26
  2.83E-26  2.54E-26  2.21E-26  1.99E-26  1.81E-26  1.61E-26  1.47E-26  1.32E-26
   156.01721095917861     
  3.42E-39  3.71E-04  8.14E-05  2.03E-05  9.75E-06  3.09E-06  1.04E-06  3.47E-07
  1.30E-07  5.95E-08  1.82E-08  5.49E-09  1.63E-09  5.88E-10  1.93E-10  5.29E-11
  2.07E-11  7.80E-12  2.26E-12  6.00E-13  2.33E-13  8.75E-14  2.33E-14  7.69E-15
  3.05E-15  1.05E-15  2.96E-16  1.00E-16  3.83E-17  1.19E-17  3.62E-18  1.38E-18
  4.59E-19  1.43E-19  4.82E-20  1.59E-20  5.51E-21  1.61E-21  5.76E-22  1.85E-22
  5.80E-23  1.94E-23  6.47E-24  2.11E-24  7.53E-25  3.33E-25  1.67E-25  1.11E-25
  8.62E-26  7.04E-26  5.90E-26  5.00E-26  4.40E-26  3.78E-26  3.28E-26  2.84E-26
  2.52E-26  2.23E-26  1.92E-26  1.72E-26  1.56E-26  1.39E-26  1.26E-26  1.13E-26
   158.01832714746047     
  1.21E-39  3.57E-04  7.81E-05  1.97E-05  9.45E-06  2.96E-06  9.73E-07  3.28E-07
  1.20E-07  5.38E-08  1.68E-08  5.20E-09  1.49E-09  5.19E-10  1.77E-10  4.80E-11
  1.76E-11  6.72E-12  2.08E-12  5.43E-13  1.90E-13  7.55E-14  2.12E-14  6.40E-15
  2.45E-15  8.94E-16  2.57E-16  7.77E-17  3.03E-17  1.01E-17  2.89E-18  1.04E-18
  3.58E-19  1.16E-19  3.60E-20  1.15E-20  4.18E-21  1.20E-21  4.02E-22  1.31E-22
  4.21E-23  1.35E-23  4.37E-24  1.47E-24  5.46E-25  2.49E-25  1.34E-25  9.48E-26
  7.43E-26  6.32E-26  5.28E-26  4.53E-26  3.99E-26  3.46E-26  3.04E-26  2.63E-26
  2.36E-26  2.09E-26  1.83E-26  1.63E-26  1.48E-26  1.32E-26  1.19E-26  1.06E-26
   160.01920280268484     
  1.43E-39  3.43E-04  7.50E-05  1.90E-05  9.14E-06  2.85E-06  9.15E-07  3.11E-07
  1.11E-07  4.89E-08  1.55E-08  4.88E-09  1.38E-09  4.61E-10  1.60E-10  4.37E-11
  1.52E-11  5.68E-12  1.85E-12  4.90E-13  1.56E-13  6.26E-14  1.85E-14  5.35E-15
  1.91E-15  7.19E-16  2.17E-16  6.02E-17  2.28E-17  7.99E-18  2.28E-18  7.61E-19
  2.62E-19  8.81E-20  2.65E-20  8.00E-21  2.96E-21  8.70E-22  2.74E-22  8.74E-23
  2.89E-23  9.06E-24  2.83E-24  9.56E-25  3.59E-25  1.65E-25  9.28E-26  6.75E-26
  5.43E-26  4.59E-26  3.90E-26  3.31E-26  2.94E-26  2.57E-26  2.23E-26  1.94E-26
  1.72E-26  1.53E-26  1.34E-26  1.18E-26  1.08E-26  9.60E-27  8.71E-27  7.78E-27
   162.02014939337312     
  6.76E-39  3.29E-04  7.18E-05  1.83E-05  8.82E-06  2.73E-06  8.61E-07  2.95E-07
  1.03E-07  4.44E-08  1.42E-08  4.52E-09  1.27E-09  4.07E-10  1.42E-10  3.91E-11
  1.30E-11  4.69E-12  1.59E-12  4.28E-13  1.25E-13  4.95E-14  1.53E-14  4.31E-15
  1.42E-15  5.41E-16  1.71E-16  4.48E-17  1.61E-17  5.82E-18  1.68E-18  5.28E-19
  1.76E-19  6.17E-20  1.83E-20  5.21E-21  1.91E-21  5.80E-22  1.76E-22  5.39E-23
  1.80E-23  5.68E-24  1.71E-24  5.78E-25  2.27E-25  1.11E-25  6.49E-26  4.86E-26
  3.98E-26  3.38E-26  2.90E-26  2.43E-26  2.14E-26  1.86E-26  1.60E-26  1.39E-26
  1.22E-26  1.10E-26  9.48E-27  8.49E-27  7.63E-27  6.79E-27  6.19E-27  5.46E-27
   164.02167073376864     
  1.62E-39  3.17E-04  6.87E-05  1.77E-05  8.52E-06  2.62E-06  8.10E-07  2.79E-07
  9.56E-08  4.01E-08  1.29E-08  4.19E-09  1.17E-09  3.58E-10  1.25E-10  3.49E-11
  1.11E-11  3.83E-12  1.35E-12  3.75E-13  1.01E-13  3.84E-14  1.25E-14  3.50E-15
  1.05E-15  3.98E-16  1.34E-16  3.36E-17  1.11E-17  4.11E-18  1.23E-18  3.63E-19
  1.15E-19  4.19E-20  1.25E-20  3.33E-21  1.19E-21  3.77E-22  1.11E-22  3.23E-23
  1.08E-23  3.51E-24  1.05E-24  3.64E-25  1.58E-25  8.80E-26  5.67E-26  4.49E-26
  3.78E-26  3.26E-26  2.77E-26  2.35E-26  2.09E-26  1.81E-26  1.57E-26  1.37E-26
  1.22E-26  1.09E-26  9.48E-27  8.39E-27  7.62E-27  6.79E-27  6.13E-27  5.44E-27
   166.01210132335609     
  7.35E-40  3.05E-04  6.59E-05  1.72E-05  8.26E-06  2.51E-06  7.62E-07  2.64E-07
  8.84E-08  3.63E-08  1.17E-08  3.93E-09  1.10E-09  3.17E-10  1.10E-10  3.17E-11
  9.67E-12  3.15E-12  1.18E-12  3.43E-13  8.65E-14  3.03E-14  1.04E-14  3.02E-15
  8.12E-16  2.99E-16  1.10E-16  2.77E-17  8.09E-18  2.97E-18  9.60E-19  2.74E-19
  7.83E-20  2.95E-20  9.31E-21  2.34E-21  7.75E-22  2.56E-22  7.73E-23  2.11E-23
  6.79E-24  2.31E-24  7.19E-25  2.55E-25  1.23E-25  7.63E-26  5.29E-26  4.26E-26
  3.61E-26  3.06E-26  2.62E-26  2.19E-26  1.92E-26  1.65E-26  1.41E-26  1.21E-26
  1.07E-26  9.56E-27  8.22E-27  7.27E-27  6.48E-27  5.76E-27  5.23E-27  4.58E-27
   168.01454608628194     
  2.57E-38  2.93E-04  6.34E-05  1.66E-05  8.00E-06  2.41E-06  7.15E-07  2.51E-07
  8.19E-08  3.29E-08  1.07E-08  3.68E-09  1.03E-09  2.82E-10  9.77E-11  2.90E-11
  8.69E-12  2.64E-12  1.02E-12  3.18E-13  7.82E-14  2.47E-14  8.82E-15  2.72E-15
  6.88E-16  2.32E-16  9.26E-17  2.46E-17  6.59E-18  2.23E-18  7.79E-19  2.32E-19
  5.95E-20  2.17E-20  7.35E-21  1.86E-21  5.61E-22  1.84E-22  5.89E-23  1.58E-23
  4.70E-24  1.61E-24  5.27E-25  1.87E-25  9.12E-26  6.02E-26  4.31E-26  3.56E-26
  3.05E-26  2.60E-26  2.22E-26  1.88E-26  1.66E-26  1.44E-26  1.24E-26  1.08E-26
  9.52E-27  8.43E-27  7.33E-27  6.52E-27  5.92E-27  5.28E-27  4.81E-27  4.27E-27
   170.01679342721738     
  2.68E-39  2.81E-04  6.10E-05  1.60E-05  7.73E-06  2.31E-06  6.73E-07  2.38E-07
  7.62E-08  2.99E-08  9.67E-09  3.41E-09  9.68E-10  2.54E-10  8.63E-11  2.64E-11
  7.89E-12  2.24E-12  8.72E-13  2.86E-13  7.11E-14  2.03E-14  7.24E-15  2.38E-15
  5.95E-16  1.81E-16  7.44E-17  2.12E-17  5.54E-18  1.68E-18  6.07E-19  1.92E-19
  4.70E-20  1.58E-20  5.58E-21  1.49E-21  4.22E-22  1.31E-22  4.36E-23  1.20E-23
  3.36E-24  1.11E-24  3.82E-25  1.39E-25  6.73E-26  4.60E-26  3.37E-26  2.81E-26
  2.40E-26  2.11E-26  1.78E-26  1.52E-26  1.36E-26  1.19E-26  1.03E-26  9.04E-27
  8.12E-27  7.29E-27  6.32E-27  5.60E-27  5.17E-27  4.57E-27  4.13E-27  3.66E-27
   172.01892123550448     
  3.59E-39  2.71E-04  5.87E-05  1.55E-05  7.46E-06  2.22E-06  6.35E-07  2.26E-07
  7.13E-08  2.74E-08  8.78E-09  3.15E-09  9.09E-10  2.31E-10  7.61E-11  2.37E-11
  7.15E-12  1.91E-12  7.31E-13  2.50E-13  6.33E-14  1.65E-14  5.72E-15  1.97E-15
  4.98E-16  1.38E-16  5.62E-17  1.70E-17  4.45E-18  1.20E-18  4.37E-19  1.46E-19
  3.52E-20  1.08E-20  3.84E-21  1.08E-21  2.99E-22  8.51E-23  2.89E-23  8.35E-24
  2.26E-24  7.04E-25  2.52E-25  9.80E-26  4.92E-26  3.40E-26  2.58E-26  2.16E-26
  1.85E-26  1.56E-26  1.35E-26  1.14E-26  1.02E-26  8.67E-27  7.51E-27  6.54E-27
  5.82E-27  5.15E-27  4.47E-27  3.97E-27  3.61E-27  3.16E-27  2.85E-27  2.52E-27
   174.02134164145130     
  1.75E-38  2.60E-04  5.64E-05  1.50E-05  7.21E-06  2.14E-06  6.01E-07  2.16E-07
  6.69E-08  2.52E-08  7.96E-09  2.91E-09  8.54E-10  2.10E-10  6.71E-11  2.11E-11
  6.45E-12  1.63E-12  6.08E-13  2.15E-13  5.59E-14  1.34E-14  4.44E-15  1.59E-15
  4.11E-16  1.04E-16  4.10E-17  1.32E-17  3.49E-18  8.42E-19  2.99E-19  1.06E-19
  2.57E-20  7.10E-21  2.48E-21  7.43E-22  2.04E-22  5.27E-23  1.79E-23  5.46E-24
  1.46E-24  4.37E-25  1.68E-25  7.65E-26  4.33E-26  3.29E-26  2.56E-26  2.18E-26
  1.89E-26  1.62E-26  1.38E-26  1.17E-26  1.04E-26  8.94E-27  7.75E-27  6.77E-27
  6.00E-27  5.36E-27  4.64E-27  4.11E-27  3.72E-27  3.26E-27  2.97E-27  2.61E-27
   176.01259499269560     
  4.74E-39  2.50E-04  5.42E-05  1.45E-05  6.97E-06  2.05E-06  5.68E-07  2.05E-07
  6.24E-08  2.30E-08  7.18E-09  2.67E-09  7.98E-10  1.91E-10  5.88E-11  1.88E-11
  5.84E-12  1.40E-12  5.05E-13  1.86E-13  4.99E-14  1.11E-14  3.46E-15  1.30E-15
  3.49E-16  8.19E-17  3.02E-17  1.04E-17  2.87E-18  6.25E-19  2.07E-19  7.85E-20
  1.98E-20  4.92E-21  1.62E-21  5.22E-22  1.48E-22  3.45E-23  1.12E-23  3.67E-24
  1.01E-24  2.89E-25  1.15E-25  5.91E-26  3.65E-26  2.83E-26  2.23E-26  1.91E-26
  1.67E-26  1.45E-26  1.24E-26  1.06E-26  9.45E-27  8.25E-27  7.20E-27  6.32E-27
  5.65E-27  5.02E-27  4.40E-27  3.91E-27  3.55E-27  3.14E-27  2.81E-27  2.48E-27
   178.01606591170236     
  4.42E-39  2.41E-04  5.22E-05  1.40E-05  6.73E-06  1.97E-06  5.34E-07  1.94E-07
  5.81E-08  2.10E-08  6.44E-09  2.45E-09  7.45E-10  1.73E-10  5.14E-11  1.67E-11
  5.34E-12  1.23E-12  4.19E-13  1.61E-13  4.55E-14  9.76E-15  2.74E-15  1.07E-15
  3.10E-16  6.95E-17  2.28E-17  8.30E-18  2.50E-18  5.19E-19  1.52E-19  6.02E-20
  1.65E-20  3.89E-21  1.13E-21  3.84E-22  1.19E-22  2.62E-23  7.57E-24  2.60E-24
  7.80E-25  2.12E-25  8.17E-26  4.49E-26  2.89E-26  2.24E-26  1.79E-26  1.52E-26
  1.33E-26  1.15E-26  9.89E-27  8.43E-27  7.48E-27  6.57E-27  5.68E-27  4.97E-27
  4.40E-27  3.91E-27  3.40E-27  3.01E-27  2.71E-27  2.41E-27  2.17E-27  1.93E-27
   180.01946635134857     
  4.06E-39  2.32E-04  5.03E-05  1.35E-05  6.50E-06  1.89E-06  5.04E-07  1.84E-07
  5.44E-08  1.93E-08  5.80E-09  2.25E-09  6.98E-10  1.60E-10  4.54E-11  1.49E-11
  4.93E-12  1.12E-12  3.52E-13  1.38E-13  4.14E-14  8.92E-15  2.22E-15  8.81E-16
  2.77E-16  6.20E-17  1.78E-17  6.55E-18  2.18E-18  4.58E-19  1.16E-19  4.57E-20
  1.38E-20  3.31E-21  8.31E-22  2.81E-22  9.60E-23  2.15E-23  5.46E-24  1.85E-24
  6.09E-25  1.71E-25  6.40E-26  3.79E-26  2.58E-26  2.04E-26  1.60E-26  1.38E-26
  1.18E-26  1.02E-26  8.63E-27  7.41E-27  6.55E-27  5.62E-27  4.94E-27  4.34E-27
  3.91E-27  3.50E-27  3.07E-27  2.73E-27  2.49E-27  2.21E-27  2.02E-27  1.80E-27
   182.02263936357230     
  4.90E-40  2.23E-04  4.85E-05  1.30E-05  6.28E-06  1.82E-06  4.78E-07  1.75E-07
  5.13E-08  1.79E-08  5.26E-09  2.06E-09  6.52E-10  1.49E-10  4.07E-11  1.33E-11
  4.52E-12  1.02E-12  3.00E-13  1.17E-13  3.66E-14  8.07E-15  1.82E-15  7.05E-16
  2.35E-16  5.42E-17  1.39E-17  4.94E-18  1.77E-18  3.88E-19  8.81E-20  3.28E-20
  1.07E-20  2.67E-21  6.09E-22  1.93E-22  7.05E-23  1.67E-23  3.87E-24  1.23E-24
  4.32E-25  1.29E-25  4.81E-26  2.89E-26  2.05E-26  1.65E-26  1.33E-26  1.16E-26
  9.92E-27  8.47E-27  7.21E-27  6.18E-27  5.43E-27  4.69E-27  4.00E-27  3.57E-27
  3.15E-27  2.79E-27  2.41E-27  2.15E-27  1.95E-27  1.72E-27  1.54E-27  1.38E-27
   184.01410545501719     
  3.74E-41  2.15E-04  4.67E-05  1.26E-05  6.05E-06  1.75E-06  4.54E-07  1.67E-07
  4.84E-08  1.67E-08  4.78E-09  1.87E-09  6.03E-10  1.37E-10  3.63E-11  1.17E-11
  4.07E-12  9.22E-13  2.55E-13  9.69E-14  3.13E-14  7.06E-15  1.48E-15  5.52E-16
  1.91E-16  4.56E-17  1.07E-17  3.59E-18  1.35E-18  3.09E-19  6.51E-20  2.24E-20
  7.63E-21  2.02E-21  4.30E-22  1.26E-22  4.76E-23  1.19E-23  2.61E-24  7.61E-25
  2.83E-25  9.31E-26  3.75E-26  2.42E-26  1.77E-26  1.49E-26  1.20E-26  1.04E-26
  9.07E-27  7.67E-27  6.76E-27  5.64E-27  5.03E-27  4.32E-27  3.70E-27  3.28E-27
  2.88E-27  2.62E-27  2.23E-27  2.00E-27  1.80E-27  1.58E-27  1.44E-27  1.25E-27
   186.01781269711043     
  3.51E-39  2.07E-04  4.49E-05  1.22E-05  5.83E-06  1.68E-06  4.30E-07  1.58E-07
  4.54E-08  1.54E-08  4.31E-09  1.69E-09  5.53E-10  1.26E-10  3.23E-11  1.02E-11
  3.63E-12  8.29E-13  2.15E-13  7.97E-14  2.66E-14  6.18E-15  1.21E-15  4.28E-16
  1.54E-16  3.83E-17  8.25E-18  2.58E-18  1.02E-18  2.46E-19  4.88E-20  1.50E-20
  5.38E-21  1.52E-21  3.09E-22  8.03E-23  3.13E-23  8.37E-24  1.79E-24  4.71E-25
  1.86E-25  7.03E-26  3.13E-26  2.13E-26  1.65E-26  1.41E-26  1.14E-26  9.85E-27
  8.54E-27  7.31E-27  6.42E-27  5.46E-27  4.87E-27  4.20E-27  3.63E-27  3.21E-27
  2.83E-27  2.56E-27  2.22E-27  1.99E-27  1.80E-27  1.59E-27  1.45E-27  1.28E-27
