   2.0212365155019909     
  2.39E-24  3.87E-19  3.58E-18  9.87E-18  2.69E-17  5.57E-17  8.10E-17  1.14E-16
  1.54E-16  2.45E-16  2.63E-16  3.01E-16  3.44E-16  3.66E-16  3.64E-16  3.31E-16
  3.61E-16  3.44E-16  3.28E-16  2.93E-16  2.87E-16  2.73E-16  2.39E-16  2.20E-16
  1.98E-16  1.85E-16  1.64E-16  1.43E-16  1.29E-16  1.11E-16  9.61E-17  8.36E-17
  6.89E-17  5.97E-17  4.92E-17  3.96E-17  3.29E-17  2.63E-17  2.16E-17  1.69E-17
  1.39E-17  1.11E-17  8.55E-18  6.80E-18  5.13E-18  4.01E-18  2.93E-18  2.22E-18
  1.70E-18  1.27E-18  9.48E-19  6.94E-19  5.27E-19  3.91E-19  2.86E-19  2.13E-19
  1.58E-19  1.20E-19  8.72E-20  6.54E-20  5.01E-20  3.74E-20  2.86E-20  2.14E-20
   4.0186886345075621     
  4.04E-10  1.49E-06  6.84E-06  1.13E-05  1.24E-05  1.17E-05  1.39E-05  1.67E-05
  1.62E-05  1.67E-05  1.23E-05  1.02E-05  8.90E-06  7.24E-06  5.58E-06  4.01E-06
  3.40E-06  2.67E-06  2.26E-06  1.80E-06  1.60E-06  1.26E-06  9.77E-07  8.35E-07
  7.33E-07  6.80E-07  5.41E-07  4.22E-07  3.11E-07  2.33E-07  1.78E-07  1.48E-07
  1.25E-07  1.08E-07  9.23E-08  7.71E-08  6.54E-08  5.38E-08  4.54E-08  3.56E-08
  2.95E-08  2.36E-08  1.79E-08  1.46E-08  1.14E-08  9.79E-09  8.04E-09  6.85E-09
  5.85E-09  4.81E-09  3.83E-09  2.96E-09  2.44E-09  1.98E-09  1.63E-09  1.35E-09
  1.12E-09  9.60E-10  7.82E-10  6.59E-10  5.53E-10  4.61E-10  3.98E-10  3.40E-10
   6.0155294328055007     
  4.64E-09  8.75E-05  9.72E-05  1.24E-04  1.64E-04  2.03E-04  1.38E-04  1.08E-04
  8.67E-05  7.69E-05  6.14E-05  4.31E-05  3.35E-05  2.62E-05  1.86E-05  1.29E-05
  1.13E-05  8.75E-06  6.26E-06  4.41E-06  3.62E-06  2.89E-06  2.06E-06  1.60E-06
  1.28E-06  1.09E-06  8.36E-07  6.20E-07  4.59E-07  3.44E-07  2.63E-07  2.04E-07
  1.58E-07  1.28E-07  1.00E-07  7.68E-08  5.96E-08  4.41E-08  3.39E-08  2.54E-08
  2.08E-08  1.61E-08  1.20E-08  9.32E-09  7.05E-09  5.57E-09  4.07E-09  3.21E-09
  2.53E-09  1.96E-09  1.50E-09  1.14E-09  9.12E-10  7.10E-10  5.51E-10  4.28E-10
  3.40E-10  2.73E-10  2.15E-10  1.73E-10  1.44E-10  1.18E-10  1.00E-10  8.46E-11
   8.0112942483806417     
  1.54E-08  1.03E-04  2.41E-04  3.35E-04  5.18E-04  4.33E-04  2.68E-04  1.87E-04
  1.31E-04  1.08E-04  6.71E-05  4.38E-05  3.55E-05  2.51E-05  1.74E-05  1.23E-05
  1.03E-05  7.12E-06  5.00E-06  3.42E-06  2.66E-06  2.03E-06  1.35E-06  9.87E-07
  7.43E-07  5.69E-07  4.08E-07  2.88E-07  2.12E-07  1.54E-07  1.13E-07  8.55E-08
  6.00E-08  4.57E-08  3.32E-08  2.38E-08  1.81E-08  1.28E-08  9.51E-09  6.79E-09
  5.13E-09  3.85E-09  2.79E-09  2.12E-09  1.56E-09  1.21E-09  8.89E-10  6.92E-10
  5.31E-10  4.15E-10  3.25E-10  2.59E-10  2.21E-10  1.88E-10  1.59E-10  1.40E-10
  1.26E-10  1.17E-10  1.10E-10  1.04E-10  1.02E-10  9.99E-11  9.73E-11  9.40E-11
   10.011275069864061     
  1.52E-08  2.39E-04  4.59E-04  4.72E-04  5.70E-04  4.32E-04  2.37E-04  1.70E-04
  1.23E-04  1.00E-04  5.65E-05  3.86E-05  2.86E-05  1.99E-05  1.36E-05  8.86E-06
  7.36E-06  4.75E-06  3.48E-06  2.30E-06  1.67E-06  1.18E-06  7.79E-07  5.64E-07
  3.92E-07  2.89E-07  2.05E-07  1.43E-07  1.05E-07  7.25E-08  5.18E-08  3.64E-08
  2.51E-08  1.84E-08  1.33E-08  9.12E-09  6.78E-09  4.87E-09  3.48E-09  2.41E-09
  1.77E-09  1.27E-09  8.81E-10  6.38E-10  4.63E-10  3.53E-10  2.50E-10  1.84E-10
  1.34E-10  9.64E-11  7.00E-11  5.05E-11  3.84E-11  2.88E-11  2.15E-11  1.67E-11
  1.32E-11  1.05E-11  8.23E-12  6.85E-12  5.98E-12  5.21E-12  4.72E-12  4.20E-12
   12.021584921765342     
  4.13E-08  3.29E-04  8.73E-04  6.63E-04  6.30E-04  4.50E-04  2.57E-04  1.61E-04
  1.09E-04  8.92E-05  4.55E-05  3.16E-05  2.16E-05  1.37E-05  9.81E-06  5.92E-06
  4.36E-06  2.78E-06  1.82E-06  1.14E-06  8.08E-07  5.56E-07  3.53E-07  2.42E-07
  1.60E-07  1.12E-07  7.44E-08  5.03E-08  3.52E-08  2.30E-08  1.53E-08  1.04E-08
  6.97E-09  4.82E-09  3.37E-09  2.20E-09  1.54E-09  1.03E-09  6.94E-10  4.66E-10
  3.25E-10  2.27E-10  1.51E-10  1.05E-10  6.92E-11  4.83E-11  3.19E-11  2.21E-11
  1.53E-11  1.07E-11  7.38E-12  5.05E-12  3.62E-12  2.55E-12  1.84E-12  1.32E-12
  9.90E-13  7.62E-13  5.92E-13  4.71E-13  3.70E-13  3.02E-13  2.73E-13  2.37E-13
   14.012703363494147     
  3.23E-09  4.89E-04  1.05E-03  6.70E-04  6.27E-04  4.00E-04  2.29E-04  1.31E-04
  8.52E-05  6.11E-05  3.59E-05  2.22E-05  1.44E-05  9.53E-06  5.86E-06  3.46E-06
  2.57E-06  1.64E-06  1.01E-06  6.17E-07  4.17E-07  2.70E-07  1.70E-07  1.11E-07
  7.25E-08  4.75E-08  3.11E-08  2.01E-08  1.34E-08  8.56E-09  5.55E-09  3.74E-09
  2.37E-09  1.62E-09  1.05E-09  6.63E-10  4.34E-10  2.78E-10  1.81E-10  1.15E-10
  7.72E-11  5.02E-11  3.19E-11  2.12E-11  1.34E-11  9.09E-12  5.66E-12  3.70E-12
  2.47E-12  1.62E-12  1.07E-12  6.84E-13  4.64E-13  3.10E-13  2.09E-13  1.45E-13
  1.02E-13  7.41E-14  5.21E-14  3.81E-14  2.85E-14  2.12E-14  1.64E-14  1.28E-14
   16.013012278143911     
  3.30E-08  6.13E-04  1.07E-03  6.43E-04  5.95E-04  3.38E-04  1.99E-04  1.03E-04
  6.58E-05  5.08E-05  2.71E-05  1.54E-05  9.44E-06  6.20E-06  3.68E-06  2.07E-06
  1.50E-06  9.13E-07  5.73E-07  3.31E-07  2.22E-07  1.41E-07  8.45E-08  5.54E-08
  3.54E-08  2.32E-08  1.45E-08  9.03E-09  5.88E-09  3.80E-09  2.37E-09  1.57E-09
  1.00E-09  6.59E-10  4.34E-10  2.73E-10  1.86E-10  1.17E-10  7.93E-11  4.97E-11
  3.35E-11  2.26E-11  1.42E-11  9.74E-12  6.25E-12  4.34E-12  2.78E-12  1.91E-12
  1.31E-12  9.14E-13  6.13E-13  4.12E-13  2.91E-13  2.01E-13  1.41E-13  9.57E-14
  6.93E-14  4.98E-14  3.49E-14  2.46E-14  1.83E-14  1.33E-14  9.72E-15  7.22E-15
   18.018132029728442     
  1.48E-08  7.48E-04  9.65E-04  6.80E-04  5.04E-04  3.21E-04  1.79E-04  9.85E-05
  6.11E-05  3.92E-05  2.01E-05  1.16E-05  7.01E-06  4.35E-06  2.53E-06  1.39E-06
  9.71E-07  5.75E-07  3.44E-07  1.91E-07  1.26E-07  8.00E-08  4.63E-08  2.95E-08
  1.90E-08  1.22E-08  7.71E-09  4.76E-09  3.10E-09  1.87E-09  1.18E-09  7.75E-10
  4.71E-10  3.09E-10  1.97E-10  1.20E-10  8.09E-11  5.07E-11  3.33E-11  2.10E-11
  1.37E-11  8.98E-12  5.64E-12  3.62E-12  2.33E-12  1.54E-12  9.66E-13  6.36E-13
  4.22E-13  2.80E-13  1.84E-13  1.19E-13  8.19E-14  5.46E-14  3.70E-14  2.51E-14
  1.75E-14  1.24E-14  8.49E-15  6.06E-15  4.41E-15  3.20E-15  2.42E-15  1.81E-15
   20.021752460282720     
  3.88E-08  7.32E-04  9.58E-04  6.12E-04  4.73E-04  2.98E-04  1.39E-04  8.27E-05
  5.00E-05  3.01E-05  1.42E-05  8.29E-06  5.42E-06  2.90E-06  1.73E-06  9.30E-07
  5.97E-07  3.50E-07  2.06E-07  1.15E-07  7.34E-08  4.26E-08  2.52E-08  1.55E-08
  9.48E-09  6.00E-09  3.51E-09  2.18E-09  1.37E-09  8.20E-10  5.01E-10  3.12E-10
  1.91E-10  1.21E-10  7.49E-11  4.45E-11  2.87E-11  1.76E-11  1.12E-11  6.78E-12
  4.25E-12  2.71E-12  1.61E-12  1.02E-12  6.19E-13  3.96E-13  2.37E-13  1.51E-13
  9.75E-14  6.22E-14  3.92E-14  2.47E-14  1.62E-14  1.04E-14  6.70E-15  4.36E-15
  2.87E-15  1.96E-15  1.28E-15  8.73E-16  6.15E-16  4.24E-16  3.04E-16  2.14E-16
   22.012394945318807     
  3.14E-08  8.39E-04  1.05E-03  5.87E-04  4.25E-04  2.52E-04  1.11E-04  6.48E-05
  3.48E-05  2.17E-05  9.99E-06  5.53E-06  3.36E-06  1.87E-06  1.06E-06  5.81E-07
  3.68E-07  2.05E-07  1.17E-07  6.59E-08  4.08E-08  2.38E-08  1.36E-08  8.23E-09
  4.88E-09  2.94E-09  1.70E-09  1.03E-09  6.25E-10  3.80E-10  2.26E-10  1.38E-10
  8.34E-11  5.15E-11  3.19E-11  1.85E-11  1.14E-11  6.81E-12  4.20E-12  2.50E-12
  1.54E-12  9.58E-13  5.71E-13  3.59E-13  2.21E-13  1.39E-13  8.33E-14  5.31E-14
  3.34E-14  2.12E-14  1.32E-14  8.23E-15  5.36E-15  3.43E-15  2.21E-15  1.42E-15
  9.39E-16  6.35E-16  4.12E-16  2.72E-16  1.92E-16  1.30E-16  9.04E-17  6.26E-17
   24.012655340382203     
  7.61E-10  9.28E-04  1.13E-03  5.98E-04  3.68E-04  1.92E-04  8.76E-05  4.74E-05
  2.38E-05  1.50E-05  7.29E-06  3.51E-06  2.12E-06  1.24E-06  6.46E-07  3.29E-07
  2.11E-07  1.15E-07  6.57E-08  3.46E-08  2.11E-08  1.24E-08  6.89E-09  4.06E-09
  2.34E-09  1.42E-09  7.91E-10  4.51E-10  2.65E-10  1.51E-10  8.79E-11  5.25E-11
  3.13E-11  1.91E-11  1.15E-11  6.65E-12  4.08E-12  2.36E-12  1.42E-12  8.13E-13
  4.94E-13  2.94E-13  1.69E-13  1.04E-13  6.08E-14  3.78E-14  2.16E-14  1.32E-14
  7.95E-15  4.82E-15  2.84E-15  1.68E-15  1.03E-15  6.29E-16  3.84E-16  2.36E-16
  1.51E-16  9.59E-17  6.01E-17  3.86E-17  2.56E-17  1.69E-17  1.14E-17  7.87E-18
   26.018842956122622     
  1.73E-07  9.10E-04  1.13E-03  5.32E-04  3.05E-04  1.44E-04  6.81E-05  3.22E-05
  1.69E-05  1.04E-05  4.57E-06  2.53E-06  1.44E-06  7.89E-07  4.19E-07  2.05E-07
  1.35E-07  6.80E-08  3.87E-08  2.02E-08  1.21E-08  6.82E-09  3.69E-09  2.18E-09
  1.23E-09  7.40E-10  4.27E-10  2.46E-10  1.50E-10  8.57E-11  5.12E-11  3.08E-11
  1.81E-11  1.12E-11  6.73E-12  3.92E-12  2.50E-12  1.46E-12  8.99E-13  5.25E-13
  3.25E-13  2.00E-13  1.15E-13  7.23E-14  4.26E-14  2.62E-14  1.54E-14  9.44E-15
  5.84E-15  3.53E-15  2.10E-15  1.27E-15  7.56E-16  4.53E-16  2.67E-16  1.60E-16
  9.50E-17  5.72E-17  3.32E-17  1.99E-17  1.21E-17  7.40E-18  4.60E-18  2.95E-18
   28.015315717951164     
  3.71E-08  9.64E-04  1.04E-03  4.60E-04  2.53E-04  1.18E-04  5.26E-05  2.47E-05
  1.20E-05  7.37E-06  3.22E-06  1.64E-06  9.70E-07  5.19E-07  2.87E-07  1.38E-07
  8.62E-08  4.45E-08  2.38E-08  1.24E-08  7.14E-09  3.97E-09  2.07E-09  1.19E-09
  6.69E-10  3.96E-10  2.27E-10  1.30E-10  7.93E-11  4.69E-11  2.73E-11  1.70E-11
  1.01E-11  6.22E-12  3.78E-12  2.17E-12  1.39E-12  8.28E-13  5.05E-13  3.09E-13
  1.92E-13  1.21E-13  7.11E-14  4.44E-14  2.72E-14  1.66E-14  1.01E-14  6.16E-15
  3.85E-15  2.40E-15  1.43E-15  8.84E-16  5.38E-16  3.31E-16  2.00E-16  1.22E-16
  7.45E-17  4.59E-17  2.72E-17  1.65E-17  9.89E-18  5.98E-18  3.58E-18  2.20E-18
   30.015004960492810     
  3.09E-08  9.50E-04  8.97E-04  4.15E-04  2.20E-04  9.95E-05  4.14E-05  1.96E-05
  8.85E-06  5.30E-06  2.32E-06  1.14E-06  6.58E-07  3.27E-07  1.84E-07  9.05E-08
  5.52E-08  2.88E-08  1.45E-08  7.52E-09  4.31E-09  2.35E-09  1.18E-09  6.57E-10
  3.58E-10  2.04E-10  1.10E-10  6.12E-11  3.65E-11  2.09E-11  1.19E-11  7.20E-12
  4.09E-12  2.49E-12  1.44E-12  8.13E-13  5.11E-13  2.90E-13  1.74E-13  1.02E-13
  6.19E-14  3.73E-14  2.15E-14  1.30E-14  7.69E-15  4.58E-15  2.69E-15  1.59E-15
  9.74E-16  5.82E-16  3.41E-16  2.04E-16  1.21E-16  7.35E-17  4.31E-17  2.60E-17
  1.57E-17  9.51E-18  5.64E-18  3.39E-18  2.06E-18  1.25E-18  7.69E-19  4.79E-19
   32.022431546439272     
  3.75E-09  9.55E-04  7.52E-04  3.67E-04  1.91E-04  8.38E-05  3.17E-05  1.50E-05
  6.77E-06  3.88E-06  1.60E-06  8.08E-07  4.28E-07  2.26E-07  1.19E-07  5.63E-08
  3.25E-08  1.72E-08  8.61E-09  4.22E-09  2.30E-09  1.22E-09  5.95E-10  3.29E-10
  1.70E-10  9.24E-11  5.02E-11  2.55E-11  1.41E-11  7.50E-12  4.11E-12  2.31E-12
  1.23E-12  7.05E-13  3.96E-13  2.08E-13  1.20E-13  6.36E-14  3.54E-14  1.91E-14
  1.09E-14  6.01E-15  3.20E-15  1.78E-15  9.85E-16  5.46E-16  2.92E-16  1.65E-16
  9.12E-17  5.13E-17  2.75E-17  1.53E-17  8.52E-18  4.73E-18  2.64E-18  1.47E-18
  8.45E-19  4.87E-19  2.76E-19  1.61E-19  9.70E-20  5.87E-20  3.65E-20  2.33E-20
   34.019680697887232     
  5.10E-08  9.60E-04  6.54E-04  3.06E-04  1.63E-04  6.99E-05  2.53E-05  1.17E-05
  5.38E-06  2.96E-06  1.23E-06  5.82E-07  3.19E-07  1.56E-07  8.32E-08  3.95E-08
  2.12E-08  1.04E-08  5.27E-09  2.48E-09  1.34E-09  6.68E-10  3.33E-10  1.73E-10
  8.81E-11  4.69E-11  2.37E-11  1.23E-11  6.63E-12  3.43E-12  1.84E-12  9.79E-13
  5.13E-13  2.74E-13  1.46E-13  7.57E-14  4.14E-14  2.11E-14  1.13E-14  5.82E-15
  3.17E-15  1.67E-15  8.57E-16  4.59E-16  2.41E-16  1.32E-16  6.73E-17  3.64E-17
  1.98E-17  1.07E-17  5.62E-18  3.00E-18  1.64E-18  8.91E-19  4.76E-19  2.61E-19
  1.46E-19  8.31E-20  4.61E-20  2.68E-20  1.64E-20  1.03E-20  6.75E-21  4.67E-21
   36.012101320308425     
  5.88E-08  9.73E-04  6.04E-04  2.47E-04  1.31E-04  5.83E-05  2.05E-05  9.53E-06
  4.28E-06  2.24E-06  9.90E-07  4.45E-07  2.43E-07  1.14E-07  5.85E-08  2.70E-08
  1.44E-08  6.84E-09  3.30E-09  1.62E-09  8.38E-10  4.05E-10  1.97E-10  1.03E-10
  5.16E-11  2.70E-11  1.34E-11  6.66E-12  3.43E-12  1.77E-12  8.93E-13  4.76E-13
  2.46E-13  1.29E-13  6.80E-14  3.41E-14  1.82E-14  9.30E-15  4.94E-15  2.52E-15
  1.34E-15  7.10E-16  3.61E-16  1.91E-16  9.93E-17  5.41E-17  2.80E-17  1.50E-17
  8.18E-18  4.47E-18  2.39E-18  1.28E-18  7.17E-19  3.99E-19  2.21E-19  1.25E-19
  7.30E-20  4.37E-20  2.60E-20  1.61E-20  1.08E-20  7.48E-21  5.54E-21  4.38E-21
   38.022194308971137     
  3.75E-09  9.96E-04  5.95E-04  2.02E-04  1.06E-04  4.74E-05  1.63E-05  7.68E-06
  3.40E-06  1.72E-06  7.19E-07  3.33E-07  1.76E-07  8.24E-08  4.12E-08  1.78E-08
  9.62E-09  4.69E-09  2.12E-09  1.02E-09  5.34E-10  2.58E-10  1.19E-10  6.12E-11
  2.95E-11  1.54E-11  7.30E-12  3.73E-12  1.87E-12  9.29E-13  4.78E-13  2.46E-13
  1.22E-13  6.37E-14  3.34E-14  1.65E-14  8.63E-15  4.35E-15  2.26E-15  1.13E-15
  5.97E-16  3.10E-16  1.57E-16  8.20E-17  4.19E-17  2.26E-17  1.14E-17  6.02E-18
  3.23E-18  1.72E-18  9.10E-19  4.74E-19  2.62E-19  1.42E-19  7.67E-20  4.21E-20
  2.40E-20  1.38E-20  7.96E-21  4.79E-21  3.12E-21  2.08E-21  1.53E-21  1.17E-21
   40.015290870706856     
  2.42E-08  1.01E-03  6.07E-04  1.75E-04  9.17E-05  3.83E-05  1.31E-05  6.36E-06
  2.62E-06  1.37E-06  5.42E-07  2.50E-07  1.28E-07  6.17E-08  2.90E-08  1.27E-08
  6.85E-09  3.29E-09  1.50E-09  7.08E-10  3.57E-10  1.75E-10  7.92E-11  4.01E-11
  1.93E-11  9.83E-12  4.60E-12  2.27E-12  1.15E-12  5.71E-13  2.88E-13  1.48E-13
  7.32E-14  3.89E-14  1.96E-14  9.59E-15  5.02E-15  2.48E-15  1.27E-15  6.27E-16
  3.26E-16  1.67E-16  8.23E-17  4.23E-17  2.13E-17  1.12E-17  5.53E-18  2.86E-18
  1.50E-18  7.78E-19  4.00E-19  2.03E-19  1.09E-19  5.69E-20  3.00E-20  1.61E-20
  8.86E-21  4.99E-21  2.81E-21  1.67E-21  1.08E-21  7.18E-22  5.38E-22  4.24E-22
   42.012425035195491     
  2.51E-08  9.60E-04  6.15E-04  1.59E-04  8.31E-05  3.30E-05  1.07E-05  5.39E-06
  2.18E-06  1.12E-06  4.27E-07  1.93E-07  9.57E-08  4.80E-08  2.15E-08  9.42E-09
  5.15E-09  2.41E-09  1.13E-09  5.14E-10  2.59E-10  1.30E-10  5.77E-11  2.87E-11
  1.39E-11  7.06E-12  3.34E-12  1.64E-12  8.33E-13  4.05E-13  2.06E-13  1.06E-13
  5.22E-14  2.71E-14  1.37E-14  6.64E-15  3.50E-15  1.71E-15  8.78E-16  4.26E-16
  2.21E-16  1.12E-16  5.47E-17  2.81E-17  1.40E-17  7.29E-18  3.54E-18  1.84E-18
  9.45E-19  4.84E-19  2.44E-19  1.25E-19  6.51E-20  3.40E-20  1.78E-20  9.69E-21
  5.32E-21  3.07E-21  1.74E-21  1.08E-21  7.21E-22  5.00E-22  3.75E-22  2.98E-22
   44.015085070597891     
  1.29E-08  9.56E-04  6.06E-04  1.43E-04  7.60E-05  2.97E-05  9.01E-06  4.56E-06
  1.88E-06  9.61E-07  3.32E-07  1.62E-07  7.56E-08  3.63E-08  1.68E-08  7.20E-09
  3.98E-09  1.79E-09  8.49E-10  3.88E-10  2.00E-10  9.65E-11  4.35E-11  2.15E-11
  1.04E-11  5.21E-12  2.47E-12  1.21E-12  6.15E-13  2.97E-13  1.50E-13  7.67E-14
  3.80E-14  1.97E-14  9.77E-15  4.75E-15  2.48E-15  1.21E-15  6.13E-16  3.07E-16
  1.56E-16  7.92E-17  3.82E-17  1.97E-17  9.81E-18  4.93E-18  2.43E-18  1.23E-18
  6.34E-19  3.21E-19  1.60E-19  8.12E-20  4.21E-20  2.16E-20  1.12E-20  5.88E-21
  3.21E-21  1.80E-21  1.02E-21  6.32E-22  4.29E-22  3.04E-22  2.40E-22  1.98E-22
   46.013051351134166     
  2.79E-08  9.21E-04  5.83E-04  1.25E-04  6.91E-05  2.65E-05  7.86E-06  3.75E-06
  1.58E-06  8.17E-07  2.72E-07  1.30E-07  6.31E-08  2.87E-08  1.32E-08  5.62E-09
  3.05E-09  1.36E-09  6.18E-10  2.86E-10  1.43E-10  6.91E-11  3.15E-11  1.52E-11
  7.34E-12  3.70E-12  1.74E-12  8.33E-13  4.27E-13  2.07E-13  1.03E-13  5.24E-14
  2.59E-14  1.32E-14  6.66E-15  3.19E-15  1.66E-15  8.10E-16  4.10E-16  2.03E-16
  1.03E-16  5.34E-17  2.58E-17  1.32E-17  6.69E-18  3.39E-18  1.67E-18  8.57E-19
  4.40E-19  2.22E-19  1.11E-19  5.60E-20  2.90E-20  1.49E-20  7.60E-21  3.99E-21
  2.14E-21  1.19E-21  6.57E-22  3.98E-22  2.62E-22  1.84E-22  1.47E-22  1.22E-22
   48.018915765193157     
  4.28E-09  9.09E-04  5.49E-04  1.09E-04  6.15E-05  2.36E-05  6.95E-06  3.01E-06
  1.31E-06  6.72E-07  2.31E-07  1.02E-07  4.97E-08  2.36E-08  1.03E-08  4.46E-09
  2.37E-09  1.01E-09  4.69E-10  2.09E-10  1.01E-10  4.91E-11  2.19E-11  1.07E-11
  5.02E-12  2.49E-12  1.20E-12  5.51E-13  2.87E-13  1.39E-13  6.84E-14  3.57E-14
  1.70E-14  8.66E-15  4.36E-15  2.05E-15  1.07E-15  5.20E-16  2.57E-16  1.30E-16
  6.45E-17  3.36E-17  1.62E-17  8.29E-18  4.23E-18  2.17E-18  1.07E-18  5.49E-19
  2.85E-19  1.45E-19  7.12E-20  3.65E-20  1.89E-20  9.60E-21  4.92E-21  2.55E-21
  1.35E-21  7.36E-22  3.89E-22  2.27E-22  1.37E-22  8.77E-23  6.16E-23  4.66E-23
   50.017968783140887     
  2.85E-08  9.18E-04  5.06E-04  9.87E-05  5.41E-05  2.08E-05  6.10E-06  2.45E-06
  1.09E-06  5.38E-07  1.94E-07  8.23E-08  3.99E-08  1.83E-08  8.07E-09  3.51E-09
  1.78E-09  7.80E-10  3.39E-10  1.52E-10  7.22E-11  3.38E-11  1.54E-11  7.20E-12
  3.40E-12  1.65E-12  7.85E-13  3.67E-13  1.83E-13  8.90E-14  4.33E-14  2.15E-14
  1.06E-14  5.20E-15  2.61E-15  1.21E-15  6.18E-16  3.03E-16  1.44E-16  7.25E-17
  3.60E-17  1.79E-17  8.73E-18  4.29E-18  2.19E-18  1.11E-18  5.44E-19  2.77E-19
  1.43E-19  7.15E-20  3.51E-20  1.79E-20  9.32E-21  4.80E-21  2.41E-21  1.28E-21
  6.73E-22  3.68E-22  1.98E-22  1.17E-22  7.35E-23  4.87E-23  3.52E-23  2.75E-23
   52.016681477611705     
  2.93E-08  9.14E-04  4.64E-04  9.09E-05  4.76E-05  1.80E-05  5.24E-06  2.06E-06
  8.91E-07  4.34E-07  1.60E-07  6.70E-08  3.25E-08  1.44E-08  6.42E-09  2.63E-09
  1.34E-09  5.93E-10  2.61E-10  1.13E-10  5.30E-11  2.38E-11  1.04E-11  5.01E-12
  2.34E-12  1.11E-12  5.47E-13  2.48E-13  1.21E-13  5.86E-14  2.73E-14  1.36E-14
  6.53E-15  3.24E-15  1.56E-15  7.40E-16  3.66E-16  1.74E-16  8.37E-17  4.04E-17
  2.02E-17  9.82E-18  4.78E-18  2.31E-18  1.15E-18  6.00E-19  2.84E-19  1.44E-19
  7.48E-20  3.77E-20  1.91E-20  9.76E-21  5.19E-21  2.76E-21  1.42E-21  7.72E-22
  4.28E-22  2.41E-22  1.35E-22  8.19E-23  5.26E-23  3.53E-23  2.57E-23  2.02E-23
   54.018406700650367     
  1.20E-08  9.50E-04  4.26E-04  8.36E-05  4.18E-05  1.55E-05  4.46E-06  1.74E-06
  7.21E-07  3.56E-07  1.30E-07  5.48E-08  2.61E-08  1.16E-08  5.08E-09  2.08E-09
  1.02E-09  4.44E-10  1.94E-10  8.45E-11  3.82E-11  1.77E-11  7.37E-12  3.54E-12
  1.62E-12  7.81E-13  3.62E-13  1.69E-13  8.00E-14  3.81E-14  1.79E-14  8.78E-15
  4.05E-15  2.09E-15  9.75E-16  4.54E-16  2.24E-16  1.03E-16  4.97E-17  2.39E-17
  1.18E-17  5.84E-18  2.83E-18  1.39E-18  6.81E-19  3.49E-19  1.67E-19  8.44E-20
  4.42E-20  2.26E-20  1.15E-20  6.00E-21  3.16E-21  1.69E-21  8.84E-22  4.89E-22
  2.69E-22  1.52E-22  8.46E-23  5.10E-23  3.19E-23  2.07E-23  1.47E-23  1.11E-23
   56.021532485699126     
  5.25E-09  9.82E-04  3.94E-04  7.72E-05  3.68E-05  1.31E-05  3.81E-06  1.45E-06
  5.87E-07  2.90E-07  1.06E-07  4.52E-08  2.07E-08  9.26E-09  4.02E-09  1.65E-09
  8.20E-10  3.45E-10  1.47E-10  6.38E-11  2.84E-11  1.29E-11  5.31E-12  2.50E-12
  1.14E-12  5.51E-13  2.61E-13  1.21E-13  5.83E-14  2.72E-14  1.29E-14  6.17E-15
  2.81E-15  1.39E-15  6.50E-16  2.96E-16  1.44E-16  6.78E-17  3.28E-17  1.59E-17
  7.84E-18  3.99E-18  1.87E-18  9.37E-19  4.49E-19  2.28E-19  1.10E-19  5.52E-20
  2.89E-20  1.47E-20  7.44E-21  3.91E-21  2.05E-21  1.09E-21  5.83E-22  3.15E-22
  1.71E-22  9.52E-23  5.20E-23  3.06E-23  1.87E-23  1.22E-23  8.67E-24  6.60E-24
   58.012407615256031     
  6.46E-09  1.01E-03  3.62E-04  7.14E-05  3.29E-05  1.10E-05  3.28E-06  1.20E-06
  4.99E-07  2.36E-07  8.76E-08  3.78E-08  1.69E-08  7.39E-09  3.17E-09  1.32E-09
  6.60E-10  2.74E-10  1.16E-10  5.06E-11  2.33E-11  1.05E-11  4.45E-12  2.05E-12
  9.42E-13  4.45E-13  2.04E-13  9.33E-14  4.55E-14  2.16E-14  1.04E-14  5.16E-15
  2.52E-15  1.28E-15  6.24E-16  2.95E-16  1.49E-16  7.06E-17  3.46E-17  1.64E-17
  7.96E-18  4.07E-18  1.90E-18  9.72E-19  5.03E-19  2.62E-19  1.33E-19  7.09E-20
  3.83E-20  2.02E-20  1.03E-20  5.53E-21  2.88E-21  1.51E-21  8.05E-22  4.25E-22
  2.32E-22  1.29E-22  7.09E-23  4.08E-23  2.47E-23  1.57E-23  1.06E-23  7.74E-24
   60.014956492092189     
  4.13E-09  1.05E-03  3.31E-04  6.59E-05  2.96E-05  9.47E-06  2.82E-06  9.93E-07
  4.32E-07  1.93E-07  7.18E-08  3.15E-08  1.42E-08  6.06E-09  2.50E-09  1.06E-09
  5.31E-10  2.12E-10  9.57E-11  4.01E-11  1.94E-11  8.64E-12  3.85E-12  1.85E-12
  8.45E-13  4.26E-13  1.90E-13  8.90E-14  4.28E-14  1.98E-14  9.65E-15  4.61E-15
  2.32E-15  1.17E-15  5.84E-16  2.86E-16  1.52E-16  7.59E-17  4.00E-17  1.98E-17
  1.01E-17  5.39E-18  2.54E-18  1.34E-18  6.88E-19  3.47E-19  1.77E-19  9.22E-20
  4.95E-20  2.68E-20  1.36E-20  7.57E-21  3.97E-21  2.15E-21  1.17E-21  6.28E-22
  3.50E-22  1.91E-22  1.06E-22  6.03E-23  3.54E-23  2.21E-23  1.44E-23  1.02E-23
   62.017012595311385     
  1.28E-08  1.08E-03  3.04E-04  6.10E-05  2.64E-05  8.41E-06  2.39E-06  8.36E-07
  3.63E-07  1.62E-07  5.86E-08  2.58E-08  1.18E-08  5.19E-09  2.02E-09  8.54E-10
  4.30E-10  1.66E-10  7.46E-11  3.20E-11  1.50E-11  6.79E-12  3.06E-12  1.46E-12
  6.71E-13  3.53E-13  1.58E-13  7.76E-14  3.76E-14  1.77E-14  8.72E-15  4.08E-15
  2.07E-15  1.01E-15  4.92E-16  2.42E-16  1.23E-16  6.17E-17  3.20E-17  1.57E-17
  7.99E-18  4.29E-18  2.03E-18  1.08E-18  5.55E-19  2.79E-19  1.43E-19  7.35E-20
  3.84E-20  2.06E-20  1.02E-20  5.55E-21  2.83E-21  1.48E-21  7.88E-22  4.16E-22
  2.27E-22  1.20E-22  6.50E-23  3.66E-23  2.08E-23  1.26E-23  8.04E-24  5.51E-24
   64.020278101630069     
  8.18E-09  1.10E-03  2.82E-04  5.68E-05  2.33E-05  7.59E-06  2.05E-06  7.11E-07
  2.99E-07  1.38E-07  4.89E-08  2.09E-08  9.73E-09  4.32E-09  1.64E-09  6.99E-10
  3.40E-10  1.37E-10  5.85E-11  2.50E-11  1.14E-11  5.09E-12  2.25E-12  1.06E-12
  4.72E-13  2.51E-13  1.11E-13  5.37E-14  2.67E-14  1.24E-14  6.16E-15  2.92E-15
  1.45E-15  7.01E-16  3.37E-16  1.60E-16  7.94E-17  3.89E-17  1.92E-17  9.16E-18
  4.51E-18  2.32E-18  1.08E-18  5.58E-19  2.76E-19  1.34E-19  6.69E-20  3.39E-20
  1.69E-20  8.84E-21  4.25E-21  2.23E-21  1.10E-21  5.53E-22  2.85E-22  1.46E-22
  7.72E-23  3.97E-23  2.13E-23  1.21E-23  7.08E-24  4.52E-24  3.15E-24  2.35E-24
   66.014444799204128     
  6.02E-09  1.12E-03  2.61E-04  5.28E-05  2.05E-05  6.89E-06  1.80E-06  6.08E-07
  2.47E-07  1.18E-07  4.11E-08  1.73E-08  7.96E-09  3.48E-09  1.39E-09  5.79E-10
  2.73E-10  1.11E-10  4.76E-11  2.01E-11  9.13E-12  4.07E-12  1.75E-12  8.16E-13
  3.57E-13  1.84E-13  8.02E-14  3.84E-14  1.87E-14  8.60E-15  4.24E-15  1.98E-15
  9.80E-16  4.65E-16  2.23E-16  1.03E-16  5.04E-17  2.41E-17  1.16E-17  5.36E-18
  2.60E-18  1.29E-18  5.95E-19  3.01E-19  1.41E-19  6.82E-20  3.27E-20  1.61E-20
  7.79E-21  3.99E-21  1.86E-21  9.38E-22  4.50E-22  2.24E-22  1.12E-22  5.68E-23
  3.02E-23  1.57E-23  8.73E-24  5.28E-24  3.42E-24  2.44E-24  1.91E-24  1.55E-24
   68.021255984139685     
  4.66E-09  1.12E-03  2.40E-04  4.80E-05  1.81E-05  6.27E-06  1.57E-06  5.22E-07
  2.07E-07  1.01E-07  3.51E-08  1.48E-08  6.46E-09  2.84E-09  1.19E-09  5.01E-10
  2.34E-10  9.46E-11  4.07E-11  1.72E-11  8.01E-12  3.61E-12  1.52E-12  7.23E-13
  3.16E-13  1.61E-13  6.81E-14  3.32E-14  1.55E-14  7.14E-15  3.51E-15  1.64E-15
  8.09E-16  3.72E-16  1.82E-16  8.14E-17  4.03E-17  1.89E-17  9.09E-18  4.11E-18
  1.98E-18  9.69E-19  4.48E-19  2.24E-19  1.01E-19  5.04E-20  2.33E-20  1.15E-20
  5.45E-21  2.78E-21  1.30E-21  6.25E-22  3.06E-22  1.52E-22  7.56E-23  3.79E-23
  2.04E-23  1.08E-23  6.02E-24  3.70E-24  2.46E-24  1.80E-24  1.46E-24  1.19E-24
   70.014562322575657     
  7.17E-09  1.12E-03  2.22E-04  4.30E-05  1.62E-05  5.67E-06  1.35E-06  4.58E-07
  1.74E-07  8.61E-08  2.99E-08  1.25E-08  5.42E-09  2.38E-09  1.01E-09  4.29E-10
  2.04E-10  8.22E-11  3.55E-11  1.49E-11  7.19E-12  3.19E-12  1.38E-12  6.62E-13
  2.93E-13  1.51E-13  6.17E-14  3.11E-14  1.40E-14  6.61E-15  3.10E-15  1.47E-15
  7.34E-16  3.25E-16  1.65E-16  7.05E-17  3.58E-17  1.66E-17  7.88E-18  3.56E-18
  1.70E-18  8.32E-19  3.82E-19  1.91E-19  8.41E-20  4.28E-20  1.92E-20  9.47E-21
  4.50E-21  2.24E-21  1.07E-21  4.93E-22  2.50E-22  1.21E-22  6.01E-23  2.99E-23
  1.60E-23  8.56E-24  4.71E-24  2.93E-24  1.94E-24  1.42E-24  1.15E-24  9.52E-25
   72.017563490346575     
  1.17E-08  1.10E-03  2.05E-04  3.81E-05  1.47E-05  5.07E-06  1.15E-06  4.05E-07
  1.49E-07  7.26E-08  2.50E-08  1.04E-08  4.71E-09  2.04E-09  8.70E-10  3.59E-10
  1.71E-10  7.29E-11  3.09E-11  1.26E-11  6.39E-12  2.81E-12  1.24E-12  5.96E-13
  2.66E-13  1.37E-13  5.55E-14  2.87E-14  1.27E-14  6.07E-15  2.79E-15  1.32E-15
  6.55E-16  2.83E-16  1.43E-16  6.20E-17  3.07E-17  1.42E-17  6.52E-18  3.02E-18
  1.44E-18  6.93E-19  3.10E-19  1.54E-19  6.90E-20  3.35E-20  1.51E-20  7.31E-21
  3.51E-21  1.69E-21  7.97E-22  3.63E-22  1.87E-22  8.80E-23  4.30E-23  2.16E-23
  1.18E-23  6.51E-24  3.80E-24  2.53E-24  1.84E-24  1.44E-24  1.23E-24  1.06E-24
   74.021002804499091     
  1.35E-08  1.07E-03  1.90E-04  3.35E-05  1.34E-05  4.44E-06  9.92E-07  3.44E-07
  1.32E-07  6.12E-08  2.06E-08  8.71E-09  4.03E-09  1.77E-09  7.38E-10  3.10E-10
  1.47E-10  6.08E-11  2.69E-11  1.08E-11  5.45E-12  2.43E-12  1.09E-12  5.37E-13
  2.35E-13  1.19E-13  4.96E-14  2.42E-14  1.12E-14  5.17E-15  2.37E-15  1.14E-15
  5.29E-16  2.40E-16  1.13E-16  5.01E-17  2.38E-17  1.11E-17  4.98E-18  2.27E-18
  1.11E-18  5.01E-19  2.23E-19  1.09E-19  4.81E-20  2.26E-20  1.01E-20  4.84E-21
  2.24E-21  1.08E-21  4.82E-22  2.21E-22  1.12E-22  5.15E-23  2.57E-23  1.25E-23
  7.25E-24  4.08E-24  2.61E-24  1.82E-24  1.42E-24  1.16E-24  1.01E-24  8.86E-25
   76.014553856934384     
  1.17E-08  1.04E-03  1.77E-04  2.94E-05  1.21E-05  3.81E-06  8.59E-07  2.82E-07
  1.15E-07  5.31E-08  1.70E-08  7.13E-09  3.33E-09  1.45E-09  6.17E-10  2.55E-10
  1.30E-10  5.10E-11  2.11E-11  8.81E-12  4.31E-12  1.96E-12  8.65E-13  4.22E-13
  1.92E-13  9.42E-14  4.12E-14  1.86E-14  8.82E-15  3.96E-15  1.77E-15  8.48E-16
  3.66E-16  1.76E-16  7.98E-17  3.47E-17  1.62E-17  7.56E-18  3.28E-18  1.49E-18
  7.08E-19  3.19E-19  1.36E-19  6.50E-20  2.73E-20  1.29E-20  5.53E-21  2.59E-21
  1.16E-21  5.43E-22  2.44E-22  1.08E-22  5.28E-23  2.44E-23  1.21E-23  6.11E-24
  3.59E-24  2.22E-24  1.56E-24  1.19E-24  1.01E-24  8.73E-25  7.94E-25  7.16E-25
   78.020736381372458     
  4.78E-09  1.00E-03  1.66E-04  2.60E-05  1.06E-05  3.25E-06  7.52E-07  2.34E-07
  9.60E-08  4.61E-08  1.43E-08  5.78E-09  2.72E-09  1.13E-09  5.00E-10  2.06E-10
  1.06E-10  4.42E-11  1.79E-11  7.19E-12  3.32E-12  1.47E-12  6.45E-13  3.06E-13
  1.40E-13  6.74E-14  3.15E-14  1.42E-14  6.60E-15  2.94E-15  1.32E-15  6.10E-16
  2.63E-16  1.22E-16  5.41E-17  2.32E-17  1.05E-17  4.76E-18  2.06E-18  9.28E-19
  4.41E-19  2.00E-19  8.74E-20  4.09E-20  1.74E-20  8.11E-21  3.30E-21  1.51E-21
  6.52E-22  2.87E-22  1.28E-22  5.60E-23  2.65E-23  1.25E-23  6.07E-24  3.14E-24
  1.80E-24  1.14E-24  7.85E-25  6.11E-25  5.17E-25  4.47E-25  4.07E-25  3.65E-25
   80.014671732095223     
  6.16E-09  9.49E-04  1.57E-04  2.34E-05  9.32E-06  2.77E-06  6.67E-07  2.06E-07
  7.91E-08  3.91E-08  1.26E-08  4.90E-09  2.29E-09  9.22E-10  4.05E-10  1.70E-10
  8.54E-11  3.67E-11  1.58E-11  6.67E-12  3.02E-12  1.27E-12  5.19E-13  2.33E-13
  1.05E-13  5.08E-14  2.32E-14  1.06E-14  5.17E-15  2.41E-15  1.14E-15  5.27E-16
  2.34E-16  1.06E-16  4.71E-17  2.01E-17  8.87E-18  3.89E-18  1.70E-18  7.31E-19
  3.37E-19  1.53E-19  6.68E-20  3.18E-20  1.47E-20  7.07E-21  3.16E-21  1.49E-21
  6.89E-22  3.16E-22  1.34E-22  5.70E-23  2.52E-23  1.09E-23  4.94E-24  2.33E-24
  1.28E-24  7.60E-25  4.97E-25  3.74E-25  3.03E-25  2.56E-25  2.33E-25  2.05E-25
   82.019724039995324     
  3.32E-09  9.02E-04  1.49E-04  2.13E-05  8.09E-06  2.34E-06  5.90E-07  1.90E-07
  6.62E-08  3.29E-08  1.10E-08  4.38E-09  1.97E-09  8.14E-10  3.38E-10  1.40E-10
  7.31E-11  3.13E-11  1.37E-11  5.94E-12  2.87E-12  1.31E-12  5.31E-13  2.37E-13
  9.73E-14  4.42E-14  2.02E-14  9.05E-15  4.44E-15  2.05E-15  9.99E-16  4.88E-16
  2.29E-16  1.15E-16  5.13E-17  2.30E-17  1.02E-17  4.45E-18  1.94E-18  8.42E-19
  3.80E-19  1.75E-19  7.59E-20  3.53E-20  1.61E-20  7.68E-21  3.41E-21  1.68E-21
  7.98E-22  3.82E-22  1.76E-22  8.44E-23  3.91E-23  1.80E-23  8.29E-24  3.80E-24
  1.87E-24  9.70E-25  5.35E-25  3.51E-25  2.61E-25  2.08E-25  1.83E-25  1.62E-25
   84.015481132240240     
  4.03E-09  8.39E-04  1.41E-04  1.97E-05  6.97E-06  1.97E-06  5.12E-07  1.75E-07
  5.75E-08  2.77E-08  9.38E-09  3.88E-09  1.69E-09  7.08E-10  2.86E-10  1.17E-10
  5.81E-11  2.58E-11  1.17E-11  5.06E-12  2.40E-12  1.12E-12  4.78E-13  2.22E-13
  9.63E-14  4.24E-14  1.82E-14  7.77E-15  3.65E-15  1.67E-15  8.00E-16  3.84E-16
  1.78E-16  8.84E-17  4.13E-17  1.95E-17  9.30E-18  4.10E-18  1.81E-18  7.82E-19
  3.41E-19  1.52E-19  6.42E-20  3.01E-20  1.35E-20  6.30E-21  2.81E-21  1.34E-21
  6.55E-22  3.06E-22  1.41E-22  6.64E-23  3.12E-23  1.42E-23  6.60E-24  3.18E-24
  1.57E-24  8.24E-25  4.65E-25  3.01E-25  2.18E-25  1.72E-25  1.48E-25  1.29E-25
   86.014750048610779     
  2.28E-09  7.87E-04  1.32E-04  1.81E-05  6.01E-06  1.68E-06  4.37E-07  1.54E-07
  5.08E-08  2.34E-08  7.94E-09  3.24E-09  1.39E-09  5.80E-10  2.31E-10  9.24E-11
  4.32E-11  1.86E-11  8.27E-12  3.71E-12  1.78E-12  8.17E-13  3.36E-13  1.50E-13
  6.58E-14  2.92E-14  1.33E-14  5.37E-15  2.40E-15  1.01E-15  4.56E-16  2.11E-16
  9.65E-17  4.72E-17  2.14E-17  9.66E-18  4.53E-18  2.02E-18  9.32E-19  4.08E-19
  1.83E-19  7.93E-20  3.20E-20  1.41E-20  6.12E-21  2.72E-21  1.17E-21  5.52E-22
  2.54E-22  1.14E-22  5.23E-23  2.42E-23  1.15E-23  5.35E-24  2.52E-24  1.25E-24
  6.29E-25  3.55E-25  2.15E-25  1.54E-25  1.22E-25  1.03E-25  9.11E-26  8.10E-26
   88.016479110776132     
  2.17E-09  7.36E-04  1.24E-04  1.66E-05  5.22E-06  1.46E-06  3.72E-07  1.33E-07
  4.51E-08  2.02E-08  6.83E-09  2.64E-09  1.13E-09  4.58E-10  1.85E-10  7.16E-11
  3.30E-11  1.33E-11  5.57E-12  2.45E-12  1.19E-12  5.55E-13  2.25E-13  9.89E-14
  4.06E-14  1.74E-14  7.69E-15  3.13E-15  1.43E-15  5.76E-16  2.49E-16  1.06E-16
  4.50E-17  2.09E-17  9.39E-18  4.24E-18  1.92E-18  8.14E-19  3.65E-19  1.54E-19
  6.96E-20  3.09E-20  1.27E-20  5.57E-21  2.34E-21  9.96E-22  4.02E-22  1.82E-22
  8.17E-23  3.60E-23  1.58E-23  7.12E-24  3.25E-24  1.46E-24  7.16E-25  3.77E-25
  2.19E-25  1.48E-25  1.06E-25  8.54E-26  7.46E-26  6.52E-26  5.92E-26  5.36E-26
   90.019025640046564     
  2.92E-09  6.76E-04  1.16E-04  1.53E-05  4.58E-06  1.29E-06  3.17E-07  1.14E-07
  3.99E-08  1.78E-08  6.02E-09  2.23E-09  9.53E-10  3.66E-10  1.51E-10  5.73E-11
  2.70E-11  1.06E-11  4.14E-12  1.73E-12  8.16E-13  3.68E-13  1.53E-13  6.94E-14
  2.87E-14  1.21E-14  5.00E-15  1.98E-15  8.55E-16  3.55E-16  1.55E-16  6.56E-17
  2.63E-17  1.16E-17  4.79E-18  2.01E-18  8.99E-19  3.82E-19  1.70E-19  6.99E-20
  3.05E-20  1.28E-20  5.20E-21  2.25E-21  9.71E-22  4.24E-22  1.69E-22  7.48E-23
  3.14E-23  1.32E-23  5.80E-24  2.56E-24  1.23E-24  5.88E-25  3.14E-25  1.86E-25
  1.23E-25  9.33E-26  7.34E-26  6.35E-26  5.72E-26  5.16E-26  4.80E-26  4.31E-26
   92.021931397961879     
  1.24E-09  6.27E-04  1.08E-04  1.40E-05  4.05E-06  1.14E-06  2.73E-07  9.92E-08
  3.48E-08  1.59E-08  5.35E-09  1.96E-09  8.31E-10  3.07E-10  1.24E-10  4.71E-11
  2.22E-11  9.02E-12  3.45E-12  1.39E-12  6.16E-13  2.63E-13  1.06E-13  4.74E-14
  2.04E-14  8.88E-15  3.74E-15  1.48E-15  6.23E-16  2.47E-16  1.03E-16  4.40E-17
  1.80E-17  7.93E-18  3.33E-18  1.36E-18  5.64E-19  2.31E-19  9.95E-20  4.05E-20
  1.75E-20  7.45E-21  2.98E-21  1.24E-21  5.11E-22  2.22E-22  8.73E-23  3.91E-23
  1.72E-23  7.32E-24  3.28E-24  1.40E-24  6.99E-25  3.45E-25  2.04E-25  1.32E-25
  9.73E-26  7.88E-26  6.59E-26  5.64E-26  5.17E-26  4.69E-26  4.31E-26  3.91E-26
   94.014462801550081     
  1.65E-09  5.73E-04  1.01E-04  1.29E-05  3.62E-06  1.01E-06  2.37E-07  8.66E-08
  3.02E-08  1.40E-08  4.71E-09  1.72E-09  7.32E-10  2.70E-10  1.06E-10  4.00E-11
  1.86E-11  7.76E-12  3.04E-12  1.23E-12  5.35E-13  2.33E-13  8.93E-14  3.89E-14
  1.60E-14  7.10E-15  2.98E-15  1.27E-15  5.51E-16  2.27E-16  9.62E-17  4.07E-17
  1.64E-17  7.05E-18  2.98E-18  1.24E-18  5.30E-19  2.23E-19  9.87E-20  4.05E-20
  1.76E-20  7.52E-21  3.01E-21  1.29E-21  5.14E-22  2.25E-22  8.73E-23  3.79E-23
  1.65E-23  7.19E-24  3.23E-24  1.45E-24  7.17E-25  3.76E-25  2.13E-25  1.36E-25
  1.02E-25  7.96E-26  6.74E-26  5.80E-26  5.33E-26  4.76E-26  4.41E-26  4.05E-26
   96.021128518135583     
  2.18E-09  5.21E-04  9.23E-05  1.17E-05  3.24E-06  9.01E-07  2.06E-07  7.53E-08
  2.63E-08  1.22E-08  4.07E-09  1.48E-09  6.26E-10  2.38E-10  9.27E-11  3.50E-11
  1.64E-11  6.73E-12  2.71E-12  1.13E-12  4.95E-13  2.26E-13  8.72E-14  3.86E-14
  1.58E-14  6.95E-15  2.93E-15  1.24E-15  5.50E-16  2.40E-16  1.04E-16  4.68E-17
  1.94E-17  8.70E-18  3.56E-18  1.50E-18  6.34E-19  2.64E-19  1.18E-19  4.90E-20
  2.20E-20  9.82E-21  4.01E-21  1.83E-21  7.42E-22  3.23E-22  1.29E-22  5.38E-23
  2.31E-23  9.78E-24  4.22E-24  1.83E-24  8.65E-25  4.27E-25  2.21E-25  1.31E-25
  8.64E-26  6.27E-26  4.96E-26  4.08E-26  3.63E-26  3.24E-26  3.00E-26  2.75E-26
   98.018460000208265     
  2.22E-09  4.82E-04  8.42E-05  1.06E-05  2.91E-06  8.05E-07  1.81E-07  6.55E-08
  2.30E-08  1.06E-08  3.46E-09  1.27E-09  5.22E-10  2.04E-10  7.96E-11  3.03E-11
  1.45E-11  5.76E-12  2.35E-12  9.93E-13  4.36E-13  2.05E-13  8.11E-14  3.66E-14
  1.54E-14  6.70E-15  2.89E-15  1.18E-15  5.39E-16  2.31E-16  1.02E-16  4.68E-17
  1.99E-17  9.28E-18  3.87E-18  1.68E-18  7.28E-19  3.00E-19  1.35E-19  5.46E-20
  2.48E-20  1.09E-20  4.51E-21  2.13E-21  8.89E-22  3.98E-22  1.65E-22  6.97E-23
  3.09E-23  1.27E-23  5.39E-24  2.27E-24  1.01E-24  4.60E-25  2.22E-25  1.21E-25
  7.23E-26  4.91E-26  3.62E-26  2.91E-26  2.51E-26  2.22E-26  2.02E-26  1.85E-26
   100.01578541434814     
  3.32E-09  4.36E-04  7.69E-05  9.67E-06  2.62E-06  7.20E-07  1.61E-07  5.76E-08
  2.02E-08  9.17E-09  2.92E-09  1.09E-09  4.33E-10  1.71E-10  6.66E-11  2.55E-11
  1.24E-11  4.80E-12  1.97E-12  8.23E-13  3.57E-13  1.72E-13  6.84E-14  3.15E-14
  1.36E-14  5.87E-15  2.57E-15  1.04E-15  4.80E-16  1.99E-16  9.00E-17  4.06E-17
  1.74E-17  8.32E-18  3.49E-18  1.56E-18  6.94E-19  2.90E-19  1.33E-19  5.35E-20
  2.45E-20  1.05E-20  4.33E-21  2.03E-21  8.61E-22  3.92E-22  1.65E-22  7.24E-23
  3.29E-23  1.36E-23  5.87E-24  2.51E-24  1.09E-24  4.79E-25  2.22E-25  1.16E-25
  6.51E-26  4.35E-26  3.07E-26  2.48E-26  2.12E-26  1.88E-26  1.73E-26  1.55E-26
   102.01320806538222     
  2.23E-09  3.96E-04  7.06E-05  8.79E-06  2.39E-06  6.47E-07  1.44E-07  5.11E-08
  1.79E-08  7.90E-09  2.49E-09  9.40E-10  3.62E-10  1.43E-10  5.50E-11  2.12E-11
  1.04E-11  3.97E-12  1.62E-12  6.66E-13  2.84E-13  1.38E-13  5.44E-14  2.53E-14
  1.12E-14  4.81E-15  2.13E-15  8.57E-16  3.98E-16  1.63E-16  7.37E-17  3.26E-17
  1.40E-17  6.71E-18  2.80E-18  1.27E-18  5.68E-19  2.42E-19  1.12E-19  4.55E-20
  2.11E-20  8.93E-21  3.69E-21  1.70E-21  7.21E-22  3.30E-22  1.36E-22  6.20E-23
  2.84E-23  1.20E-23  5.28E-24  2.33E-24  1.01E-24  4.47E-25  2.03E-25  1.04E-25
  5.67E-26  3.63E-26  2.53E-26  2.04E-26  1.72E-26  1.50E-26  1.38E-26  1.24E-26
   104.02312918987752     
  6.97E-10  3.61E-04  6.48E-05  8.00E-06  2.19E-06  5.79E-07  1.29E-07  4.52E-08
  1.60E-08  6.78E-09  2.12E-09  8.10E-10  3.05E-10  1.20E-10  4.50E-11  1.75E-11
  8.47E-12  3.26E-12  1.33E-12  5.36E-13  2.29E-13  1.08E-13  4.23E-14  1.96E-14
  8.64E-15  3.73E-15  1.66E-15  6.70E-16  3.10E-16  1.27E-16  5.67E-17  2.47E-17
  1.06E-17  5.01E-18  2.08E-18  9.41E-19  4.16E-19  1.79E-19  8.19E-20  3.37E-20
  1.57E-20  6.61E-21  2.75E-21  1.25E-21  5.26E-22  2.39E-22  9.68E-23  4.46E-23
  2.01E-23  8.49E-24  3.80E-24  1.69E-24  7.49E-25  3.37E-25  1.59E-25  8.50E-26
  4.89E-26  3.30E-26  2.43E-26  1.95E-26  1.74E-26  1.53E-26  1.41E-26  1.29E-26
   106.02180513614167     
  1.17E-09  3.22E-04  5.91E-05  7.26E-06  2.01E-06  5.15E-07  1.15E-07  3.98E-08
  1.42E-08  5.79E-09  1.79E-09  6.91E-10  2.55E-10  9.90E-11  3.63E-11  1.41E-11
  6.71E-12  2.59E-12  1.06E-12  4.18E-13  1.81E-13  8.22E-14  3.16E-14  1.46E-14
  6.23E-15  2.71E-15  1.19E-15  4.78E-16  2.18E-16  8.96E-17  3.93E-17  1.69E-17
  7.23E-18  3.33E-18  1.38E-18  6.12E-19  2.66E-19  1.15E-19  5.11E-20  2.10E-20
  9.73E-21  4.04E-21  1.69E-21  7.47E-22  3.14E-22  1.42E-22  5.54E-23  2.56E-23
  1.13E-23  4.68E-24  2.10E-24  9.15E-25  4.11E-25  1.87E-25  8.92E-26  4.94E-26
  2.86E-26  2.04E-26  1.49E-26  1.23E-26  1.08E-26  9.44E-27  8.68E-27  7.73E-27
   108.02067161876029     
  7.26E-10  2.95E-04  5.36E-05  6.56E-06  1.85E-06  4.58E-07  1.03E-07  3.50E-08
  1.26E-08  4.94E-09  1.50E-09  5.79E-10  2.09E-10  7.92E-11  2.84E-11  1.09E-11
  5.02E-12  1.93E-12  7.76E-13  3.04E-13  1.32E-13  5.76E-14  2.17E-14  9.92E-15
  4.07E-15  1.78E-15  7.55E-16  3.02E-16  1.35E-16  5.49E-17  2.35E-17  9.99E-18
  4.22E-18  1.89E-18  7.79E-19  3.34E-19  1.43E-19  6.14E-20  2.62E-20  1.08E-20
  4.83E-21  1.99E-21  8.36E-22  3.49E-22  1.47E-22  6.52E-23  2.46E-23  1.13E-23
  4.76E-24  1.97E-24  8.68E-25  3.64E-25  1.65E-25  7.53E-26  3.69E-26  2.10E-26
  1.29E-26  9.71E-27  7.31E-27  6.26E-27  5.59E-27  4.91E-27  4.57E-27  4.10E-27
   110.02059609420029     
  8.55E-10  2.67E-04  4.87E-05  5.93E-06  1.70E-06  4.09E-07  9.28E-08  3.12E-08
  1.11E-08  4.28E-09  1.26E-09  4.85E-10  1.72E-10  6.35E-11  2.24E-11  8.30E-12
  3.69E-12  1.41E-12  5.55E-13  2.17E-13  9.37E-14  3.92E-14  1.45E-14  6.53E-15
  2.60E-15  1.13E-15  4.65E-16  1.84E-16  8.11E-17  3.22E-17  1.35E-17  5.68E-18
  2.33E-18  1.02E-18  4.22E-19  1.73E-19  7.39E-20  3.11E-20  1.29E-20  5.32E-21
  2.27E-21  9.36E-22  3.92E-22  1.55E-22  6.61E-23  2.83E-23  1.05E-23  4.75E-24
  1.92E-24  8.02E-25  3.46E-25  1.44E-25  6.83E-26  3.33E-26  1.84E-26  1.19E-26
  8.38E-27  6.96E-27  5.72E-27  4.89E-27  4.57E-27  4.02E-27  3.75E-27  3.45E-27
   112.02246564548703     
  1.26E-09  2.39E-04  4.45E-05  5.39E-06  1.57E-06  3.67E-07  8.40E-08  2.81E-08
  9.83E-09  3.77E-09  1.08E-09  4.12E-10  1.45E-10  5.21E-11  1.83E-11  6.53E-12
  2.80E-12  1.07E-12  4.10E-13  1.61E-13  6.91E-14  2.80E-14  1.03E-14  4.53E-15
  1.78E-15  7.65E-16  3.07E-16  1.20E-16  5.26E-17  2.05E-17  8.49E-18  3.57E-18
  1.43E-18  6.19E-19  2.56E-19  1.02E-19  4.38E-20  1.80E-20  7.43E-21  3.07E-21
  1.25E-21  5.28E-22  2.17E-22  8.37E-23  3.60E-23  1.50E-23  5.59E-24  2.49E-24
  9.87E-25  4.22E-25  1.80E-25  7.67E-26  3.92E-26  2.07E-26  1.31E-26  9.24E-27
  7.16E-27  6.14E-27  5.15E-27  4.49E-27  4.00E-27  3.58E-27  3.28E-27  2.96E-27
   114.01351508099116     
  3.19E-10  2.19E-04  4.08E-05  4.90E-06  1.45E-06  3.28E-07  7.61E-08  2.54E-08
  8.75E-09  3.37E-09  9.34E-10  3.53E-10  1.24E-10  4.33E-11  1.52E-11  5.29E-12
  2.20E-12  8.41E-13  3.15E-13  1.24E-13  5.33E-14  2.10E-14  7.79E-15  3.37E-15
  1.30E-15  5.60E-16  2.20E-16  8.64E-17  3.76E-17  1.45E-17  6.02E-18  2.52E-18
  9.94E-19  4.32E-19  1.78E-19  7.01E-20  3.03E-20  1.22E-20  5.11E-21  2.09E-21
  8.38E-22  3.61E-22  1.45E-22  5.61E-23  2.41E-23  9.85E-24  3.76E-24  1.63E-24
  6.51E-25  2.85E-25  1.19E-25  5.35E-26  2.81E-26  1.56E-26  1.05E-26  7.77E-27
  6.28E-27  5.44E-27  4.65E-27  4.14E-27  3.78E-27  3.41E-27  3.14E-27  2.87E-27
   116.01595922425747     
  2.34E-10  1.96E-04  3.73E-05  4.45E-06  1.34E-06  2.94E-07  6.91E-08  2.29E-08
  7.77E-09  3.02E-09  8.13E-10  3.02E-10  1.07E-10  3.61E-11  1.27E-11  4.32E-12
  1.75E-12  6.67E-13  2.45E-13  9.56E-14  4.08E-14  1.58E-14  5.89E-15  2.51E-15
  9.52E-16  4.09E-16  1.57E-16  6.19E-17  2.65E-17  1.01E-17  4.23E-18  1.73E-18
  6.82E-19  2.94E-19  1.20E-19  4.72E-20  2.02E-20  7.91E-21  3.40E-21  1.35E-21
  5.41E-22  2.34E-22  9.15E-23  3.59E-23  1.51E-23  6.14E-24  2.40E-24  9.98E-25
  4.11E-25  1.81E-25  7.63E-26  3.58E-26  1.97E-26  1.19E-26  8.29E-27  6.54E-27
  5.42E-27  4.78E-27  4.10E-27  3.69E-27  3.40E-27  3.04E-27  2.81E-27  2.55E-27
   118.01913850375709     
  4.40E-10  1.77E-04  3.39E-05  4.02E-06  1.24E-06  2.65E-07  6.29E-08  2.07E-08
  6.87E-09  2.68E-09  7.10E-10  2.59E-10  9.20E-11  3.02E-11  1.05E-11  3.54E-12
  1.40E-12  5.25E-13  1.89E-13  7.32E-14  3.06E-14  1.16E-14  4.32E-15  1.80E-15
  6.71E-16  2.85E-16  1.07E-16  4.23E-17  1.76E-17  6.67E-18  2.77E-18  1.11E-18
  4.35E-19  1.84E-19  7.42E-20  2.91E-20  1.22E-20  4.70E-21  2.03E-21  7.83E-22
  3.14E-22  1.34E-22  5.16E-23  2.03E-23  8.32E-24  3.41E-24  1.33E-24  5.40E-25
  2.26E-25  9.92E-26  4.27E-26  2.04E-26  1.19E-26  7.46E-27  5.47E-27  4.37E-27
  3.59E-27  3.22E-27  2.74E-27  2.43E-27  2.22E-27  1.97E-27  1.82E-27  1.67E-27
   120.01235475510678     
  2.14E-10  1.64E-04  3.08E-05  3.64E-06  1.14E-06  2.40E-07  5.72E-08  1.87E-08
  6.06E-09  2.36E-09  6.19E-10  2.22E-10  7.92E-11  2.54E-11  8.69E-12  2.90E-12
  1.13E-12  4.13E-13  1.46E-13  5.58E-14  2.28E-14  8.60E-15  3.14E-15  1.28E-15
  4.72E-16  1.97E-16  7.27E-17  2.89E-17  1.17E-17  4.42E-18  1.82E-18  7.15E-19
  2.80E-19  1.15E-19  4.68E-20  1.82E-20  7.49E-21  2.87E-21  1.24E-21  4.70E-22
  1.87E-22  7.90E-23  3.04E-23  1.19E-23  4.77E-24  1.98E-24  7.62E-25  3.08E-25
  1.29E-25  5.70E-26  2.49E-26  1.23E-26  7.26E-27  4.85E-27  3.59E-27  2.92E-27
  2.47E-27  2.17E-27  1.89E-27  1.68E-27  1.52E-27  1.37E-27  1.28E-27  1.15E-27
   122.01844022908587     
  6.50E-10  1.46E-04  2.81E-05  3.30E-06  1.05E-06  2.18E-07  5.22E-08  1.71E-08
  5.37E-09  2.08E-09  5.40E-10  1.90E-10  6.82E-11  2.14E-11  7.17E-12  2.37E-12
  9.11E-13  3.26E-13  1.14E-13  4.27E-14  1.72E-14  6.38E-15  2.31E-15  9.18E-16
  3.35E-16  1.38E-16  5.04E-17  2.01E-17  7.97E-18  3.00E-18  1.23E-18  4.78E-19
  1.86E-19  7.57E-20  3.07E-20  1.19E-20  4.83E-21  1.85E-21  7.98E-22  2.99E-22
  1.18E-22  4.94E-23  1.90E-23  7.34E-24  2.92E-24  1.22E-24  4.65E-25  1.88E-25
  7.97E-26  3.58E-26  1.66E-26  8.60E-27  5.48E-27  3.98E-27  3.09E-27  2.52E-27
  2.23E-27  1.97E-27  1.71E-27  1.58E-27  1.43E-27  1.31E-27  1.24E-27  1.12E-27
   124.01325541857372     
  5.50E-10  1.34E-04  2.57E-05  3.00E-06  9.61E-07  1.98E-07  4.80E-08  1.55E-08
  4.78E-09  1.84E-09  4.74E-10  1.64E-10  5.89E-11  1.82E-11  5.96E-12  1.96E-12
  7.50E-13  2.64E-13  8.99E-14  3.36E-14  1.34E-14  4.88E-15  1.76E-15  6.88E-16
  2.49E-16  1.01E-16  3.68E-17  1.47E-17  5.73E-18  2.16E-18  8.81E-19  3.40E-19
  1.31E-19  5.25E-20  2.14E-20  8.25E-21  3.30E-21  1.26E-21  5.41E-22  2.02E-22
  7.86E-23  3.27E-23  1.26E-23  4.81E-24  1.89E-24  7.97E-25  3.01E-25  1.22E-25
  5.25E-26  2.41E-26  1.19E-26  6.45E-27  4.39E-27  3.26E-27  2.56E-27  2.16E-27
  1.80E-27  1.65E-27  1.37E-27  1.23E-27  1.12E-27  9.72E-28  9.13E-28  8.07E-28
   126.02013877610948     
  6.14E-11  1.23E-04  2.35E-05  2.72E-06  8.84E-07  1.81E-07  4.41E-08  1.41E-08
  4.26E-09  1.63E-09  4.18E-10  1.42E-10  5.13E-11  1.57E-11  5.04E-12  1.64E-12
  6.31E-13  2.21E-13  7.35E-14  2.74E-14  1.09E-14  3.90E-15  1.40E-15  5.44E-16
  1.95E-16  7.82E-17  2.85E-17  1.13E-17  4.35E-18  1.66E-18  6.63E-19  2.57E-19
  9.77E-20  3.84E-20  1.58E-20  6.03E-21  2.38E-21  9.09E-22  3.88E-22  1.44E-22
  5.53E-23  2.30E-23  8.88E-24  3.33E-24  1.30E-24  5.52E-25  2.07E-25  8.55E-26
  3.72E-26  1.83E-26  9.42E-27  5.69E-27  4.10E-27  3.18E-27  2.56E-27  2.18E-27
  1.87E-27  1.66E-27  1.43E-27  1.25E-27  1.14E-27  1.00E-27  9.15E-28  8.22E-28
   128.01518219856007     
  2.35E-10  1.10E-04  2.14E-05  2.45E-06  8.12E-07  1.65E-07  4.04E-08  1.27E-08
  3.77E-09  1.44E-09  3.68E-10  1.24E-10  4.48E-11  1.36E-11  4.29E-12  1.38E-12
  5.31E-13  1.85E-13  6.07E-14  2.24E-14  8.88E-15  3.13E-15  1.10E-15  4.30E-16
  1.53E-16  6.01E-17  2.20E-17  8.64E-18  3.28E-18  1.26E-18  4.95E-19  1.92E-19
  7.21E-20  2.80E-20  1.15E-20  4.36E-21  1.70E-21  6.43E-22  2.77E-22  1.02E-22
  3.84E-23  1.61E-23  6.19E-24  2.29E-24  8.88E-25  3.77E-25  1.41E-25  5.78E-26
  2.55E-26  1.28E-26  6.86E-27  4.17E-27  3.17E-27  2.47E-27  2.04E-27  1.74E-27
  1.52E-27  1.37E-27  1.18E-27  1.08E-27  9.68E-28  8.77E-28  8.25E-28  7.37E-28
   130.02237862877911     
  1.56E-10  1.03E-04  1.95E-05  2.21E-06  7.42E-07  1.50E-07  3.70E-08  1.15E-08
  3.32E-09  1.26E-09  3.23E-10  1.08E-10  3.89E-11  1.15E-11  3.61E-12  1.14E-12
  4.38E-13  1.51E-13  4.90E-14  1.77E-14  6.95E-15  2.43E-15  8.32E-16  3.23E-16
  1.15E-16  4.36E-17  1.60E-17  6.25E-18  2.33E-18  8.85E-19  3.45E-19  1.33E-19
  4.91E-20  1.89E-20  7.73E-21  2.90E-21  1.12E-21  4.16E-22  1.80E-22  6.53E-23
  2.41E-23  1.01E-23  3.88E-24  1.41E-24  5.39E-25  2.29E-25  8.51E-26  3.46E-26
  1.52E-26  7.83E-27  4.24E-27  2.68E-27  2.08E-27  1.66E-27  1.40E-27  1.21E-27
  1.07E-27  9.75E-28  8.67E-28  7.85E-28  7.30E-28  6.70E-28  6.34E-28  5.87E-28
   132.01886960199536     
  1.50E-10  9.46E-05  1.77E-05  2.00E-06  6.80E-07  1.38E-07  3.41E-08  1.04E-08
  2.94E-09  1.11E-09  2.84E-10  9.36E-11  3.38E-11  9.76E-12  3.02E-12  9.45E-13
  3.58E-13  1.21E-13  3.93E-14  1.39E-14  5.33E-15  1.86E-15  6.17E-16  2.35E-16
  8.43E-17  3.10E-17  1.13E-17  4.40E-18  1.61E-18  5.99E-19  2.33E-19  8.86E-20
  3.21E-20  1.23E-20  4.99E-21  1.83E-21  7.02E-22  2.56E-22  1.11E-22  3.96E-23
  1.44E-23  5.97E-24  2.28E-24  8.14E-25  3.08E-25  1.31E-25  4.87E-26  2.01E-26
  9.20E-27  5.14E-27  3.01E-27  2.05E-27  1.68E-27  1.36E-27  1.15E-27  1.02E-27
  8.88E-28  8.02E-28  7.15E-28  6.40E-28  5.84E-28  5.34E-28  5.02E-28  4.53E-28
   134.01630050906024     
  3.70E-10  8.58E-05  1.62E-05  1.81E-06  6.23E-07  1.27E-07  3.14E-08  9.49E-09
  2.60E-09  9.85E-10  2.51E-10  8.22E-11  2.96E-11  8.35E-12  2.55E-12  7.96E-13
  2.99E-13  9.94E-14  3.23E-14  1.13E-14  4.17E-15  1.47E-15  4.80E-16  1.78E-16
  6.44E-17  2.33E-17  8.29E-18  3.23E-18  1.18E-18  4.26E-19  1.66E-19  6.31E-20
  2.23E-20  8.49E-21  3.44E-21  1.24E-21  4.69E-22  1.70E-22  7.26E-23  2.57E-23
  9.23E-24  3.79E-24  1.43E-24  5.09E-25  1.90E-25  8.15E-26  3.09E-26  1.33E-26
  6.54E-27  3.94E-27  2.53E-27  1.80E-27  1.51E-27  1.24E-27  1.05E-27  9.33E-28
  8.16E-28  7.35E-28  6.51E-28  5.85E-28  5.35E-28  4.93E-28  4.51E-28  4.14E-28
   136.01387709327088     
  9.86E-11  8.14E-05  1.48E-05  1.64E-06  5.71E-07  1.17E-07  2.89E-08  8.63E-09
  2.32E-09  8.78E-10  2.24E-10  7.27E-11  2.61E-11  7.23E-12  2.19E-12  6.85E-13
  2.56E-13  8.34E-14  2.72E-14  9.46E-15  3.39E-15  1.20E-15  3.93E-16  1.41E-16
  5.11E-17  1.87E-17  6.49E-18  2.47E-18  9.18E-19  3.23E-19  1.24E-19  4.78E-20
  1.66E-20  6.22E-21  2.52E-21  8.95E-22  3.35E-22  1.20E-22  5.12E-23  1.78E-23
  6.36E-24  2.58E-24  9.73E-25  3.43E-25  1.27E-25  5.47E-26  2.11E-26  9.20E-27
  4.83E-27  2.99E-27  2.08E-27  1.53E-27  1.27E-27  1.07E-27  8.94E-28  7.72E-28
  6.66E-28  6.00E-28  5.07E-28  4.51E-28  4.05E-28  3.53E-28  3.27E-28  2.85E-28
   138.02297955048169     
  3.72E-11  7.34E-05  1.35E-05  1.48E-06  5.22E-07  1.07E-07  2.66E-08  7.82E-09
  2.06E-09  7.83E-10  1.99E-10  6.45E-11  2.30E-11  6.28E-12  1.88E-12  5.90E-13
  2.20E-13  7.03E-14  2.29E-14  7.93E-15  2.77E-15  9.75E-16  3.20E-16  1.14E-16
  4.01E-17  1.48E-17  5.08E-18  1.87E-18  7.01E-19  2.44E-19  9.14E-20  3.51E-20
  1.21E-20  4.46E-21  1.79E-21  6.32E-22  2.33E-22  8.23E-23  3.49E-23  1.20E-23
  4.21E-24  1.70E-24  6.37E-25  2.22E-25  8.18E-26  3.52E-26  1.36E-26  6.04E-27
  3.29E-27  2.09E-27  1.50E-27  1.12E-27  9.39E-28  7.94E-28  6.65E-28  5.73E-28
  4.96E-28  4.47E-28  3.78E-28  3.39E-28  3.03E-28  2.67E-28  2.46E-28  2.18E-28
   140.02046330020622     
  1.07E-10  6.82E-05  1.24E-05  1.34E-06  4.80E-07  9.86E-08  2.44E-08  7.09E-09
  1.83E-09  6.97E-10  1.77E-10  5.71E-11  2.02E-11  5.43E-12  1.61E-12  5.03E-13
  1.88E-13  5.86E-14  1.88E-14  6.50E-15  2.24E-15  7.65E-16  2.51E-16  8.89E-17
  3.02E-17  1.12E-17  3.80E-18  1.35E-18  5.05E-19  1.75E-19  6.42E-20  2.43E-20
  8.36E-21  3.03E-21  1.19E-21  4.20E-22  1.52E-22  5.29E-23  2.23E-23  7.56E-24
  2.61E-24  1.04E-24  3.89E-25  1.34E-25  4.88E-26  2.10E-26  8.21E-27  3.78E-27
  2.14E-27  1.45E-27  1.06E-27  8.50E-28  7.29E-28  6.29E-28  5.51E-28  4.82E-28
  4.39E-28  4.00E-28  3.56E-28  3.28E-28  3.10E-28  2.87E-28  2.68E-28  2.53E-28
   142.01863607995554     
  2.16E-11  6.47E-05  1.13E-05  1.21E-06  4.42E-07  9.09E-08  2.25E-08  6.45E-09
  1.63E-09  6.23E-10  1.58E-10  5.06E-11  1.77E-11  4.71E-12  1.38E-12  4.27E-13
  1.60E-13  4.87E-14  1.52E-14  5.24E-15  1.79E-15  5.87E-16  1.91E-16  6.84E-17
  2.22E-17  8.12E-18  2.76E-18  9.57E-19  3.49E-19  1.21E-19  4.37E-20  1.61E-20
  5.53E-21  1.99E-21  7.64E-22  2.65E-22  9.58E-23  3.26E-23  1.35E-23  4.55E-24
  1.55E-24  6.10E-25  2.26E-25  7.71E-26  2.82E-26  1.24E-26  5.15E-27  2.63E-27
  1.65E-27  1.24E-27  9.67E-28  7.87E-28  6.94E-28  6.10E-28  5.36E-28  4.77E-28
  4.36E-28  4.05E-28  3.68E-28  3.46E-28  3.26E-28  3.11E-28  3.02E-28  2.84E-28
   144.01774768715117     
  1.72E-10  5.82E-05  1.03E-05  1.10E-06  4.06E-07  8.37E-08  2.07E-08  5.88E-09
  1.46E-09  5.56E-10  1.42E-10  4.52E-11  1.56E-11  4.11E-12  1.18E-12  3.61E-13
  1.36E-13  4.08E-14  1.24E-14  4.23E-15  1.46E-15  4.56E-16  1.46E-16  5.33E-17
  1.67E-17  5.92E-18  2.03E-18  6.95E-19  2.43E-19  8.47E-20  3.05E-20  1.09E-20
  3.68E-21  1.33E-21  4.99E-22  1.69E-22  6.10E-23  2.05E-23  8.24E-24  2.76E-24
  9.34E-25  3.61E-25  1.33E-25  4.55E-26  1.68E-26  7.56E-27  3.37E-27  1.88E-27
  1.28E-27  9.84E-28  7.94E-28  6.55E-28  5.75E-28  5.02E-28  4.43E-28  3.91E-28
  3.54E-28  3.30E-28  3.01E-28  2.81E-28  2.71E-28  2.60E-28  2.56E-28  2.42E-28
   146.01733105605450     
  1.55E-10  5.54E-05  9.44E-06  9.97E-07  3.73E-07  7.71E-08  1.90E-08  5.37E-09
  1.31E-09  4.97E-10  1.27E-10  4.08E-11  1.37E-11  3.60E-12  1.03E-12  3.07E-13
  1.16E-13  3.48E-14  1.03E-14  3.46E-15  1.21E-15  3.69E-16  1.14E-16  4.26E-17
  1.33E-17  4.49E-18  1.54E-18  5.35E-19  1.80E-19  6.13E-20  2.24E-20  7.83E-21
  2.57E-21  9.35E-22  3.49E-22  1.14E-22  4.09E-23  1.37E-23  5.37E-24  1.78E-24
  6.00E-25  2.29E-25  8.28E-26  2.87E-26  1.07E-26  4.98E-27  2.33E-27  1.37E-27
  9.71E-28  7.60E-28  6.07E-28  5.03E-28  4.34E-28  3.72E-28  3.18E-28  2.77E-28
  2.44E-28  2.19E-28  1.90E-28  1.70E-28  1.57E-28  1.42E-28  1.31E-28  1.19E-28
   148.01674273115512     
  3.60E-12  5.18E-05  8.65E-06  9.08E-07  3.44E-07  7.11E-08  1.75E-08  4.90E-09
  1.19E-09  4.46E-10  1.14E-10  3.70E-11  1.21E-11  3.18E-12  9.03E-13  2.64E-13
  1.00E-13  3.01E-14  8.75E-15  2.86E-15  1.01E-15  3.10E-16  9.04E-17  3.42E-17
  1.09E-17  3.53E-18  1.18E-18  4.19E-19  1.37E-19  4.50E-20  1.66E-20  5.79E-21
  1.84E-21  6.58E-22  2.47E-22  7.88E-23  2.76E-23  9.31E-24  3.59E-24  1.16E-24
  3.90E-25  1.48E-25  5.31E-26  1.84E-26  7.04E-27  3.40E-27  1.68E-27  1.05E-27
  7.81E-28  6.11E-28  5.00E-28  4.06E-28  3.51E-28  2.98E-28  2.52E-28  2.18E-28
  1.91E-28  1.71E-28  1.47E-28  1.31E-28  1.19E-28  1.07E-28  9.76E-29  8.79E-29
   150.01601417190903     
  5.10E-11  4.69E-05  7.92E-06  8.26E-07  3.18E-07  6.55E-08  1.61E-08  4.47E-09
  1.08E-09  4.01E-10  1.02E-10  3.35E-11  1.07E-11  2.82E-12  8.04E-13  2.29E-13
  8.69E-14  2.60E-14  7.53E-15  2.37E-15  8.43E-16  2.60E-16  7.27E-17  2.70E-17
  8.78E-18  2.79E-18  8.89E-19  3.18E-19  1.04E-19  3.25E-20  1.18E-20  4.16E-21
  1.30E-21  4.47E-22  1.68E-22  5.32E-23  1.81E-23  6.03E-24  2.31E-24  7.34E-25
  2.42E-25  9.19E-26  3.25E-26  1.13E-26  4.44E-27  2.19E-27  1.14E-27  7.60E-28
  5.76E-28  4.67E-28  3.78E-28  3.18E-28  2.80E-28  2.39E-28  2.06E-28  1.84E-28
  1.64E-28  1.48E-28  1.31E-28  1.20E-28  1.12E-28  1.03E-28  9.69E-29  8.94E-29
   152.01567587789185     
  2.17E-11  4.55E-05  7.25E-06  7.52E-07  2.94E-07  6.03E-08  1.47E-08  4.08E-09
  9.83E-10  3.61E-10  9.18E-11  3.01E-11  9.45E-12  2.49E-12  7.15E-13  1.98E-13
  7.43E-14  2.22E-14  6.42E-15  1.94E-15  6.85E-16  2.12E-16  5.76E-17  2.07E-17
  6.80E-18  2.16E-18  6.48E-19  2.31E-19  7.53E-20  2.29E-20  8.04E-21  2.85E-21
  8.83E-22  2.91E-22  1.09E-22  3.43E-23  1.14E-23  3.72E-24  1.41E-24  4.44E-25
  1.44E-25  5.40E-26  1.90E-26  6.57E-27  2.62E-27  1.32E-27  7.35E-28  5.08E-28
  4.00E-28  3.32E-28  2.80E-28  2.35E-28  2.08E-28  1.82E-28  1.60E-28  1.43E-28
  1.28E-28  1.18E-28  1.05E-28  9.75E-29  9.15E-29  8.45E-29  8.07E-29  7.43E-29
   154.01612834204306     
  4.72E-11  4.18E-05  6.64E-06  6.86E-07  2.71E-07  5.56E-08  1.35E-08  3.74E-09
  8.96E-10  3.24E-10  8.22E-11  2.70E-11  8.32E-12  2.19E-12  6.29E-13  1.70E-13
  6.25E-14  1.86E-14  5.43E-15  1.58E-15  5.44E-16  1.71E-16  4.53E-17  1.55E-17
  5.14E-18  1.65E-18  4.68E-19  1.63E-19  5.39E-20  1.62E-20  5.37E-21  1.90E-21
  5.98E-22  1.88E-22  6.83E-23  2.18E-23  7.18E-24  2.26E-24  8.50E-25  2.68E-25
  8.51E-26  3.15E-26  1.13E-26  3.99E-27  1.68E-27  9.33E-28  5.65E-28  4.13E-28
  3.34E-28  2.77E-28  2.33E-28  1.96E-28  1.72E-28  1.49E-28  1.29E-28  1.14E-28
  1.03E-28  9.39E-29  8.36E-29  7.70E-29  7.20E-29  6.67E-29  6.34E-29  5.85E-29
   156.01721095917861     
  1.18E-10  3.88E-05  6.10E-06  6.29E-07  2.51E-07  5.14E-08  1.24E-08  3.43E-09
  8.20E-10  2.92E-10  7.35E-11  2.45E-11  7.39E-12  1.93E-12  5.55E-13  1.48E-13
  5.27E-14  1.56E-14  4.66E-15  1.32E-15  4.36E-16  1.39E-16  3.72E-17  1.19E-17
  3.93E-18  1.31E-18  3.57E-19  1.18E-19  3.97E-20  1.21E-20  3.77E-21  1.31E-21
  4.24E-22  1.31E-22  4.49E-23  1.44E-23  4.81E-24  1.46E-24  5.32E-25  1.70E-25
  5.41E-26  1.96E-26  7.13E-27  2.72E-27  1.29E-27  7.90E-28  5.28E-28  4.08E-28
  3.39E-28  2.82E-28  2.39E-28  1.99E-28  1.75E-28  1.51E-28  1.30E-28  1.13E-28
  1.01E-28  9.06E-29  8.00E-29  7.21E-29  6.64E-29  6.03E-29  5.64E-29  5.14E-29
   158.01832714746047     
  3.27E-11  3.77E-05  5.61E-06  5.77E-07  2.33E-07  4.75E-08  1.14E-08  3.14E-09
  7.53E-10  2.63E-10  6.59E-11  2.24E-11  6.63E-12  1.72E-12  4.96E-13  1.31E-13
  4.56E-14  1.33E-14  4.08E-15  1.15E-15  3.62E-16  1.17E-16  3.21E-17  9.67E-18
  3.11E-18  1.08E-18  2.91E-19  9.02E-20  3.00E-20  9.48E-21  2.83E-21  9.41E-22
  3.10E-22  9.68E-23  3.12E-23  9.73E-24  3.35E-24  1.00E-24  3.45E-25  1.11E-25
  3.60E-26  1.28E-26  4.65E-27  1.89E-27  9.46E-28  6.05E-28  4.13E-28  3.25E-28
  2.65E-28  2.23E-28  1.85E-28  1.54E-28  1.34E-28  1.14E-28  9.75E-29  8.36E-29
  7.47E-29  6.61E-29  5.75E-29  5.13E-29  4.67E-29  4.18E-29  3.83E-29  3.46E-29
   160.01920280268484     
  1.05E-11  3.40E-05  5.15E-06  5.31E-07  2.16E-07  4.38E-08  1.05E-08  2.87E-09
  6.93E-10  2.39E-10  5.91E-11  2.03E-11  5.95E-12  1.54E-12  4.44E-13  1.17E-13
  4.01E-14  1.14E-14  3.58E-15  1.01E-15  3.06E-16  9.76E-17  2.77E-17  8.06E-18
  2.48E-18  8.68E-19  2.39E-19  7.05E-20  2.24E-20  7.31E-21  2.17E-21  6.79E-22
  2.20E-22  7.08E-23  2.20E-23  6.51E-24  2.26E-24  6.85E-25  2.23E-25  7.06E-26
  2.33E-26  8.12E-27  2.91E-27  1.21E-27  6.25E-28  4.03E-28  2.84E-28  2.29E-28
  1.90E-28  1.61E-28  1.34E-28  1.12E-28  9.98E-29  8.58E-29  7.40E-29  6.48E-29
  5.78E-29  5.17E-29  4.58E-29  4.15E-29  3.84E-29  3.49E-29  3.28E-29  3.00E-29
   162.02014939337312     
  2.18E-11  3.25E-05  4.74E-06  4.87E-07  2.00E-07  4.04E-08  9.62E-09  2.63E-09
  6.39E-10  2.16E-10  5.28E-11  1.82E-11  5.33E-12  1.38E-12  3.96E-13  1.05E-13
  3.52E-14  9.64E-15  3.07E-15  8.77E-16  2.57E-16  7.96E-17  2.32E-17  6.63E-18
  1.94E-18  6.72E-19  1.89E-19  5.42E-20  1.63E-20  5.35E-21  1.60E-21  4.79E-22
  1.49E-22  4.91E-23  1.51E-23  4.25E-24  1.45E-24  4.48E-25  1.41E-25  4.32E-26
  1.43E-26  5.03E-27  1.76E-27  7.37E-28  3.91E-28  2.60E-28  1.88E-28  1.51E-28
  1.28E-28  1.08E-28  9.27E-29  7.74E-29  6.84E-29  5.97E-29  5.19E-29  4.59E-29
  4.13E-29  3.77E-29  3.34E-29  3.09E-29  2.89E-29  2.65E-29  2.56E-29  2.35E-29
   164.02167073376864     
  7.85E-12  3.11E-05  4.36E-06  4.48E-07  1.86E-07  3.74E-08  8.83E-09  2.41E-09
  5.89E-10  1.97E-10  4.73E-11  1.63E-11  4.78E-12  1.23E-12  3.51E-13  9.31E-14
  3.06E-14  8.09E-15  2.61E-15  7.55E-16  2.15E-16  6.40E-17  1.90E-17  5.40E-18
  1.50E-18  5.05E-19  1.46E-19  4.13E-20  1.16E-20  3.78E-21  1.17E-21  3.35E-22
  9.84E-23  3.31E-23  1.02E-23  2.73E-24  9.04E-25  2.86E-25  8.84E-26  2.61E-26
  8.70E-27  3.15E-27  1.14E-27  5.30E-28  3.12E-28  2.23E-28  1.67E-28  1.38E-28
  1.17E-28  1.01E-28  8.51E-29  7.21E-29  6.37E-29  5.57E-29  4.84E-29  4.28E-29
  3.87E-29  3.49E-29  3.11E-29  2.89E-29  2.68E-29  2.47E-29  2.34E-29  2.17E-29
   166.01210132335609     
  6.68E-11  2.82E-05  4.02E-06  4.13E-07  1.73E-07  3.47E-08  8.11E-09  2.21E-09
  5.44E-10  1.79E-10  4.23E-11  1.47E-11  4.33E-12  1.10E-12  3.11E-13  8.29E-14
  2.68E-14  6.80E-15  2.21E-15  6.55E-16  1.84E-16  5.19E-17  1.56E-17  4.51E-18
  1.20E-18  3.81E-19  1.15E-19  3.27E-20  8.63E-21  2.70E-21  8.69E-22  2.47E-22
  6.69E-23  2.24E-23  7.20E-24  1.86E-24  5.71E-25  1.84E-25  5.83E-26  1.67E-26
  5.51E-27  2.17E-27  9.00E-28  4.78E-28  3.17E-28  2.43E-28  1.89E-28  1.55E-28
  1.31E-28  1.10E-28  9.39E-29  7.79E-29  6.78E-29  5.86E-29  5.05E-29  4.42E-29
  3.99E-29  3.63E-29  3.22E-29  2.97E-29  2.80E-29  2.60E-29  2.50E-29  2.30E-29
   168.01454608628194     
  5.37E-11  2.76E-05  3.70E-06  3.82E-07  1.61E-07  3.21E-08  7.46E-09  2.02E-09
  5.01E-10  1.63E-10  3.77E-11  1.32E-11  3.92E-12  9.92E-13  2.74E-13  7.38E-14
  2.37E-14  5.79E-15  1.87E-15  5.71E-16  1.61E-16  4.31E-17  1.28E-17  3.84E-18
  1.00E-18  2.96E-19  9.14E-20  2.70E-20  6.87E-21  1.99E-21  6.61E-22  1.93E-22
  4.93E-23  1.56E-23  5.24E-24  1.36E-24  3.89E-25  1.22E-25  3.97E-26  1.14E-26
  3.56E-27  1.42E-27  6.07E-28  3.36E-28  2.29E-28  1.81E-28  1.41E-28  1.18E-28
  1.00E-28  8.49E-29  7.09E-29  5.90E-29  5.18E-29  4.48E-29  3.83E-29  3.31E-29
  2.97E-29  2.67E-29  2.34E-29  2.13E-29  1.99E-29  1.81E-29  1.69E-29  1.53E-29
   170.01679342721738     
  5.74E-12  2.58E-05  3.42E-06  3.54E-07  1.50E-07  2.98E-08  6.86E-09  1.85E-09
  4.62E-10  1.48E-10  3.37E-11  1.19E-11  3.56E-12  8.95E-13  2.42E-13  6.58E-14
  2.12E-14  5.02E-15  1.59E-15  4.95E-16  1.43E-16  3.68E-17  1.06E-17  3.28E-18
  8.61E-19  2.38E-19  7.29E-20  2.24E-20  5.71E-21  1.53E-21  5.03E-22  1.53E-22
  3.84E-23  1.12E-23  3.78E-24  1.02E-24  2.79E-25  8.17E-26  2.74E-26  8.08E-27
  2.40E-27  9.38E-28  4.27E-28  2.41E-28  1.65E-28  1.30E-28  1.02E-28  8.61E-29
  7.33E-29  6.31E-29  5.29E-29  4.52E-29  4.01E-29  3.47E-29  3.02E-29  2.65E-29
  2.39E-29  2.15E-29  1.90E-29  1.73E-29  1.60E-29  1.45E-29  1.35E-29  1.24E-29
   172.01892123550448     
  1.26E-11  2.37E-05  3.16E-06  3.28E-07  1.39E-07  2.76E-08  6.32E-09  1.70E-09
  4.27E-10  1.36E-10  3.02E-11  1.06E-11  3.23E-12  8.12E-13  2.16E-13  5.91E-14
  1.91E-14  4.44E-15  1.36E-15  4.28E-16  1.27E-16  3.19E-17  8.85E-18  2.79E-18
  7.43E-19  1.96E-19  5.77E-20  1.82E-20  4.75E-21  1.19E-21  3.75E-22  1.17E-22
  2.98E-23  8.02E-24  2.63E-24  7.39E-25  2.01E-25  5.42E-26  1.79E-26  5.42E-27
  1.62E-27  6.14E-28  2.84E-28  1.66E-28  1.13E-28  9.03E-29  7.18E-29  6.06E-29
  5.13E-29  4.40E-29  3.75E-29  3.15E-29  2.80E-29  2.45E-29  2.13E-29  1.88E-29
  1.70E-29  1.55E-29  1.39E-29  1.28E-29  1.21E-29  1.11E-29  1.06E-29  9.75E-30
   174.02134164145130     
  4.83E-12  2.34E-05  2.92E-06  3.03E-07  1.30E-07  2.56E-08  5.80E-09  1.56E-09
  3.95E-10  1.25E-10  2.72E-11  9.48E-12  2.92E-12  7.37E-13  1.94E-13  5.31E-14
  1.72E-14  3.94E-15  1.17E-15  3.68E-16  1.12E-16  2.76E-17  7.34E-18  2.34E-18
  6.33E-19  1.62E-19  4.53E-20  1.44E-20  3.88E-21  9.24E-22  2.75E-22  8.68E-23
  2.27E-23  5.73E-24  1.77E-24  5.14E-25  1.42E-25  3.57E-26  1.15E-26  3.60E-27
  1.11E-27  4.28E-28  2.14E-28  1.38E-28  9.89E-29  8.06E-29  6.38E-29  5.43E-29
  4.64E-29  3.92E-29  3.32E-29  2.80E-29  2.47E-29  2.16E-29  1.86E-29  1.64E-29
  1.47E-29  1.33E-29  1.18E-29  1.09E-29  1.00E-29  9.14E-30  8.67E-30  7.94E-30
   176.01259499269560     
  2.70E-11  2.14E-05  2.70E-06  2.81E-07  1.21E-07  2.37E-08  5.34E-09  1.43E-09
  3.64E-10  1.14E-10  2.44E-11  8.46E-12  2.65E-12  6.66E-13  1.72E-13  4.71E-14
  1.53E-14  3.47E-15  9.94E-16  3.10E-16  9.72E-17  2.36E-17  6.00E-18  1.93E-18
  5.30E-19  1.33E-19  3.51E-20  1.11E-20  3.12E-21  7.23E-22  2.00E-22  6.34E-23
  1.72E-23  4.15E-24  1.19E-24  3.53E-25  1.01E-25  2.41E-26  7.32E-27  2.39E-27
  7.85E-28  3.17E-28  1.74E-28  1.20E-28  9.10E-29  7.44E-29  6.04E-29  5.13E-29
  4.46E-29  3.84E-29  3.24E-29  2.76E-29  2.45E-29  2.16E-29  1.87E-29  1.65E-29
  1.50E-29  1.36E-29  1.20E-29  1.11E-29  1.04E-29  9.55E-30  9.07E-30  8.40E-30
   178.01606591170236     
  4.54E-11  2.03E-05  2.50E-06  2.61E-07  1.13E-07  2.21E-08  4.92E-09  1.31E-09
  3.34E-10  1.04E-10  2.18E-11  7.54E-12  2.39E-12  6.01E-13  1.51E-13  4.12E-14
  1.34E-14  3.05E-15  8.35E-16  2.58E-16  8.35E-17  2.02E-17  4.89E-18  1.56E-18
  4.41E-19  1.11E-19  2.75E-20  8.55E-21  2.53E-21  5.89E-22  1.49E-22  4.63E-23
  1.33E-23  3.22E-24  8.37E-25  2.43E-25  7.52E-26  1.79E-26  4.95E-27  1.62E-27
  6.05E-28  2.62E-28  1.46E-28  1.04E-28  7.93E-29  6.35E-29  5.05E-29  4.17E-29
  3.58E-29  3.06E-29  2.59E-29  2.20E-29  1.97E-29  1.73E-29  1.51E-29  1.34E-29
  1.21E-29  1.09E-29  9.73E-30  8.92E-30  8.25E-30  7.44E-30  6.93E-30  6.31E-30
   180.01946635134857     
  1.56E-11  1.98E-05  2.31E-06  2.43E-07  1.05E-07  2.05E-08  4.54E-09  1.20E-09
  3.08E-10  9.55E-11  1.95E-11  6.72E-12  2.17E-12  5.45E-13  1.35E-13  3.63E-14
  1.19E-14  2.74E-15  7.18E-16  2.18E-16  7.25E-17  1.79E-17  4.15E-18  1.29E-18
  3.74E-19  9.66E-20  2.27E-20  6.75E-21  2.08E-21  5.05E-22  1.20E-22  3.51E-23
  1.05E-23  2.65E-24  6.40E-25  1.73E-25  5.67E-26  1.42E-26  3.61E-27  1.13E-27
  4.53E-28  2.07E-28  1.20E-28  8.88E-29  6.83E-29  5.68E-29  4.51E-29  3.81E-29
  3.18E-29  2.71E-29  2.29E-29  1.94E-29  1.70E-29  1.48E-29  1.30E-29  1.14E-29
  1.04E-29  9.36E-30  8.37E-30  7.62E-30  7.14E-30  6.60E-30  6.20E-30  5.70E-30
   182.02263936357230     
  5.76E-12  1.79E-05  2.14E-06  2.27E-07  9.80E-08  1.91E-08  4.20E-09  1.10E-09
  2.84E-10  8.79E-11  1.77E-11  6.01E-12  1.96E-12  4.96E-13  1.21E-13  3.24E-14
  1.07E-14  2.50E-15  6.35E-16  1.87E-16  6.33E-17  1.60E-17  3.65E-18  1.10E-18
  3.20E-19  8.59E-20  1.97E-20  5.51E-21  1.72E-21  4.36E-22  1.01E-22  2.76E-23
  8.25E-24  2.19E-24  5.17E-25  1.28E-25  4.19E-26  1.10E-26  2.72E-27  7.86E-28
  3.20E-28  1.51E-28  8.66E-29  6.50E-29  5.11E-29  4.27E-29  3.44E-29  2.93E-29
  2.49E-29  2.13E-29  1.77E-29  1.49E-29  1.33E-29  1.16E-29  1.00E-29  8.85E-30
  8.04E-30  7.28E-30  6.47E-30  5.94E-30  5.57E-30  5.11E-30  4.87E-30  4.51E-30
   184.01410545501719     
  4.81E-12  1.75E-05  1.99E-06  2.11E-07  9.15E-08  1.77E-08  3.87E-09  1.01E-09
  2.62E-10  8.08E-11  1.60E-11  5.36E-12  1.77E-12  4.49E-13  1.09E-13  2.89E-14
  9.58E-15  2.27E-15  5.64E-16  1.61E-16  5.46E-17  1.41E-17  3.20E-18  9.31E-19
  2.69E-19  7.45E-20  1.69E-20  4.48E-21  1.38E-21  3.63E-22  8.47E-23  2.16E-23
  6.28E-24  1.73E-24  4.11E-25  9.37E-26  3.00E-26  8.25E-27  2.06E-27  5.50E-28
  2.25E-28  1.10E-28  6.55E-29  4.89E-29  3.74E-29  3.14E-29  2.51E-29  2.15E-29
  1.85E-29  1.55E-29  1.33E-29  1.12E-29  9.94E-30  8.62E-30  7.29E-30  6.51E-30
  5.90E-30  5.40E-30  4.73E-30  4.34E-30  4.06E-30  3.76E-30  3.54E-30  3.21E-30
   186.01781269711043     
  8.79E-12  1.67E-05  1.84E-06  1.96E-07  8.54E-08  1.65E-08  3.57E-09  9.29E-10
  2.41E-10  7.42E-11  1.44E-11  4.77E-12  1.59E-12  4.05E-13  9.77E-14  2.55E-14
  8.46E-15  2.03E-15  4.94E-16  1.36E-16  4.60E-17  1.21E-17  2.74E-18  7.71E-19
  2.20E-19  6.27E-20  1.41E-20  3.56E-21  1.07E-21  2.91E-22  6.86E-23  1.66E-23
  4.62E-24  1.32E-24  3.19E-25  6.81E-26  2.07E-26  5.90E-27  1.52E-27  3.95E-28
  1.64E-28  9.04E-29  5.77E-29  4.43E-29  3.51E-29  2.94E-29  2.38E-29  2.02E-29
  1.73E-29  1.47E-29  1.26E-29  1.07E-29  9.50E-30  8.23E-30  7.04E-30  6.28E-30
  5.64E-30  5.11E-30  4.55E-30  4.23E-30  3.97E-30  3.66E-30  3.45E-30  3.17E-30
