   2.0212365155019909     
  2.81E-37 -4.44E-21 -1.38E-19 -1.08E-18 -5.73E-18 -2.31E-17 -5.44E-17 -1.21E-16
 -2.20E-16 -4.47E-16 -6.29E-16 -8.72E-16 -1.33E-15 -1.87E-15 -2.50E-15 -2.98E-15
 -4.14E-15 -4.92E-15 -5.63E-15 -5.83E-15 -6.52E-15 -7.05E-15 -6.95E-15 -7.11E-15
 -7.05E-15 -7.17E-15 -6.87E-15 -6.39E-15 -6.13E-15 -5.59E-15 -5.06E-15 -4.59E-15
 -3.94E-15 -3.54E-15 -3.01E-15 -2.50E-15 -2.14E-15 -1.75E-15 -1.47E-15 -1.18E-15
 -9.88E-16 -8.05E-16 -6.27E-16 -5.06E-16 -3.86E-16 -3.05E-16 -2.24E-16 -1.71E-16
 -1.31E-16 -9.79E-17 -7.32E-17 -5.33E-17 -4.02E-17 -2.95E-17 -2.12E-17 -1.54E-17
 -1.11E-17 -8.13E-18 -5.66E-18 -4.02E-18 -2.88E-18 -1.99E-18 -1.38E-18 -9.27E-19
   4.0186886345075621     
 -3.80E-25 -1.02E-08 -9.41E-07 -3.78E-06 -1.62E-05 -3.04E-05 -5.62E-05 -1.00E-04
 -9.86E-05 -1.29E-04 -1.15E-04 -1.11E-04 -1.18E-04 -1.10E-04 -9.84E-05 -7.31E-05
 -5.98E-05 -4.55E-05 -4.00E-05 -3.24E-05 -3.05E-05 -2.47E-05 -2.15E-05 -2.06E-05
 -2.11E-05 -2.20E-05 -1.87E-05 -1.55E-05 -1.09E-05 -7.76E-06 -5.67E-06 -4.63E-06
 -3.94E-06 -3.46E-06 -3.12E-06 -2.76E-06 -2.55E-06 -2.22E-06 -2.03E-06 -1.68E-06
 -1.43E-06 -1.16E-06 -8.69E-07 -7.02E-07 -5.36E-07 -4.61E-07 -3.79E-07 -3.29E-07
 -2.86E-07 -2.35E-07 -1.85E-07 -1.41E-07 -1.15E-07 -9.06E-08 -7.33E-08 -5.80E-08
 -4.54E-08 -3.71E-08 -2.83E-08 -2.24E-08 -1.72E-08 -1.28E-08 -9.55E-09 -6.88E-09
   6.0155294328055007     
 -7.48E-24  2.62E-06 -2.32E-05 -1.66E-04 -2.87E-04 -4.37E-04 -1.03E-04 -1.49E-04
  6.32E-05  2.40E-04  1.98E-04 -7.71E-06 -1.99E-05 -2.56E-05 -6.97E-06 -8.47E-08
  2.37E-05  1.28E-05 -6.23E-06 -2.53E-06 -3.16E-06 -3.60E-06 -2.31E-07 -1.87E-06
 -3.23E-06 -1.82E-06 -2.12E-06 -5.20E-07  1.96E-07  2.61E-07 -5.34E-07 -8.62E-07
 -5.98E-07 -5.25E-07 -5.82E-07 -2.18E-07 -3.25E-08 -2.79E-08 -4.43E-08 -7.14E-08
 -9.42E-08 -9.00E-08 -8.05E-08 -6.04E-08 -4.46E-08 -5.07E-08 -3.59E-08 -2.73E-08
 -1.87E-08 -1.91E-08 -1.75E-08 -1.38E-08 -1.11E-08 -7.66E-09 -5.02E-09 -3.72E-09
 -3.25E-09 -2.61E-09 -1.93E-09 -1.34E-09 -1.04E-09 -7.42E-10 -5.94E-10 -4.90E-10
   8.0112942483806417     
  2.02E-23 -1.31E-05 -2.21E-04 -4.55E-04 -6.61E-04 -3.02E-04 -2.49E-04 -2.07E-04
 -1.12E-04  2.82E-05  4.16E-06  3.63E-07  6.14E-06  3.97E-06  2.38E-06 -1.03E-06
  7.72E-06 -1.32E-06 -2.94E-06 -7.17E-07  1.28E-06  4.04E-06  3.79E-06  3.46E-06
  4.06E-06  2.66E-06  2.24E-06  1.69E-06  1.46E-06  1.01E-06  7.88E-07  6.78E-07
  5.52E-07  4.78E-07  3.72E-07  2.87E-07  2.33E-07  1.47E-07  1.18E-07  8.74E-08
  7.70E-08  5.52E-08  4.15E-08  3.00E-08  2.17E-08  1.65E-08  1.19E-08  9.07E-09
  6.65E-09  4.64E-09  3.29E-09  2.32E-09  1.54E-09  1.12E-09  6.87E-10  4.66E-10
  3.06E-10  2.03E-10  1.46E-10  1.11E-10  9.26E-11  8.29E-11  7.05E-11  5.28E-11
   10.011275069864061     
  2.42E-23  5.44E-06 -2.40E-05 -1.17E-04 -4.92E-04 -2.34E-04 -8.07E-05 -2.47E-04
 -1.39E-05  1.00E-04  5.88E-05  8.17E-05 -2.13E-05 -1.54E-05  2.97E-05  1.36E-05
  1.11E-05  7.92E-06  8.73E-06  6.31E-06  5.18E-06  5.30E-06  2.52E-06  2.24E-06
  1.18E-06  1.36E-06  9.89E-07  9.03E-07  6.39E-07  6.04E-07  5.25E-07  4.15E-07
  3.29E-07  2.23E-07  1.74E-07  1.39E-07  1.10E-07  8.50E-08  6.43E-08  4.91E-08
  3.56E-08  2.73E-08  1.97E-08  1.41E-08  1.12E-08  8.77E-09  6.34E-09  4.66E-09
  3.27E-09  2.27E-09  1.55E-09  1.08E-09  7.95E-10  5.58E-10  3.98E-10  2.83E-10
  2.07E-10  1.47E-10  9.69E-11  6.62E-11  4.62E-11  3.07E-11  2.20E-11  1.56E-11
   12.021584921765342     
  1.33E-23 -4.32E-05  5.84E-04  1.64E-04 -5.27E-04  1.72E-04 -1.02E-04  1.08E-04
 -1.26E-04 -4.60E-05 -1.64E-05  2.39E-05 -4.31E-06 -2.19E-07  2.86E-06  2.80E-06
  5.22E-06  2.60E-06 -9.69E-08 -6.26E-07  3.42E-07 -5.34E-07 -5.38E-07 -2.02E-07
 -3.63E-07 -2.13E-07 -1.43E-07 -9.26E-08 -4.64E-08 -8.22E-08 -6.10E-08 -5.00E-08
 -2.76E-08 -1.72E-08 -1.37E-08 -1.10E-08 -1.05E-08 -7.24E-09 -4.24E-09 -2.74E-09
 -1.66E-09 -1.63E-09 -1.24E-09 -8.75E-10 -6.54E-10 -4.74E-10 -3.01E-10 -2.04E-10
 -1.47E-10 -1.12E-10 -8.70E-11 -6.03E-11 -4.52E-11 -3.40E-11 -2.47E-11 -1.76E-11
 -1.30E-11 -9.48E-12 -6.91E-12 -4.80E-12 -3.89E-12 -2.90E-12 -2.21E-12 -1.77E-12
   14.012703363494147     
  1.90E-24 -2.24E-04  1.36E-04 -1.69E-04 -4.63E-04 -4.40E-05  1.34E-04 -3.89E-05
  8.89E-07  1.73E-05  4.23E-06  8.75E-06 -1.06E-05  9.25E-06  2.88E-06  1.85E-06
  3.03E-06  2.09E-06  2.27E-06  1.86E-06  1.06E-06  7.97E-07  7.90E-07  5.68E-07
  3.64E-07  2.12E-07  2.13E-07  1.64E-07  1.16E-07  7.57E-08  4.67E-08  3.38E-08
  2.16E-08  1.77E-08  1.20E-08  8.09E-09  5.19E-09  3.53E-09  2.60E-09  1.59E-09
  1.13E-09  7.64E-10  4.70E-10  3.07E-10  2.03E-10  1.25E-10  7.22E-11  4.37E-11
  2.75E-11  1.73E-11  1.15E-11  7.27E-12  4.29E-12  2.83E-12  1.67E-12  1.02E-12
  6.28E-13  3.57E-13  2.15E-13  1.21E-13  6.77E-14  3.80E-14  1.50E-14  9.67E-15
   16.013012278143911     
  4.79E-24 -4.09E-04 -3.99E-04 -2.58E-04  2.70E-04 -9.95E-05  2.04E-04  1.08E-04
  1.15E-07  1.35E-04  5.25E-05  1.92E-05  1.42E-05  1.14E-05  1.03E-05  4.92E-06
  6.04E-06  4.53E-06  2.58E-06  2.22E-06  1.31E-06  9.94E-07  7.55E-07  5.37E-07
  4.19E-07  3.15E-07  2.03E-07  1.38E-07  9.84E-08  7.07E-08  4.75E-08  3.44E-08
  2.36E-08  1.67E-08  1.20E-08  7.95E-09  5.93E-09  3.93E-09  2.85E-09  1.85E-09
  1.33E-09  9.39E-10  6.11E-10  4.46E-10  2.92E-10  2.11E-10  1.40E-10  9.76E-11
  6.80E-11  4.92E-11  3.31E-11  2.22E-11  1.57E-11  1.09E-11  7.53E-12  5.04E-12
  3.57E-12  2.55E-12  1.72E-12  1.16E-12  8.49E-13  5.94E-13  4.08E-13  2.89E-13
   18.018132029728442     
 -3.73E-24 -3.11E-04 -5.64E-04 -2.03E-04  2.27E-05  7.99E-05  3.37E-05  2.03E-04
  7.44E-05  4.95E-05  1.10E-05  4.61E-06  6.52E-06  3.49E-06  3.42E-06  3.12E-06
  2.14E-06  1.38E-06  9.00E-07  6.77E-07  4.82E-07  4.16E-07  2.81E-07  2.38E-07
  1.69E-07  1.21E-07  9.92E-08  6.86E-08  5.33E-08  3.08E-08  2.19E-08  1.65E-08
  1.02E-08  7.20E-09  5.03E-09  3.21E-09  2.37E-09  1.54E-09  1.09E-09  7.16E-10
  4.77E-10  3.28E-10  2.07E-10  1.34E-10  8.66E-11  5.76E-11  3.57E-11  2.34E-11
  1.50E-11  9.96E-12  6.18E-12  3.86E-12  2.48E-12  1.55E-12  9.54E-13  5.92E-13
  3.54E-13  2.27E-13  1.28E-13  7.54E-14  4.85E-14  2.93E-14  2.07E-14  1.45E-14
   20.021752460282720     
  5.56E-24 -1.44E-04 -2.35E-04  1.66E-04  6.28E-05  2.82E-04  4.63E-05  1.26E-04
  9.50E-05  4.28E-05  3.43E-05  8.59E-06  9.94E-06  5.97E-06  5.09E-06  1.54E-06
  1.38E-06  1.04E-06  4.83E-07  4.65E-07  3.69E-07  2.18E-07  1.76E-07  1.15E-07
  7.45E-08  5.93E-08  3.67E-08  2.57E-08  1.74E-08  1.01E-08  6.71E-09  4.69E-09
  2.85E-09  2.02E-09  1.26E-09  8.23E-10  5.92E-10  3.74E-10  2.52E-10  1.61E-10
  1.01E-10  6.72E-11  4.03E-11  2.61E-11  1.61E-11  1.02E-11  6.32E-12  3.94E-12
  2.74E-12  1.70E-12  1.10E-12  6.89E-13  4.52E-13  2.81E-13  1.71E-13  1.10E-13
  6.77E-14  4.48E-14  2.76E-14  1.87E-14  1.19E-14  7.86E-15  5.66E-15  3.73E-15
   22.012394945318807     
  3.11E-23 -9.13E-05  1.06E-04  1.62E-04  1.03E-04  2.80E-04 -1.96E-05  1.16E-05
  3.67E-05  9.57E-06  1.94E-05  6.57E-06  8.94E-06  3.14E-06  3.68E-07  1.09E-06
  6.26E-07  1.01E-07 -1.75E-08  8.86E-08  6.01E-08  4.66E-08  4.72E-08  3.12E-08
  1.99E-08  1.26E-08  8.73E-09  6.00E-09  3.46E-09  2.41E-09  1.44E-09  9.82E-10
  7.20E-10  4.17E-10  2.76E-10  1.62E-10  9.67E-11  6.18E-11  3.97E-11  2.58E-11
  1.58E-11  1.05E-11  6.58E-12  4.14E-12  2.72E-12  1.69E-12  1.05E-12  6.75E-13
  4.42E-13  2.95E-13  1.88E-13  1.19E-13  8.14E-14  5.30E-14  3.43E-14  2.36E-14
  1.62E-14  1.14E-14  7.62E-15  5.33E-15  3.80E-15  2.52E-15  1.71E-15  1.10E-15
   24.012655340382203     
 -1.39E-25 -1.17E-04  2.34E-04  2.54E-05  1.73E-04  1.80E-04  1.45E-05 -1.39E-05
 -1.85E-05 -9.34E-06  2.92E-06  6.84E-07  1.66E-07 -1.34E-07  4.37E-08 -1.46E-07
 -2.52E-07 -9.39E-08 -1.06E-07 -8.75E-08 -5.61E-08 -5.34E-08 -2.90E-08 -2.02E-08
 -1.40E-08 -8.75E-09 -5.60E-09 -3.08E-09 -2.03E-09 -1.23E-09 -8.12E-10 -5.03E-10
 -3.54E-10 -2.21E-10 -1.59E-10 -9.78E-11 -5.87E-11 -3.82E-11 -2.17E-11 -1.32E-11
 -8.08E-12 -5.19E-12 -3.10E-12 -1.89E-12 -1.29E-12 -7.96E-13 -4.95E-13 -3.02E-13
 -1.84E-13 -1.13E-13 -6.55E-14 -3.99E-14 -2.42E-14 -1.45E-14 -8.80E-15 -5.37E-15
 -3.29E-15 -1.98E-15 -1.15E-15 -6.73E-16 -3.73E-16 -2.07E-16 -1.16E-16 -5.93E-17
   26.018842956122622     
 -6.28E-23 -1.81E-04  3.15E-04 -4.01E-05  1.08E-04  7.20E-05  2.57E-05 -4.83E-06
 -2.16E-05 -3.57E-06 -1.11E-06 -3.37E-06 -8.80E-07 -5.40E-07 -6.68E-07 -3.27E-07
 -2.67E-07 -1.55E-07 -1.38E-07 -8.70E-08 -7.03E-08 -3.92E-08 -2.69E-08 -1.78E-08
 -9.73E-09 -6.98E-09 -4.24E-09 -3.02E-09 -2.06E-09 -1.32E-09 -8.51E-10 -5.33E-10
 -3.37E-10 -2.28E-10 -1.43E-10 -8.51E-11 -5.97E-11 -3.58E-11 -2.29E-11 -1.36E-11
 -8.55E-12 -5.58E-12 -3.17E-12 -2.10E-12 -1.23E-12 -7.47E-13 -4.50E-13 -2.68E-13
 -1.65E-13 -9.88E-14 -5.48E-14 -3.31E-14 -1.81E-14 -1.01E-14 -5.29E-15 -2.85E-15
 -1.44E-15 -6.55E-16 -2.93E-16 -1.04E-16 -4.77E-18  2.23E-17  3.28E-17  3.15E-17
   28.015315717951164     
 -1.55E-24 -2.34E-04  2.79E-04 -5.03E-05 -1.84E-05  3.50E-05  5.72E-08  9.21E-06
 -1.04E-05 -2.37E-06 -6.36E-08 -6.69E-07 -6.35E-07  8.79E-09 -1.45E-07 -6.09E-08
 -7.39E-08 -5.58E-08 -8.37E-08 -5.16E-08 -4.11E-08 -1.95E-08 -1.33E-08 -8.78E-09
 -4.98E-09 -3.44E-09 -2.55E-09 -1.65E-09 -1.17E-09 -7.88E-10 -5.24E-10 -3.78E-10
 -2.43E-10 -1.69E-10 -1.12E-10 -6.74E-11 -4.85E-11 -3.08E-11 -1.99E-11 -1.31E-11
 -8.38E-12 -5.65E-12 -3.43E-12 -2.23E-12 -1.41E-12 -8.72E-13 -5.45E-13 -3.38E-13
 -2.13E-13 -1.36E-13 -8.03E-14 -4.99E-14 -3.00E-14 -1.83E-14 -1.09E-14 -6.48E-15
 -3.88E-15 -2.32E-15 -1.33E-15 -7.74E-16 -4.30E-16 -2.48E-16 -1.36E-16 -7.55E-17
   30.015004960492810     
  6.45E-24 -2.74E-04  1.24E-04 -1.57E-04 -5.80E-05 -2.03E-05 -1.30E-05  4.42E-06
  5.00E-06 -1.12E-07  4.55E-07 -1.66E-07 -2.82E-07 -2.68E-07 -2.27E-07  4.95E-08
  3.54E-08 -7.08E-09 -9.20E-09 -1.53E-08 -1.44E-08 -8.88E-09 -4.53E-09 -2.86E-09
 -1.80E-09 -1.06E-09 -7.76E-10 -4.94E-10 -3.89E-10 -2.39E-10 -1.54E-10 -1.06E-10
 -6.92E-11 -4.72E-11 -3.15E-11 -1.90E-11 -1.40E-11 -8.55E-12 -5.73E-12 -3.68E-12
 -2.42E-12 -1.57E-12 -9.52E-13 -6.16E-13 -3.81E-13 -2.39E-13 -1.48E-13 -8.91E-14
 -5.68E-14 -3.50E-14 -2.10E-14 -1.29E-14 -7.67E-15 -4.72E-15 -2.77E-15 -1.66E-15
 -9.88E-16 -5.93E-16 -3.44E-16 -1.99E-16 -1.15E-16 -6.64E-17 -3.78E-17 -2.16E-17
   32.022431546439272     
  3.57E-24 -3.41E-04  8.85E-05 -3.76E-04 -4.72E-05 -4.30E-05 -3.82E-05 -5.83E-06
  4.09E-06  1.14E-06 -1.52E-07  2.63E-07 -3.62E-07 -4.38E-07 -2.33E-07 -2.80E-08
 -9.11E-09  7.93E-09  7.57E-09 -6.52E-10 -2.86E-09 -2.19E-09 -1.52E-09 -6.59E-10
 -6.06E-10 -3.78E-10 -2.17E-10 -1.67E-10 -6.73E-11 -4.12E-11 -2.45E-11 -1.45E-11
 -6.76E-12 -3.65E-12 -2.57E-12 -1.51E-12 -1.12E-12 -6.57E-13 -4.13E-13 -2.84E-13
 -1.84E-13 -1.13E-13 -6.46E-14 -3.79E-14 -2.34E-14 -1.31E-14 -7.63E-15 -4.26E-15
 -2.53E-15 -1.47E-15 -8.13E-16 -4.65E-16 -2.63E-16 -1.47E-16 -8.37E-17 -4.56E-17
 -2.53E-17 -1.43E-17 -7.57E-18 -4.16E-18 -2.21E-18 -1.19E-18 -6.38E-19 -3.34E-19
   34.019680697887232     
 -3.68E-23 -4.10E-04  1.98E-04 -5.01E-04 -2.70E-05 -3.07E-05 -3.73E-05 -6.94E-06
 -2.88E-06 -9.40E-07 -1.26E-06  2.67E-07 -3.93E-08 -2.80E-07 -1.82E-07 -7.20E-08
  4.79E-09  4.47E-09  4.65E-09  1.14E-09 -3.47E-10  5.11E-10 -4.46E-10 -2.14E-10
 -6.88E-12 -7.63E-11 -6.37E-11 -3.70E-11 -2.27E-11 -9.18E-12 -4.72E-12 -3.98E-12
 -1.32E-12 -6.77E-13 -4.25E-13 -2.82E-13 -1.77E-13 -9.09E-14 -5.01E-14 -3.36E-14
 -1.63E-14 -1.06E-14 -5.54E-15 -2.94E-15 -2.07E-15 -1.05E-15 -6.22E-16 -3.36E-16
 -2.03E-16 -1.29E-16 -6.60E-17 -3.66E-17 -2.19E-17 -1.20E-17 -6.57E-18 -3.49E-18
 -1.92E-18 -1.12E-18 -5.95E-19 -2.96E-19 -1.89E-19 -1.01E-19 -5.73E-20 -3.17E-20
   36.012101320308425     
 -2.95E-23 -4.45E-04  2.93E-04 -4.45E-04 -2.62E-07 -2.13E-05 -3.09E-05 -3.57E-06
 -4.13E-06 -2.22E-06 -4.62E-07 -3.72E-07  2.09E-09 -3.60E-08 -5.46E-08 -2.47E-08
 -9.35E-10  3.52E-09  1.09E-09  2.15E-09  6.69E-10  1.08E-09  1.80E-10  9.73E-11
  1.76E-11  2.49E-11  1.69E-11  5.86E-12  2.91E-13  2.76E-12  1.49E-12  4.39E-13
  3.97E-13  3.65E-13  1.69E-13  1.16E-13  4.16E-14  4.26E-14  1.73E-14  1.00E-14
  7.76E-15  3.80E-15  1.93E-15  1.22E-15  6.89E-16  3.80E-16  2.30E-16  1.27E-16
  8.56E-17  4.07E-17  2.45E-17  1.39E-17  8.16E-18  4.42E-18  2.39E-18  1.35E-18
  7.12E-19  3.59E-19  1.71E-19  9.54E-20  3.86E-20  1.31E-20  5.27E-21  2.03E-22
   38.022194308971137     
 -2.35E-24 -4.39E-04  3.49E-04 -3.17E-04 -2.02E-06 -2.01E-05 -1.87E-05 -2.40E-06
 -1.75E-06 -4.51E-07  5.72E-07 -9.64E-08 -1.89E-08 -2.77E-09  3.60E-08  1.54E-08
  1.85E-08  9.48E-09  3.47E-09  2.25E-09  1.77E-09  1.01E-09  4.93E-10  3.07E-10
  1.41E-10  7.23E-11  4.02E-11  1.97E-11  1.08E-11  4.30E-12  2.79E-12  1.48E-12
  6.56E-13  3.48E-13  2.31E-13  9.97E-14  5.56E-14  3.27E-14  1.64E-14  8.39E-15
  5.22E-15  2.64E-15  1.44E-15  8.05E-16  4.30E-16  2.29E-16  1.37E-16  7.16E-17
  4.21E-17  2.30E-17  1.28E-17  7.08E-18  4.02E-18  2.16E-18  1.18E-18  6.56E-19
  3.44E-19  1.73E-19  8.55E-20  4.31E-20  1.58E-20  5.93E-21  1.19E-21 -9.96E-22
   40.015290870706856     
 -5.23E-23 -3.98E-04  4.12E-04 -2.17E-04 -1.39E-05 -3.24E-05 -8.57E-06 -4.22E-06
 -7.18E-07  4.12E-07  5.98E-07  1.07E-07  3.21E-08 -1.54E-08  2.19E-08  8.91E-09
  1.72E-08  6.81E-09  4.75E-09  2.20E-09  9.72E-10  7.81E-10  4.09E-10  2.15E-10
  1.09E-10  6.23E-11  3.09E-11  1.73E-11  8.03E-12  4.34E-12  2.18E-12  1.28E-12
  6.00E-13  3.58E-13  1.66E-13  8.15E-14  4.48E-14  2.16E-14  1.11E-14  5.79E-15
  3.08E-15  1.45E-15  7.67E-16  4.42E-16  1.86E-16  1.05E-16  5.12E-17  2.28E-17
  1.21E-17  5.53E-18  2.58E-18  9.37E-19  3.48E-19  1.39E-19 -1.09E-20 -2.45E-20
 -3.69E-20 -3.15E-20 -2.37E-20 -1.59E-20 -1.21E-20 -7.86E-21 -5.41E-21 -3.71E-21
   42.012425035195491     
  5.10E-24 -3.37E-04  4.67E-04 -1.50E-04 -5.01E-06 -4.10E-05 -3.36E-06 -5.34E-06
 -1.75E-06  4.72E-07  2.23E-08  2.15E-07  2.27E-08  2.70E-08  2.02E-08  3.44E-09
  5.89E-09  5.18E-09  3.53E-09  1.41E-09  4.92E-10  6.46E-10  2.21E-10  1.38E-10
  7.92E-11  3.77E-11  1.92E-11  1.02E-11  5.04E-12  2.44E-12  1.39E-12  6.88E-13
  3.81E-13  1.92E-13  1.19E-13  4.79E-14  3.25E-14  1.50E-14  8.01E-15  3.32E-15
  1.93E-15  9.54E-16  4.43E-16  2.63E-16  1.01E-16  6.06E-17  2.77E-17  1.34E-17
  6.79E-18  2.82E-18  1.25E-18  4.28E-19  1.31E-19  1.53E-20 -4.45E-20 -2.77E-20
 -2.71E-20 -1.99E-20 -1.46E-20 -8.25E-21 -6.02E-21 -3.75E-21 -2.22E-21 -1.36E-21
   44.015085070597891     
  4.84E-23 -2.65E-04  4.85E-04 -9.50E-05  5.67E-06 -3.86E-05 -1.97E-08 -3.70E-06
 -1.81E-06  7.05E-08 -1.98E-07  1.46E-07 -1.61E-08  2.08E-08  3.69E-08  1.08E-08
  1.64E-09  4.74E-09  1.93E-09  1.27E-09  5.77E-10  3.75E-10  2.05E-10  9.61E-11
  6.12E-11  3.20E-11  1.56E-11  7.73E-12  3.59E-12  1.59E-12  8.77E-13  4.25E-13
  2.28E-13  1.12E-13  6.70E-14  3.18E-14  2.10E-14  1.04E-14  4.82E-15  2.71E-15
  1.27E-15  6.14E-16  2.71E-16  1.61E-16  7.00E-17  3.46E-17  1.92E-17  8.33E-18
  5.11E-18  2.39E-18  1.13E-18  5.52E-19  2.79E-19  1.16E-19  4.38E-20  2.17E-20
  7.40E-21  1.59E-21 -1.83E-22 -4.85E-22 -7.71E-22 -6.62E-22 -3.73E-22 -2.77E-22
   46.013051351134166     
 -1.71E-24 -2.00E-04  4.74E-04 -5.04E-05  9.99E-06 -2.65E-05  3.76E-07 -7.44E-07
 -1.27E-06  9.33E-08 -1.73E-07  3.19E-08 -5.47E-09  1.95E-08  2.25E-08  1.64E-08
  5.75E-09  4.20E-09  1.28E-09  9.80E-10  4.37E-10  2.79E-10  1.44E-10  7.35E-11
  4.14E-11  2.68E-11  1.30E-11  6.82E-12  3.82E-12  1.81E-12  9.66E-13  4.43E-13
  2.54E-13  1.08E-13  6.13E-14  3.14E-14  1.70E-14  9.69E-15  5.23E-15  2.88E-15
  1.56E-15  8.89E-16  4.26E-16  2.24E-16  1.23E-16  6.05E-17  3.25E-17  1.65E-17
  8.93E-18  4.40E-18  2.29E-18  1.23E-18  6.30E-19  3.28E-19  1.67E-19  8.79E-20
  4.45E-20  2.21E-20  1.08E-20  5.44E-21  2.45E-21  1.09E-21  3.56E-22  1.46E-22
   48.018915765193157     
  5.25E-24 -1.52E-04  4.44E-04 -2.55E-05  1.98E-05 -1.21E-05  1.14E-06  4.84E-07
 -7.08E-07  3.79E-07 -2.40E-07 -1.89E-09 -4.89E-08  2.80E-08  1.16E-08  1.65E-08
  7.97E-09  3.69E-09  1.61E-09  8.46E-10  4.67E-10  2.14E-10  1.30E-10  6.97E-11
  2.91E-11  2.07E-11  1.10E-11  5.26E-12  3.48E-12  1.74E-12  9.56E-13  5.47E-13
  2.90E-13  1.40E-13  7.86E-14  3.85E-14  2.24E-14  1.15E-14  5.85E-15  3.40E-15
  1.76E-15  9.89E-16  5.00E-16  2.66E-16  1.50E-16  7.72E-17  4.13E-17  2.16E-17
  1.15E-17  5.94E-18  2.96E-18  1.58E-18  8.15E-19  4.16E-19  2.17E-19  1.10E-19
  5.68E-20  2.93E-20  1.41E-20  7.56E-21  3.69E-21  1.84E-21  9.57E-22  4.75E-22
   50.017968783140887     
 -2.34E-23 -1.11E-04  3.98E-04 -7.13E-06  3.00E-05 -2.88E-06  1.98E-06  2.34E-07
  1.32E-08  4.45E-07 -2.95E-07 -5.68E-08 -5.38E-08  6.91E-09  3.01E-09  1.04E-08
  4.19E-09  3.03E-09  1.17E-09  6.18E-10  3.88E-10  9.62E-11  8.28E-11  4.12E-11
  1.89E-11  1.02E-11  5.71E-12  2.97E-12  1.83E-12  1.01E-12  5.31E-13  3.01E-13
  1.73E-13  8.79E-14  5.34E-14  2.36E-14  1.37E-14  7.31E-15  3.53E-15  2.11E-15
  1.03E-15  5.48E-16  2.90E-16  1.39E-16  8.03E-17  4.17E-17  2.10E-17  1.08E-17
  5.65E-18  2.79E-18  1.37E-18  6.83E-19  3.48E-19  1.76E-19  8.22E-20  4.19E-20
  1.96E-20  9.84E-21  4.45E-21  2.36E-21  1.14E-21  5.79E-22  3.43E-22  1.82E-22
   52.016681477611705     
  6.18E-23 -7.34E-05  3.41E-04  1.15E-05  3.33E-05  1.56E-06  8.88E-07 -1.46E-07
  4.37E-07  3.00E-07 -2.27E-07 -1.23E-07 -4.08E-08 -1.57E-08 -3.92E-09  1.60E-09
  2.04E-09  1.70E-09  5.69E-10  2.75E-10  1.76E-10  6.03E-11  2.87E-11  1.51E-11
  7.62E-12  3.07E-12  2.26E-12  8.31E-13  5.12E-13  4.05E-13  1.44E-13  1.02E-13
  5.84E-14  3.19E-14  1.85E-14  9.00E-15  5.13E-15  2.74E-15  1.17E-15  7.24E-16
  3.73E-16  1.91E-16  1.01E-16  4.58E-17  2.49E-17  1.35E-17  6.13E-18  3.11E-18
  1.54E-18  6.79E-19  3.07E-19  1.30E-19  4.68E-20  2.20E-20  4.23E-21 -3.01E-23
 -1.34E-21 -1.39E-21 -9.27E-22 -5.13E-22 -3.48E-22 -1.35E-22 -4.44E-23  5.08E-24
   54.018406700650367     
 -3.89E-24 -4.67E-05  2.85E-04  2.64E-05  3.04E-05  2.79E-06 -1.30E-06 -1.32E-07
  3.70E-07  2.23E-07 -1.46E-07 -1.11E-07 -2.85E-08 -1.83E-08 -6.32E-09 -1.87E-09
  8.40E-10  9.68E-10  4.13E-10  1.88E-10  5.57E-11  3.38E-11  6.14E-12  4.44E-12
  3.12E-12  1.16E-12  7.17E-13  4.51E-13  2.28E-13  1.56E-13  5.40E-14  3.33E-14
  1.41E-14  9.47E-15  4.33E-15  2.44E-15  1.73E-15  9.31E-16  3.76E-16  2.46E-16
  1.08E-16  5.40E-17  2.88E-17  1.02E-17  6.06E-18  2.66E-18  1.20E-18  4.66E-19
  2.56E-19  6.40E-20  1.87E-20 -1.34E-20 -2.19E-20 -1.32E-20 -1.09E-20 -6.91E-21
 -4.27E-21 -2.47E-21 -1.40E-21 -7.87E-22 -4.29E-22 -1.91E-22 -8.05E-23 -2.02E-23
   56.021532485699126     
  8.68E-24 -3.17E-05  2.38E-04  3.75E-05  2.60E-05  1.23E-06 -2.66E-06  1.11E-07
  1.64E-07  1.34E-07 -7.10E-08 -7.23E-08 -2.02E-08 -8.55E-09 -5.14E-09 -1.93E-09
 -2.63E-10  3.58E-10  1.18E-10  7.59E-11 -1.44E-11  1.57E-11 -1.45E-12 -1.07E-12
  3.57E-13 -6.95E-13 -3.81E-13 -2.38E-13 -1.36E-13 -9.17E-14 -5.11E-14 -1.93E-14
 -9.13E-15 -4.59E-15 -1.26E-15 -1.23E-15 -4.56E-16 -3.32E-16 -3.05E-16 -1.30E-16
 -8.51E-17 -4.95E-17 -2.61E-17 -1.39E-17 -7.46E-18 -3.96E-18 -1.92E-18 -1.13E-18
 -5.83E-19 -3.60E-19 -1.93E-19 -1.16E-19 -6.86E-20 -3.66E-20 -2.16E-20 -1.16E-20
 -6.46E-21 -3.53E-21 -1.81E-21 -9.38E-22 -4.69E-22 -2.23E-22 -9.86E-23 -3.57E-23
   58.012407615256031     
 -7.57E-24 -2.87E-05  2.05E-04  4.61E-05  2.14E-05 -9.72E-07 -2.38E-06  2.63E-07
 -4.33E-08 -6.28E-09 -6.19E-09 -4.26E-08 -1.27E-08 -7.27E-09 -3.23E-09 -1.23E-09
 -5.35E-10 -4.52E-11 -1.75E-10 -8.49E-11 -8.46E-11 -3.52E-11 -2.14E-11 -1.32E-11
 -4.87E-12 -3.35E-12 -1.42E-12 -9.08E-13 -4.39E-13 -2.63E-13 -1.56E-13 -8.14E-14
 -4.99E-14 -2.87E-14 -1.55E-14 -8.46E-15 -4.48E-15 -2.29E-15 -1.23E-15 -6.09E-16
 -3.16E-16 -1.79E-16 -9.04E-17 -4.86E-17 -2.76E-17 -1.50E-17 -7.85E-18 -4.52E-18
 -2.49E-18 -1.39E-18 -7.15E-19 -3.99E-19 -2.11E-19 -1.11E-19 -6.03E-20 -3.13E-20
 -1.68E-20 -8.98E-21 -4.62E-21 -2.35E-21 -1.22E-21 -6.05E-22 -2.76E-22 -1.22E-22
   60.014956492092189     
  1.35E-23 -3.75E-05  1.88E-04  4.92E-05  1.68E-05 -2.63E-06 -1.04E-06  1.99E-07
 -2.41E-07 -1.46E-07 -5.59E-10 -1.94E-08 -1.03E-08 -8.90E-09 -3.37E-09 -1.68E-09
 -1.01E-09 -2.53E-10 -3.42E-10 -1.63E-10 -1.18E-10 -7.35E-11 -4.12E-11 -2.46E-11
 -1.11E-11 -7.09E-12 -3.27E-12 -1.78E-12 -9.27E-13 -4.61E-13 -2.62E-13 -1.27E-13
 -7.33E-14 -4.06E-14 -2.25E-14 -1.24E-14 -7.03E-15 -3.81E-15 -2.13E-15 -1.11E-15
 -5.91E-16 -3.34E-16 -1.65E-16 -9.02E-17 -4.91E-17 -2.55E-17 -1.34E-17 -7.21E-18
 -3.94E-18 -2.19E-18 -1.12E-18 -6.35E-19 -3.34E-19 -1.81E-19 -9.81E-20 -5.18E-20
 -2.81E-20 -1.48E-20 -7.65E-21 -3.92E-21 -1.98E-21 -9.95E-22 -4.56E-22 -2.09E-22
   62.017012595311385     
  8.96E-24 -5.55E-05  1.85E-04  4.39E-05  1.13E-05 -3.63E-06  1.99E-07  1.58E-07
 -3.93E-07 -1.50E-07 -4.86E-08 -3.88E-09 -1.92E-08 -8.88E-09 -4.22E-09 -2.62E-09
 -1.48E-09 -6.21E-10 -3.69E-10 -1.98E-10 -1.33E-10 -7.52E-11 -4.84E-11 -2.59E-11
 -1.27E-11 -8.28E-12 -3.76E-12 -2.19E-12 -1.12E-12 -5.86E-13 -3.20E-13 -1.53E-13
 -8.82E-14 -4.44E-14 -2.35E-14 -1.23E-14 -6.58E-15 -3.55E-15 -1.92E-15 -9.92E-16
 -5.21E-16 -2.94E-16 -1.44E-16 -7.90E-17 -4.22E-17 -2.16E-17 -1.14E-17 -5.98E-18
 -3.17E-18 -1.73E-18 -8.63E-19 -4.77E-19 -2.43E-19 -1.27E-19 -6.71E-20 -3.48E-20
 -1.85E-20 -9.32E-21 -4.76E-21 -2.41E-21 -1.19E-21 -5.86E-22 -2.68E-22 -1.20E-22
   64.020278101630069     
 -8.01E-24 -7.52E-05  1.89E-04  3.61E-05  4.12E-06 -3.62E-06  5.68E-07  1.66E-07
 -4.25E-07 -8.20E-08 -5.79E-08 -7.41E-09 -2.45E-08 -1.06E-08 -5.42E-09 -3.12E-09
 -1.83E-09 -8.02E-10 -4.03E-10 -1.96E-10 -1.33E-10 -6.83E-11 -3.99E-11 -2.17E-11
 -1.01E-11 -6.81E-12 -3.04E-12 -1.71E-12 -9.09E-13 -4.62E-13 -2.52E-13 -1.23E-13
 -6.72E-14 -3.37E-14 -1.74E-14 -8.79E-15 -4.53E-15 -2.37E-15 -1.20E-15 -6.02E-16
 -3.05E-16 -1.64E-16 -7.87E-17 -4.16E-17 -2.13E-17 -1.05E-17 -5.36E-18 -2.77E-18
 -1.40E-18 -7.42E-19 -3.58E-19 -1.90E-19 -9.31E-20 -4.67E-20 -2.37E-20 -1.19E-20
 -6.01E-21 -2.90E-21 -1.41E-21 -6.91E-22 -3.21E-22 -1.49E-22 -6.68E-23 -2.75E-23
   66.014444799204128     
 -1.02E-26 -8.96E-05  1.91E-04  3.06E-05 -2.80E-06 -2.74E-06  4.50E-07  1.05E-07
 -3.46E-07 -4.34E-08 -3.17E-08 -1.12E-08 -2.91E-08 -1.17E-08 -5.75E-09 -3.64E-09
 -1.87E-09 -9.47E-10 -3.92E-10 -1.83E-10 -1.22E-10 -6.40E-11 -3.32E-11 -1.82E-11
 -8.56E-12 -5.40E-12 -2.40E-12 -1.29E-12 -6.62E-13 -3.32E-13 -1.78E-13 -8.62E-14
 -4.64E-14 -2.27E-14 -1.17E-14 -5.66E-15 -2.91E-15 -1.47E-15 -7.36E-16 -3.54E-16
 -1.76E-16 -9.09E-17 -4.29E-17 -2.23E-17 -1.07E-17 -5.25E-18 -2.58E-18 -1.29E-18
 -6.32E-19 -3.28E-19 -1.54E-19 -7.80E-20 -3.71E-20 -1.83E-20 -8.93E-21 -4.35E-21
 -2.18E-21 -1.02E-21 -4.87E-22 -2.36E-22 -1.09E-22 -5.21E-23 -2.42E-23 -1.07E-23
   68.021255984139685     
  1.26E-23 -1.02E-04  1.92E-04  2.70E-05 -8.08E-06 -1.65E-06  2.29E-07  5.41E-08
 -2.89E-07 -4.99E-08 -1.18E-08 -1.43E-08 -2.96E-08 -1.34E-08 -5.99E-09 -3.62E-09
 -1.75E-09 -1.02E-09 -4.52E-10 -2.00E-10 -1.22E-10 -6.20E-11 -3.22E-11 -1.75E-11
 -8.50E-12 -5.05E-12 -2.21E-12 -1.21E-12 -5.93E-13 -2.92E-13 -1.52E-13 -7.34E-14
 -3.93E-14 -1.86E-14 -9.82E-15 -4.54E-15 -2.36E-15 -1.17E-15 -5.81E-16 -2.74E-16
 -1.35E-16 -6.83E-17 -3.24E-17 -1.66E-17 -7.60E-18 -3.85E-18 -1.81E-18 -9.05E-19
 -4.35E-19 -2.25E-19 -1.05E-19 -5.08E-20 -2.46E-20 -1.20E-20 -5.83E-21 -2.78E-21
 -1.40E-21 -6.52E-22 -3.07E-22 -1.47E-22 -6.70E-23 -3.14E-23 -1.39E-23 -5.24E-24
   70.014562322575657     
  1.18E-24 -1.17E-04  1.90E-04  2.46E-05 -1.07E-05 -6.49E-07 -1.03E-07  8.99E-08
 -2.67E-07 -7.71E-08 -4.48E-09 -2.23E-08 -2.51E-08 -1.33E-08 -6.59E-09 -3.43E-09
 -1.71E-09 -9.35E-10 -4.81E-10 -2.24E-10 -1.25E-10 -6.32E-11 -3.23E-11 -1.76E-11
 -8.55E-12 -4.99E-12 -2.11E-12 -1.20E-12 -5.69E-13 -2.87E-13 -1.43E-13 -7.02E-14
 -3.74E-14 -1.67E-14 -9.16E-15 -4.07E-15 -2.16E-15 -1.05E-15 -5.14E-16 -2.40E-16
 -1.18E-16 -5.92E-17 -2.78E-17 -1.42E-17 -6.33E-18 -3.27E-18 -1.49E-18 -7.42E-19
 -3.55E-19 -1.78E-19 -8.52E-20 -3.91E-20 -1.96E-20 -9.35E-21 -4.50E-21 -2.12E-21
 -1.06E-21 -5.02E-22 -2.32E-22 -1.13E-22 -5.13E-23 -2.29E-23 -1.07E-23 -3.67E-24
   72.017563490346575     
  1.10E-23 -1.28E-04  1.77E-04  2.40E-05 -1.06E-05 -9.94E-08 -4.71E-07  1.28E-07
 -2.31E-07 -8.47E-08 -1.86E-08 -2.35E-08 -2.49E-08 -1.01E-08 -6.30E-09 -3.53E-09
 -1.79E-09 -8.90E-10 -4.45E-10 -2.19E-10 -1.25E-10 -6.26E-11 -3.17E-11 -1.71E-11
 -8.37E-12 -4.84E-12 -1.99E-12 -1.15E-12 -5.20E-13 -2.71E-13 -1.31E-13 -6.49E-14
 -3.42E-14 -1.51E-14 -8.07E-15 -3.63E-15 -1.86E-15 -9.03E-16 -4.26E-16 -2.04E-16
 -9.93E-17 -4.90E-17 -2.23E-17 -1.13E-17 -5.13E-18 -2.52E-18 -1.15E-18 -5.58E-19
 -2.69E-19 -1.30E-19 -6.12E-20 -2.76E-20 -1.40E-20 -6.42E-21 -3.01E-21 -1.41E-21
 -6.91E-22 -3.23E-22 -1.49E-22 -7.07E-23 -3.30E-23 -1.54E-23 -6.85E-24 -3.06E-24
   74.021002804499091     
  5.17E-25 -1.32E-04  1.54E-04  2.47E-05 -9.02E-06 -1.19E-07 -5.36E-07  1.15E-07
 -1.52E-07 -8.01E-08 -4.12E-08 -2.42E-08 -2.21E-08 -1.06E-08 -4.63E-09 -2.92E-09
 -1.74E-09 -8.92E-10 -4.37E-10 -2.00E-10 -1.19E-10 -5.84E-11 -2.89E-11 -1.59E-11
 -7.61E-12 -4.29E-12 -1.86E-12 -9.78E-13 -4.76E-13 -2.31E-13 -1.09E-13 -5.51E-14
 -2.71E-14 -1.27E-14 -6.28E-15 -2.90E-15 -1.42E-15 -6.89E-16 -3.16E-16 -1.48E-16
 -7.48E-17 -3.44E-17 -1.55E-17 -7.66E-18 -3.44E-18 -1.62E-18 -7.28E-19 -3.53E-19
 -1.63E-19 -7.87E-20 -3.49E-20 -1.58E-20 -7.81E-21 -3.47E-21 -1.64E-21 -7.27E-22
 -3.73E-22 -1.69E-22 -8.35E-23 -4.15E-23 -2.20E-23 -1.26E-23 -7.83E-24 -5.19E-24
   76.014553856934384     
  8.23E-24 -1.33E-04  1.29E-04  2.44E-05 -6.94E-06 -2.34E-07 -4.62E-07  1.10E-07
 -7.60E-08 -7.06E-08 -5.34E-08 -2.92E-08 -1.72E-08 -1.05E-08 -4.22E-09 -1.92E-09
 -1.23E-09 -7.00E-10 -3.72E-10 -1.75E-10 -9.91E-11 -4.84E-11 -2.48E-11 -1.25E-11
 -5.86E-12 -3.12E-12 -1.47E-12 -7.18E-13 -3.57E-13 -1.67E-13 -7.84E-14 -3.94E-14
 -1.75E-14 -8.68E-15 -4.11E-15 -1.87E-15 -8.95E-16 -4.30E-16 -1.89E-16 -8.77E-17
 -4.31E-17 -1.96E-17 -8.45E-18 -4.14E-18 -1.76E-18 -8.33E-19 -3.58E-19 -1.68E-19
 -7.45E-20 -3.45E-20 -1.52E-20 -6.64E-21 -3.16E-21 -1.39E-21 -6.48E-22 -2.88E-22
 -1.44E-22 -6.87E-23 -3.64E-23 -1.99E-23 -1.31E-23 -8.74E-24 -6.51E-24 -5.30E-24
   78.020736381372458     
  1.10E-23 -1.32E-04  1.05E-04  2.30E-05 -5.00E-06 -7.21E-08 -5.35E-07  1.25E-07
 -4.28E-08 -5.16E-08 -5.12E-08 -3.26E-08 -1.56E-08 -7.91E-09 -3.77E-09 -1.65E-09
 -8.27E-10 -4.19E-10 -2.18E-10 -1.30E-10 -7.27E-11 -3.58E-11 -1.83E-11 -9.33E-12
 -4.43E-12 -2.14E-12 -9.45E-13 -4.57E-13 -2.19E-13 -1.06E-13 -4.87E-14 -2.37E-14
 -1.04E-14 -5.07E-15 -2.32E-15 -1.04E-15 -4.65E-16 -2.27E-16 -9.88E-17 -4.50E-17
 -2.14E-17 -9.28E-18 -3.94E-18 -1.81E-18 -7.31E-19 -3.41E-19 -1.32E-19 -6.37E-20
 -2.67E-20 -1.15E-20 -5.17E-21 -2.17E-21 -9.67E-22 -4.04E-22 -1.75E-22 -7.61E-23
 -3.55E-23 -1.77E-23 -9.84E-24 -6.43E-24 -4.52E-24 -3.53E-24 -2.78E-24 -2.20E-24
   80.014671732095223     
  5.12E-24 -1.29E-04  7.79E-05  2.16E-05 -3.06E-06  1.14E-07 -6.93E-07  1.28E-07
 -5.11E-08 -3.18E-08 -3.81E-08 -3.07E-08 -1.75E-08 -6.40E-09 -2.87E-09 -1.43E-09
 -7.63E-10 -3.13E-10 -1.29E-10 -7.91E-11 -4.30E-11 -2.43E-11 -1.31E-11 -6.54E-12
 -3.26E-12 -1.71E-12 -7.51E-13 -3.34E-13 -1.41E-13 -6.32E-14 -2.93E-14 -1.43E-14
 -6.38E-15 -2.90E-15 -1.34E-15 -5.76E-16 -2.48E-16 -1.15E-16 -4.78E-17 -2.15E-17
 -1.02E-17 -4.66E-18 -2.03E-18 -9.21E-19 -3.48E-19 -1.44E-19 -4.44E-20 -1.41E-20
 -2.66E-21  3.46E-22  5.61E-22  3.77E-22  1.63E-22  7.76E-23  2.26E-23  8.88E-24
  2.12E-24  2.59E-24  1.37E-24  1.08E-24  5.49E-25  1.83E-25  7.96E-26 -1.08E-26
   82.019724039995324     
 -3.36E-24 -1.24E-04  5.06E-05  1.96E-05 -1.17E-06 -2.58E-08 -7.91E-07  1.06E-07
 -8.04E-08 -2.14E-08 -2.39E-08 -2.55E-08 -1.77E-08 -7.34E-09 -2.63E-09 -1.13E-09
 -7.07E-10 -3.43E-10 -1.60E-10 -7.14E-11 -3.37E-11 -1.66E-11 -9.68E-12 -5.02E-12
 -2.59E-12 -1.37E-12 -6.96E-13 -3.21E-13 -1.54E-13 -6.43E-14 -2.81E-14 -1.10E-14
 -4.56E-15 -2.10E-15 -9.69E-16 -4.22E-16 -1.76E-16 -7.81E-17 -3.24E-17 -1.36E-17
 -6.13E-18 -2.40E-18 -9.61E-19 -3.84E-19 -1.50E-19 -5.42E-20 -1.80E-20 -4.63E-21
  1.17E-21  2.19E-21  1.88E-21  1.59E-21  8.80E-22  4.89E-22  2.43E-22  1.22E-22
  5.68E-23  2.52E-23  1.05E-23  4.03E-24  1.46E-24  4.07E-25  8.11E-26  1.24E-26
   84.015481132240240     
 -1.40E-23 -1.17E-04  2.68E-05  1.70E-05  2.37E-07 -4.18E-07 -7.75E-07  6.08E-08
 -9.83E-08 -2.30E-08 -1.70E-08 -2.02E-08 -1.46E-08 -7.62E-09 -2.88E-09 -1.12E-09
 -5.78E-10 -3.33E-10 -1.86E-10 -8.83E-11 -4.12E-11 -1.85E-11 -8.72E-12 -4.22E-12
 -2.15E-12 -1.13E-12 -5.71E-13 -2.76E-13 -1.37E-13 -6.56E-14 -3.06E-14 -1.36E-14
 -5.65E-15 -2.34E-15 -9.26E-16 -4.01E-16 -1.62E-16 -7.33E-17 -3.13E-17 -1.39E-17
 -5.96E-18 -2.88E-18 -1.25E-18 -5.33E-19 -2.12E-19 -8.04E-20 -2.27E-20 -8.00E-21
  1.27E-23  6.94E-22  9.57E-22  6.42E-22  4.09E-22  2.18E-22  1.21E-22  6.79E-23
  3.09E-23  1.47E-23  6.42E-24  2.70E-24  1.01E-24 -8.09E-26 -5.08E-25 -7.46E-25
   86.014750048610779     
 -3.16E-25 -1.09E-04  6.26E-06  1.48E-05  1.20E-06 -7.82E-07 -7.01E-07  4.82E-09
 -9.71E-08 -3.04E-08 -1.32E-08 -1.46E-08 -1.08E-08 -6.18E-09 -2.64E-09 -1.07E-09
 -4.88E-10 -2.65E-10 -1.44E-10 -7.56E-11 -3.87E-11 -1.85E-11 -7.81E-12 -3.51E-12
 -1.58E-12 -7.79E-13 -3.87E-13 -1.80E-13 -8.38E-14 -3.95E-14 -1.86E-14 -8.84E-15
 -4.00E-15 -1.89E-15 -7.85E-16 -3.25E-16 -1.29E-16 -5.45E-17 -2.16E-17 -9.71E-18
 -4.02E-18 -1.81E-18 -7.49E-19 -3.28E-19 -1.47E-19 -6.88E-20 -2.95E-20 -1.29E-20
 -4.94E-21 -1.86E-21 -5.67E-22 -1.76E-22 -3.58E-23  1.11E-23  1.08E-23  9.20E-24
  3.14E-24  9.29E-25 -6.93E-25 -1.05E-24 -1.16E-24 -9.69E-25 -8.81E-25 -7.88E-25
   88.016479110776132     
  1.01E-25 -9.92E-05 -1.27E-05  1.30E-05  1.73E-06 -1.04E-06 -5.71E-07 -4.14E-08
 -8.94E-08 -4.01E-08 -9.08E-09 -9.23E-09 -7.30E-09 -4.48E-09 -2.15E-09 -9.25E-10
 -4.37E-10 -2.05E-10 -1.00E-10 -5.10E-11 -2.72E-11 -1.40E-11 -5.97E-12 -2.79E-12
 -1.14E-12 -5.28E-13 -2.37E-13 -1.08E-13 -5.09E-14 -2.23E-14 -9.98E-15 -4.44E-15
 -1.93E-15 -9.00E-16 -4.18E-16 -1.88E-16 -8.15E-17 -3.36E-17 -1.41E-17 -5.67E-18
 -2.42E-18 -1.05E-18 -4.11E-19 -1.75E-19 -7.38E-20 -2.91E-20 -1.19E-20 -5.19E-21
 -2.39E-21 -1.07E-21 -4.41E-22 -1.83E-22 -7.74E-23 -3.08E-23 -1.34E-23 -5.73E-24
 -2.75E-24 -1.45E-24 -8.00E-25 -6.24E-25 -5.75E-25 -5.16E-25 -4.57E-25 -4.40E-25
   90.019025640046564     
 -6.66E-27 -8.81E-05 -2.95E-05  1.11E-05  2.00E-06 -1.20E-06 -3.99E-07 -6.60E-08
 -8.23E-08 -4.79E-08 -7.03E-09 -6.04E-09 -4.23E-09 -3.04E-09 -1.65E-09 -7.71E-10
 -4.00E-10 -1.76E-10 -7.83E-11 -3.59E-11 -1.85E-11 -9.11E-12 -4.14E-12 -2.05E-12
 -8.79E-13 -4.04E-13 -1.71E-13 -7.28E-14 -3.23E-14 -1.44E-14 -6.48E-15 -2.84E-15
 -1.16E-15 -5.07E-16 -2.16E-16 -9.16E-17 -4.13E-17 -1.85E-17 -8.21E-18 -3.46E-18
 -1.50E-18 -6.21E-19 -2.46E-19 -1.03E-19 -4.53E-20 -1.84E-20 -7.22E-21 -3.04E-21
 -1.18E-21 -4.82E-22 -1.87E-22 -8.32E-23 -3.70E-23 -1.57E-23 -7.08E-24 -3.13E-24
 -1.73E-24 -9.24E-25 -6.65E-25 -5.22E-25 -4.09E-25 -3.52E-25 -2.83E-25 -2.21E-25
   92.021931397961879     
 -2.03E-25 -7.77E-05 -4.21E-05  9.58E-06  2.13E-06 -1.24E-06 -2.64E-07 -7.27E-08
 -7.35E-08 -4.95E-08 -7.65E-09 -5.01E-09 -2.43E-09 -1.97E-09 -1.19E-09 -6.03E-10
 -3.36E-10 -1.63E-10 -6.86E-11 -3.04E-11 -1.43E-11 -6.24E-12 -2.73E-12 -1.30E-12
 -5.89E-13 -2.87E-13 -1.27E-13 -5.50E-14 -2.37E-14 -1.00E-14 -4.28E-15 -1.92E-15
 -8.16E-16 -3.62E-16 -1.57E-16 -6.35E-17 -2.58E-17 -1.08E-17 -4.55E-18 -1.95E-18
 -8.37E-19 -3.75E-19 -1.55E-19 -6.37E-20 -2.72E-20 -1.15E-20 -4.52E-21 -1.98E-21
 -8.26E-22 -3.45E-22 -1.26E-22 -5.39E-23 -2.15E-23 -9.05E-24 -4.49E-24 -2.18E-24
 -1.46E-24 -8.45E-25 -6.88E-25 -4.99E-25 -3.97E-25 -3.29E-25 -2.49E-25 -2.50E-25
   94.014462801550081     
 -1.35E-24 -6.85E-05 -5.03E-05  8.48E-06  2.10E-06 -1.11E-06 -1.90E-07 -7.06E-08
 -6.34E-08 -4.56E-08 -8.51E-09 -4.10E-09 -1.86E-09 -1.36E-09 -9.04E-10 -4.54E-10
 -2.58E-10 -1.40E-10 -6.01E-11 -2.78E-11 -1.27E-11 -5.62E-12 -2.24E-12 -1.02E-12
 -4.32E-13 -2.08E-13 -9.09E-14 -4.33E-14 -1.96E-14 -8.66E-15 -3.73E-15 -1.65E-15
 -6.95E-16 -2.96E-16 -1.35E-16 -5.59E-17 -2.42E-17 -1.03E-17 -4.50E-18 -1.85E-18
 -7.72E-19 -3.37E-19 -1.36E-19 -5.76E-20 -2.47E-20 -1.06E-20 -4.45E-21 -1.93E-21
 -8.34E-22 -3.54E-22 -1.41E-22 -5.97E-23 -2.51E-23 -1.14E-23 -5.65E-24 -2.76E-24
 -1.93E-24 -1.11E-24 -8.56E-25 -6.16E-25 -5.04E-25 -3.90E-25 -3.56E-25 -2.77E-25
   96.021128518135583     
 -7.61E-28 -5.98E-05 -5.53E-05  7.58E-06  1.96E-06 -8.76E-07 -1.41E-07 -5.88E-08
 -5.56E-08 -4.08E-08 -8.44E-09 -2.84E-09 -1.55E-09 -1.01E-09 -7.52E-10 -3.61E-10
 -2.06E-10 -1.13E-10 -5.13E-11 -2.51E-11 -1.20E-11 -5.55E-12 -2.31E-12 -1.04E-12
 -4.45E-13 -2.05E-13 -9.09E-14 -4.15E-14 -1.93E-14 -8.94E-15 -3.96E-15 -1.85E-15
 -7.96E-16 -3.51E-16 -1.56E-16 -6.45E-17 -2.83E-17 -1.19E-17 -5.44E-18 -2.25E-18
 -1.01E-18 -4.51E-19 -1.85E-19 -8.31E-20 -3.52E-20 -1.47E-20 -6.41E-21 -2.63E-21
 -1.17E-21 -5.03E-22 -2.07E-22 -8.78E-23 -3.75E-23 -1.67E-23 -7.37E-24 -3.56E-24
 -2.00E-24 -1.14E-24 -7.81E-25 -5.71E-25 -4.45E-25 -3.55E-25 -3.09E-25 -2.73E-25
   98.018460000208265     
 -4.83E-24 -5.20E-05 -5.78E-05  6.69E-06  1.86E-06 -6.44E-07 -1.07E-07 -4.10E-08
 -4.98E-08 -3.66E-08 -7.44E-09 -1.87E-09 -1.18E-09 -6.90E-10 -6.12E-10 -2.90E-10
 -1.73E-10 -8.83E-11 -4.23E-11 -2.11E-11 -1.04E-11 -5.08E-12 -2.24E-12 -1.01E-12
 -4.56E-13 -2.02E-13 -9.23E-14 -4.03E-14 -1.94E-14 -8.69E-15 -3.99E-15 -1.89E-15
 -8.24E-16 -3.88E-16 -1.71E-16 -7.41E-17 -3.31E-17 -1.38E-17 -6.38E-18 -2.61E-18
 -1.20E-18 -5.38E-19 -2.24E-19 -1.08E-19 -4.55E-20 -2.05E-20 -8.83E-21 -3.72E-21
 -1.69E-21 -7.14E-22 -2.98E-22 -1.27E-22 -5.44E-23 -2.37E-23 -1.03E-23 -4.90E-24
 -2.36E-24 -1.29E-24 -7.25E-25 -4.60E-25 -3.46E-25 -2.50E-25 -2.09E-25 -1.78E-25
   100.01578541434814     
 -4.53E-24 -4.53E-05 -5.91E-05  5.96E-06  1.85E-06 -4.29E-07 -7.94E-08 -2.67E-08
 -4.42E-08 -3.24E-08 -6.19E-09 -1.28E-09 -7.97E-10 -3.96E-10 -4.54E-10 -2.17E-10
 -1.41E-10 -6.66E-11 -3.35E-11 -1.63E-11 -8.18E-12 -4.23E-12 -1.88E-12 -8.80E-13
 -4.09E-13 -1.79E-13 -8.20E-14 -3.53E-14 -1.70E-14 -7.48E-15 -3.51E-15 -1.66E-15
 -7.25E-16 -3.62E-16 -1.57E-16 -7.16E-17 -3.25E-17 -1.38E-17 -6.44E-18 -2.64E-18
 -1.22E-18 -5.38E-19 -2.24E-19 -1.09E-19 -4.63E-20 -2.20E-20 -9.35E-21 -4.19E-21
 -1.95E-21 -8.23E-22 -3.57E-22 -1.54E-22 -6.47E-23 -2.78E-23 -1.18E-23 -5.43E-24
 -2.61E-24 -1.30E-24 -7.24E-25 -4.16E-25 -2.80E-25 -2.13E-25 -1.67E-25 -1.30E-25
   102.01320806538222     
  5.37E-25 -3.95E-05 -5.99E-05  5.62E-06  1.88E-06 -2.32E-07 -4.86E-08 -1.66E-08
 -3.73E-08 -2.79E-08 -5.32E-09 -9.92E-10 -5.92E-10 -2.31E-10 -3.27E-10 -1.58E-10
 -1.14E-10 -4.98E-11 -2.66E-11 -1.23E-11 -6.18E-12 -3.39E-12 -1.46E-12 -7.24E-13
 -3.39E-13 -1.50E-13 -6.91E-14 -2.94E-14 -1.41E-14 -6.17E-15 -2.87E-15 -1.36E-15
 -5.94E-16 -3.00E-16 -1.29E-16 -6.08E-17 -2.77E-17 -1.21E-17 -5.70E-18 -2.36E-18
 -1.11E-18 -4.79E-19 -2.01E-19 -9.60E-20 -4.07E-20 -1.95E-20 -8.16E-21 -3.81E-21
 -1.81E-21 -7.65E-22 -3.47E-22 -1.53E-22 -6.57E-23 -2.84E-23 -1.19E-23 -5.46E-24
 -2.49E-24 -1.20E-24 -6.51E-25 -3.79E-25 -2.37E-25 -1.71E-25 -1.24E-25 -9.25E-26
   104.02312918987752     
 -2.61E-24 -3.41E-05 -5.98E-05  5.39E-06  1.91E-06 -6.05E-08 -1.83E-08 -8.71E-09
 -3.06E-08 -2.35E-08 -5.00E-09 -9.88E-10 -6.25E-10 -2.23E-10 -2.60E-10 -1.29E-10
 -9.59E-11 -4.02E-11 -2.19E-11 -9.82E-12 -4.87E-12 -2.74E-12 -1.13E-12 -5.83E-13
 -2.74E-13 -1.23E-13 -5.73E-14 -2.42E-14 -1.16E-14 -5.04E-15 -2.31E-15 -1.07E-15
 -4.74E-16 -2.34E-16 -1.00E-16 -4.75E-17 -2.15E-17 -9.54E-18 -4.49E-18 -1.89E-18
 -9.00E-19 -3.83E-19 -1.63E-19 -7.61E-20 -3.22E-20 -1.53E-20 -6.25E-21 -2.94E-21
 -1.38E-21 -5.83E-22 -2.69E-22 -1.20E-22 -5.24E-23 -2.30E-23 -9.91E-24 -4.69E-24
 -2.19E-24 -1.10E-24 -6.35E-25 -3.72E-25 -2.78E-25 -2.06E-25 -1.60E-25 -1.32E-25
   106.02180513614167     
 -3.71E-24 -3.01E-05 -5.79E-05  5.10E-06  1.97E-06  7.08E-08  7.74E-09 -3.62E-09
 -2.50E-08 -1.89E-08 -4.77E-09 -1.12E-09 -7.40E-10 -2.90E-10 -2.31E-10 -1.19E-10
 -8.10E-11 -3.45E-11 -1.80E-11 -7.95E-12 -3.91E-12 -2.14E-12 -8.71E-13 -4.47E-13
 -2.07E-13 -9.44E-14 -4.37E-14 -1.85E-14 -8.81E-15 -3.79E-15 -1.72E-15 -7.79E-16
 -3.45E-16 -1.66E-16 -7.05E-17 -3.28E-17 -1.46E-17 -6.52E-18 -3.00E-18 -1.26E-18
 -6.00E-19 -2.53E-19 -1.09E-19 -4.92E-20 -2.09E-20 -9.78E-21 -3.87E-21 -1.83E-21
 -8.29E-22 -3.48E-22 -1.59E-22 -6.91E-23 -3.07E-23 -1.33E-23 -5.82E-24 -2.79E-24
 -1.28E-24 -6.97E-25 -3.90E-25 -2.52E-25 -1.88E-25 -1.49E-25 -1.12E-25 -8.99E-26
   108.02067161876029     
  1.97E-24 -2.73E-05 -5.47E-05  4.88E-06  2.03E-06  1.62E-07  3.41E-08 -5.64E-10
 -1.99E-08 -1.41E-08 -4.18E-09 -1.05E-09 -7.46E-10 -3.17E-10 -1.94E-10 -1.05E-10
 -6.30E-11 -2.78E-11 -1.36E-11 -5.91E-12 -2.91E-12 -1.50E-12 -6.12E-13 -3.08E-13
 -1.38E-13 -6.43E-14 -2.89E-14 -1.22E-14 -5.77E-15 -2.44E-15 -1.09E-15 -4.85E-16
 -2.12E-16 -9.91E-17 -4.20E-17 -1.87E-17 -8.28E-18 -3.66E-18 -1.61E-18 -6.81E-19
 -3.14E-19 -1.31E-19 -5.68E-20 -2.42E-20 -1.04E-20 -4.74E-21 -1.81E-21 -8.51E-22
 -3.66E-22 -1.53E-22 -6.83E-23 -2.83E-23 -1.25E-23 -5.34E-24 -2.31E-24 -1.09E-24
 -4.87E-25 -2.81E-25 -1.50E-25 -1.01E-25 -7.74E-26 -6.24E-26 -5.24E-26 -4.79E-26
   110.02059609420029     
  3.25E-24 -2.48E-05 -5.18E-05  4.80E-06  2.05E-06  2.31E-07  6.13E-08  1.54E-09
 -1.52E-08 -1.00E-08 -3.46E-09 -8.05E-10 -6.36E-10 -2.90E-10 -1.48E-10 -8.48E-11
 -4.57E-11 -2.10E-11 -9.61E-12 -4.09E-12 -2.05E-12 -9.81E-13 -4.08E-13 -2.01E-13
 -8.65E-14 -4.12E-14 -1.78E-14 -7.48E-15 -3.51E-15 -1.46E-15 -6.41E-16 -2.82E-16
 -1.20E-16 -5.48E-17 -2.34E-17 -9.91E-18 -4.40E-18 -1.91E-18 -8.15E-19 -3.46E-19
 -1.51E-19 -6.40E-20 -2.75E-20 -1.10E-20 -4.80E-21 -2.11E-21 -7.91E-22 -3.67E-22
 -1.50E-22 -6.34E-23 -2.71E-23 -1.09E-23 -4.78E-24 -2.00E-24 -8.72E-25 -3.87E-25
 -1.91E-25 -1.12E-25 -6.08E-26 -4.52E-26 -3.72E-26 -2.65E-26 -2.37E-26 -2.41E-26
   112.02246564548703     
  2.71E-24 -2.20E-05 -4.96E-05  4.73E-06  1.99E-06  2.80E-07  8.12E-08  2.88E-09
 -1.15E-08 -6.90E-09 -2.94E-09 -6.16E-10 -5.12E-10 -2.50E-10 -1.12E-10 -6.73E-11
 -3.42E-11 -1.58E-11 -6.97E-12 -2.89E-12 -1.46E-12 -6.61E-13 -2.80E-13 -1.37E-13
 -5.73E-14 -2.77E-14 -1.17E-14 -4.87E-15 -2.27E-15 -9.28E-16 -4.06E-16 -1.78E-16
 -7.45E-17 -3.37E-17 -1.45E-17 -5.95E-18 -2.65E-18 -1.13E-18 -4.80E-19 -2.04E-19
 -8.55E-20 -3.71E-20 -1.57E-20 -6.14E-21 -2.70E-21 -1.15E-21 -4.33E-22 -1.96E-22
 -7.85E-23 -3.36E-23 -1.39E-23 -5.56E-24 -2.48E-24 -1.04E-24 -4.80E-25 -2.27E-25
 -1.34E-25 -7.67E-26 -5.48E-26 -4.52E-26 -3.28E-26 -3.02E-26 -2.24E-26 -2.24E-26
   114.01351508099116     
 -4.94E-25 -1.93E-05 -4.73E-05  4.62E-06  1.91E-06  3.10E-07  9.14E-08  3.89E-09
 -9.01E-09 -4.75E-09 -2.62E-09 -5.48E-10 -4.36E-10 -2.20E-10 -9.43E-11 -5.52E-11
 -2.78E-11 -1.28E-11 -5.44E-12 -2.25E-12 -1.12E-12 -4.86E-13 -2.10E-13 -1.02E-13
 -4.22E-14 -2.04E-14 -8.45E-15 -3.55E-15 -1.65E-15 -6.65E-16 -2.93E-16 -1.28E-16
 -5.30E-17 -2.41E-17 -1.03E-17 -4.22E-18 -1.88E-18 -7.82E-19 -3.40E-19 -1.43E-19
 -5.88E-20 -2.61E-20 -1.08E-20 -4.25E-21 -1.87E-21 -7.79E-22 -3.03E-22 -1.33E-22
 -5.31E-23 -2.32E-23 -9.28E-24 -3.82E-24 -1.70E-24 -7.31E-25 -3.69E-25 -1.78E-25
 -1.17E-25 -8.09E-26 -5.36E-26 -4.15E-26 -3.87E-26 -3.03E-26 -2.12E-26 -2.05E-26
   116.01595922425747     
  6.38E-25 -1.72E-05 -4.42E-05  4.47E-06  1.86E-06  3.34E-07  9.82E-08  5.82E-09
 -7.37E-09 -3.39E-09 -2.33E-09 -5.16E-10 -3.84E-10 -1.93E-10 -8.48E-11 -4.59E-11
 -2.30E-11 -1.08E-11 -4.36E-12 -1.85E-12 -8.80E-13 -3.71E-13 -1.64E-13 -7.72E-14
 -3.17E-14 -1.52E-14 -6.15E-15 -2.62E-15 -1.18E-15 -4.75E-16 -2.10E-16 -8.95E-17
 -3.71E-17 -1.67E-17 -7.07E-18 -2.91E-18 -1.28E-18 -5.21E-19 -2.32E-19 -9.47E-20
 -3.89E-20 -1.73E-20 -6.96E-21 -2.79E-21 -1.20E-21 -4.97E-22 -1.97E-22 -8.29E-23
 -3.42E-23 -1.49E-23 -5.87E-24 -2.50E-24 -1.13E-24 -5.21E-25 -2.74E-25 -1.54E-25
 -1.07E-25 -7.38E-26 -5.95E-26 -4.26E-26 -4.06E-26 -3.16E-26 -2.47E-26 -2.02E-26
   118.01913850375709     
 -1.37E-24 -1.57E-05 -4.05E-05  4.30E-06  1.81E-06  3.45E-07  1.04E-07  8.16E-09
 -6.46E-09 -2.67E-09 -2.04E-09 -4.74E-10 -3.30E-10 -1.60E-10 -7.35E-11 -3.74E-11
 -1.83E-11 -8.73E-12 -3.38E-12 -1.45E-12 -6.72E-13 -2.74E-13 -1.22E-13 -5.58E-14
 -2.27E-14 -1.07E-14 -4.21E-15 -1.81E-15 -7.91E-16 -3.16E-16 -1.39E-16 -5.77E-17
 -2.39E-17 -1.05E-17 -4.41E-18 -1.81E-18 -7.82E-19 -3.13E-19 -1.40E-19 -5.56E-20
 -2.28E-20 -1.00E-20 -3.97E-21 -1.59E-21 -6.68E-22 -2.80E-22 -1.10E-22 -4.51E-23
 -1.88E-23 -8.04E-24 -3.21E-24 -1.35E-24 -6.19E-25 -3.01E-25 -1.67E-25 -9.73E-26
 -7.53E-26 -5.70E-26 -4.31E-26 -3.81E-26 -3.09E-26 -2.70E-26 -2.28E-26 -1.90E-26
   120.01235475510678     
 -1.04E-24 -1.43E-05 -3.69E-05  4.14E-06  1.72E-06  3.42E-07  1.08E-07  9.13E-09
 -6.20E-09 -2.28E-09 -1.76E-09 -4.11E-10 -2.73E-10 -1.25E-10 -5.96E-11 -2.96E-11
 -1.39E-11 -6.80E-12 -2.56E-12 -1.09E-12 -4.97E-13 -1.96E-13 -8.71E-14 -3.93E-14
 -1.57E-14 -7.39E-15 -2.84E-15 -1.22E-15 -5.22E-16 -2.08E-16 -9.14E-17 -3.73E-17
 -1.54E-17 -6.57E-18 -2.79E-18 -1.13E-18 -4.81E-19 -1.92E-19 -8.60E-20 -3.35E-20
 -1.37E-20 -5.96E-21 -2.35E-21 -9.39E-22 -3.85E-22 -1.63E-22 -6.35E-23 -2.56E-23
 -1.06E-23 -4.53E-24 -1.76E-24 -7.27E-25 -3.18E-25 -1.49E-25 -7.59E-26 -4.42E-26
 -3.17E-26 -2.35E-26 -1.94E-26 -1.69E-26 -1.41E-26 -1.30E-26 -1.11E-26 -9.20E-27
   122.01844022908587     
 -2.24E-24 -1.27E-05 -3.40E-05  3.98E-06  1.62E-06  3.32E-07  1.08E-07  9.49E-09
 -6.09E-09 -1.94E-09 -1.46E-09 -3.18E-10 -2.07E-10 -9.10E-11 -4.47E-11 -2.25E-11
 -1.01E-11 -5.07E-12 -1.88E-12 -7.81E-13 -3.61E-13 -1.38E-13 -6.06E-14 -2.74E-14
 -1.08E-14 -5.05E-15 -1.93E-15 -8.34E-16 -3.48E-16 -1.40E-16 -6.12E-17 -2.47E-17
 -1.02E-17 -4.27E-18 -1.82E-18 -7.36E-19 -3.08E-19 -1.23E-19 -5.50E-20 -2.13E-20
 -8.64E-21 -3.72E-21 -1.48E-21 -5.82E-22 -2.35E-22 -1.00E-22 -3.86E-23 -1.55E-23
 -6.38E-24 -2.70E-24 -1.06E-24 -4.35E-25 -1.94E-25 -1.01E-25 -5.59E-26 -3.37E-26
 -2.74E-26 -2.05E-26 -1.66E-26 -1.56E-26 -1.25E-26 -1.24E-26 -1.01E-26 -8.72E-27
   124.01325541857372     
 -8.14E-25 -1.10E-05 -3.13E-05  3.78E-06  1.53E-06  3.20E-07  1.06E-07  1.05E-08
 -5.78E-09 -1.64E-09 -1.17E-09 -2.30E-10 -1.45E-10 -6.43E-11 -3.27E-11 -1.71E-11
 -7.37E-12 -3.75E-12 -1.41E-12 -5.75E-13 -2.70E-13 -1.02E-13 -4.39E-14 -1.97E-14
 -7.83E-15 -3.58E-15 -1.36E-15 -5.97E-16 -2.42E-16 -9.93E-17 -4.30E-17 -1.72E-17
 -7.11E-18 -2.92E-18 -1.25E-18 -5.03E-19 -2.07E-19 -8.26E-20 -3.68E-20 -1.42E-20
 -5.70E-21 -2.45E-21 -9.72E-22 -3.79E-22 -1.52E-22 -6.50E-23 -2.46E-23 -9.90E-24
 -4.08E-24 -1.73E-24 -7.15E-25 -2.92E-25 -1.45E-25 -8.15E-26 -4.74E-26 -3.56E-26
 -2.43E-26 -2.37E-26 -1.51E-26 -1.61E-26 -1.11E-26 -1.02E-26 -9.23E-27 -6.97E-27
   126.02013877610948     
  3.04E-25 -9.30E-06 -2.86E-05  3.55E-06  1.44E-06  3.05E-07  1.02E-07  1.13E-08
 -5.52E-09 -1.54E-09 -9.69E-10 -1.92E-10 -1.08E-10 -5.06E-11 -2.61E-11 -1.38E-11
 -5.95E-12 -2.92E-12 -1.13E-12 -4.65E-13 -2.15E-13 -8.21E-14 -3.47E-14 -1.51E-14
 -6.06E-15 -2.71E-15 -1.02E-15 -4.55E-16 -1.79E-16 -7.45E-17 -3.20E-17 -1.28E-17
 -5.22E-18 -2.12E-18 -9.08E-19 -3.62E-19 -1.47E-19 -5.85E-20 -2.60E-20 -1.00E-20
 -3.96E-21 -1.70E-21 -6.79E-22 -2.60E-22 -1.04E-22 -4.45E-23 -1.67E-23 -6.76E-24
 -2.79E-24 -1.24E-24 -5.31E-25 -2.51E-25 -1.39E-25 -9.39E-26 -5.99E-26 -5.05E-26
 -3.82E-26 -3.32E-26 -2.73E-26 -2.18E-26 -1.98E-26 -1.49E-26 -1.40E-26 -1.09E-26
   128.01518219856007     
  8.61E-25 -7.93E-06 -2.57E-05  3.30E-06  1.34E-06  2.85E-07  9.60E-08  1.09E-08
 -5.48E-09 -1.61E-09 -8.53E-10 -1.88E-10 -9.50E-11 -4.65E-11 -2.31E-11 -1.17E-11
 -5.25E-12 -2.40E-12 -9.39E-13 -3.96E-13 -1.75E-13 -6.76E-14 -2.82E-14 -1.18E-14
 -4.74E-15 -2.10E-15 -7.78E-16 -3.47E-16 -1.36E-16 -5.58E-17 -2.37E-17 -9.56E-18
 -3.81E-18 -1.54E-18 -6.63E-19 -2.60E-19 -1.05E-19 -4.13E-20 -1.84E-20 -7.04E-21
 -2.73E-21 -1.18E-21 -4.72E-22 -1.78E-22 -7.06E-23 -3.03E-23 -1.13E-23 -4.53E-24
 -1.87E-24 -8.38E-25 -3.59E-25 -1.68E-25 -9.84E-26 -6.14E-26 -4.49E-26 -3.45E-26
 -2.62E-26 -2.40E-26 -1.80E-26 -1.63E-26 -1.34E-26 -1.16E-26 -1.02E-26 -7.70E-27
   130.02237862877911     
  1.40E-25 -6.73E-06 -2.30E-05  3.06E-06  1.25E-06  2.66E-07  8.93E-08  9.98E-09
 -5.48E-09 -1.64E-09 -7.32E-10 -1.64E-10 -8.26E-11 -4.18E-11 -2.01E-11 -9.42E-12
 -4.45E-12 -1.90E-12 -7.35E-13 -3.19E-13 -1.36E-13 -5.18E-14 -2.15E-14 -8.69E-15
 -3.45E-15 -1.52E-15 -5.57E-16 -2.46E-16 -9.61E-17 -3.89E-17 -1.63E-17 -6.61E-18
 -2.58E-18 -1.03E-18 -4.45E-19 -1.72E-19 -6.84E-20 -2.66E-20 -1.19E-20 -4.49E-21
 -1.71E-21 -7.42E-22 -2.94E-22 -1.09E-22 -4.27E-23 -1.84E-23 -6.78E-24 -2.67E-24
 -1.07E-24 -4.82E-25 -2.01E-25 -8.83E-26 -5.15E-26 -3.23E-26 -2.24E-26 -1.75E-26
 -1.43E-26 -1.22E-26 -1.00E-26 -8.74E-27 -7.28E-27 -6.40E-27 -5.87E-27 -4.63E-27
   132.01886960199536     
 -6.45E-25 -5.45E-06 -2.06E-05  2.82E-06  1.16E-06  2.52E-07  8.33E-08  9.25E-09
 -5.39E-09 -1.50E-09 -5.70E-10 -1.11E-10 -6.02E-11 -3.32E-11 -1.59E-11 -6.82E-12
 -3.44E-12 -1.43E-12 -5.36E-13 -2.42E-13 -9.95E-14 -3.70E-14 -1.54E-14 -6.10E-15
 -2.36E-15 -1.04E-15 -3.81E-16 -1.65E-16 -6.45E-17 -2.59E-17 -1.06E-17 -4.31E-18
 -1.66E-18 -6.50E-19 -2.82E-19 -1.08E-19 -4.21E-20 -1.62E-20 -7.26E-21 -2.69E-21
 -1.01E-21 -4.36E-22 -1.71E-22 -6.27E-23 -2.41E-23 -1.03E-23 -3.76E-24 -1.46E-24
 -5.71E-25 -2.59E-25 -1.02E-25 -4.29E-26 -2.28E-26 -1.27E-26 -8.01E-27 -5.83E-27
 -4.66E-27 -3.80E-27 -3.07E-27 -2.62E-27 -2.29E-27 -1.96E-27 -2.18E-27 -1.75E-27
   134.01630050906024     
 -4.17E-25 -4.06E-06 -1.87E-05  2.59E-06  1.08E-06  2.37E-07  7.68E-08  8.68E-09
 -5.11E-09 -1.27E-09 -3.98E-10 -5.90E-11 -3.76E-11 -2.46E-11 -1.24E-11 -4.66E-12
 -2.56E-12 -1.10E-12 -3.85E-13 -1.81E-13 -7.45E-14 -2.66E-14 -1.10E-14 -4.47E-15
 -1.66E-15 -7.27E-16 -2.70E-16 -1.15E-16 -4.45E-17 -1.80E-17 -7.30E-18 -2.93E-18
 -1.13E-18 -4.37E-19 -1.88E-19 -7.15E-20 -2.76E-20 -1.04E-20 -4.70E-21 -1.72E-21
 -6.34E-22 -2.72E-22 -1.06E-22 -3.83E-23 -1.46E-23 -6.21E-24 -2.26E-24 -8.74E-25
 -3.52E-25 -1.69E-25 -7.59E-26 -3.93E-26 -2.76E-26 -1.88E-26 -1.38E-26 -1.13E-26
 -8.90E-27 -7.47E-27 -5.79E-27 -5.13E-27 -4.48E-27 -3.55E-27 -3.05E-27 -2.42E-27
   136.01387709327088     
 -5.87E-27 -2.70E-06 -1.69E-05  2.37E-06  9.86E-07  2.20E-07  6.91E-08  7.89E-09
 -4.67E-09 -1.11E-09 -2.72E-10 -3.50E-11 -2.73E-11 -2.06E-11 -1.10E-11 -3.53E-12
 -2.00E-12 -9.16E-13 -3.04E-13 -1.42E-13 -6.04E-14 -2.10E-14 -8.39E-15 -3.56E-15
 -1.29E-15 -5.37E-16 -2.04E-16 -8.66E-17 -3.26E-17 -1.33E-17 -5.40E-18 -2.12E-18
 -8.10E-19 -3.15E-19 -1.33E-19 -5.03E-20 -1.94E-20 -7.20E-21 -3.23E-21 -1.17E-21
 -4.27E-22 -1.82E-22 -7.11E-23 -2.54E-23 -9.53E-24 -4.09E-24 -1.50E-24 -5.84E-25
 -2.54E-25 -1.27E-25 -6.81E-26 -3.83E-26 -2.89E-26 -2.22E-26 -1.63E-26 -1.43E-26
 -1.12E-26 -9.85E-27 -7.86E-27 -6.81E-27 -5.70E-27 -4.68E-27 -4.27E-27 -3.35E-27
   138.02297955048169     
 -1.72E-25 -1.49E-06 -1.52E-05  2.15E-06  9.07E-07  2.04E-07  6.17E-08  6.77E-09
 -4.23E-09 -1.05E-09 -2.04E-10 -2.95E-11 -2.68E-11 -2.00E-11 -1.07E-11 -3.11E-12
 -1.68E-12 -8.02E-13 -2.63E-13 -1.15E-13 -5.05E-14 -1.76E-14 -6.55E-15 -2.87E-15
 -1.04E-15 -4.08E-16 -1.55E-16 -6.58E-17 -2.42E-17 -9.61E-18 -3.97E-18 -1.54E-18
 -5.68E-19 -2.22E-19 -9.32E-20 -3.45E-20 -1.32E-20 -4.86E-21 -2.16E-21 -7.76E-22
 -2.80E-22 -1.18E-22 -4.59E-23 -1.62E-23 -6.01E-24 -2.58E-24 -9.48E-25 -3.63E-25
 -1.61E-25 -8.07E-26 -4.46E-26 -2.63E-26 -2.01E-26 -1.55E-26 -1.18E-26 -1.06E-26
 -8.37E-27 -7.45E-27 -6.06E-27 -5.39E-27 -4.39E-27 -3.71E-27 -3.39E-27 -2.60E-27
   140.02046330020622     
 -2.51E-26 -4.13E-07 -1.35E-05  1.94E-06  8.39E-07  1.91E-07  5.53E-08  5.66E-09
 -3.87E-09 -1.00E-09 -1.54E-10 -2.27E-11 -2.79E-11 -1.91E-11 -1.03E-11 -2.82E-12
 -1.41E-12 -6.82E-13 -2.26E-13 -9.14E-14 -4.07E-14 -1.44E-14 -4.99E-15 -2.20E-15
 -8.02E-16 -3.04E-16 -1.12E-16 -4.79E-17 -1.76E-17 -6.63E-18 -2.78E-18 -1.07E-18
 -3.81E-19 -1.48E-19 -6.23E-20 -2.26E-20 -8.53E-21 -3.11E-21 -1.37E-21 -4.84E-22
 -1.73E-22 -7.18E-23 -2.77E-23 -9.69E-24 -3.54E-24 -1.50E-24 -5.46E-25 -2.10E-25
 -9.09E-26 -4.68E-26 -2.44E-26 -1.57E-26 -1.15E-26 -9.02E-27 -7.08E-27 -5.88E-27
 -4.99E-27 -4.23E-27 -3.32E-27 -2.91E-27 -2.60E-27 -2.11E-27 -1.72E-27 -1.52E-27
   142.01863607995554     
  1.03E-25  6.05E-07 -1.21E-05  1.74E-06  7.75E-07  1.80E-07  4.93E-08  4.76E-09
 -3.53E-09 -8.88E-10 -9.74E-11 -8.47E-12 -2.71E-11 -1.68E-11 -9.27E-12 -2.47E-12
 -1.12E-12 -5.46E-13 -1.87E-13 -6.97E-14 -3.08E-14 -1.12E-14 -3.65E-15 -1.58E-15
 -5.83E-16 -2.19E-16 -7.64E-17 -3.31E-17 -1.23E-17 -4.38E-18 -1.84E-18 -7.12E-19
 -2.45E-19 -9.37E-20 -3.97E-20 -1.42E-20 -5.22E-21 -1.90E-21 -8.31E-22 -2.86E-22
 -1.01E-22 -4.18E-23 -1.59E-23 -5.50E-24 -1.98E-24 -8.35E-25 -3.00E-25 -1.15E-25
 -4.74E-26 -2.48E-26 -1.25E-26 -7.79E-27 -6.16E-27 -5.22E-27 -4.33E-27 -3.65E-27
 -3.25E-27 -3.04E-27 -2.71E-27 -2.35E-27 -2.26E-27 -1.93E-27 -1.59E-27 -1.37E-27
   144.01774768715117     
  9.67E-25  1.60E-06 -1.09E-05  1.57E-06  7.08E-07  1.69E-07  4.33E-08  4.11E-09
 -3.11E-09 -7.49E-10 -3.08E-11  1.29E-11 -2.25E-11 -1.35E-11 -7.77E-12 -2.08E-12
 -8.41E-13 -4.05E-13 -1.48E-13 -5.20E-14 -2.19E-14 -8.41E-15 -2.65E-15 -1.09E-15
 -4.06E-16 -1.57E-16 -5.11E-17 -2.22E-17 -8.49E-18 -2.89E-18 -1.19E-18 -4.67E-19
 -1.59E-19 -5.87E-20 -2.50E-20 -8.90E-21 -3.18E-21 -1.14E-21 -5.00E-22 -1.69E-22
 -5.84E-23 -2.41E-23 -9.08E-24 -3.07E-24 -1.11E-24 -4.61E-25 -1.66E-25 -6.53E-26
 -2.85E-26 -1.55E-26 -8.57E-27 -6.10E-27 -5.02E-27 -4.02E-27 -3.01E-27 -2.37E-27
 -1.89E-27 -1.59E-27 -1.43E-27 -1.15E-27 -9.44E-28 -7.17E-28 -6.26E-28 -4.69E-28
   146.01733105605450     
  1.60E-25  2.56E-06 -9.92E-06  1.41E-06  6.45E-07  1.59E-07  3.80E-08  3.64E-09
 -2.62E-09 -6.50E-10  2.72E-11  3.56E-11 -1.64E-11 -1.06E-11 -6.34E-12 -1.77E-12
 -6.43E-13 -2.87E-13 -1.17E-13 -4.03E-14 -1.54E-14 -6.34E-15 -2.03E-15 -7.72E-16
 -2.80E-16 -1.17E-16 -3.61E-17 -1.50E-17 -5.96E-18 -2.02E-18 -7.89E-19 -3.10E-19
 -1.08E-19 -3.84E-20 -1.61E-20 -5.81E-21 -2.03E-21 -7.10E-22 -3.12E-22 -1.05E-22
 -3.54E-23 -1.46E-23 -5.44E-24 -1.83E-24 -6.55E-25 -2.79E-25 -1.03E-25 -4.55E-26
 -2.27E-26 -1.44E-26 -9.49E-27 -6.79E-27 -5.38E-27 -4.16E-27 -3.20E-27 -2.59E-27
 -2.24E-27 -1.92E-27 -1.55E-27 -1.37E-27 -1.27E-27 -1.06E-27 -8.89E-28 -7.68E-28
   148.01674273115512     
 -4.28E-26  3.41E-06 -8.98E-06  1.27E-06  5.93E-07  1.49E-07  3.35E-08  3.13E-09
 -2.17E-09 -6.18E-10  5.55E-11  4.89E-11 -1.37E-11 -9.50E-12 -5.48E-12 -1.64E-12
 -5.71E-13 -2.17E-13 -9.72E-14 -3.44E-14 -1.19E-14 -4.99E-15 -1.67E-15 -6.01E-16
 -2.01E-16 -9.05E-17 -2.76E-17 -1.07E-17 -4.23E-18 -1.48E-18 -5.54E-19 -2.08E-19
 -7.48E-20 -2.62E-20 -1.05E-20 -3.82E-21 -1.33E-21 -4.53E-22 -1.97E-22 -6.61E-23
 -2.20E-23 -8.92E-24 -3.34E-24 -1.13E-24 -3.98E-25 -1.77E-25 -6.91E-26 -3.24E-26
 -1.92E-26 -1.29E-26 -9.85E-27 -7.13E-27 -5.95E-27 -4.91E-27 -3.86E-27 -3.26E-27
 -2.66E-27 -2.32E-27 -1.82E-27 -1.51E-27 -1.32E-27 -1.10E-27 -9.25E-28 -7.68E-28
   150.01601417190903     
  4.49E-26  4.14E-06 -8.08E-06  1.14E-06  5.47E-07  1.40E-07  2.94E-08  2.49E-09
 -1.80E-09 -6.12E-10  5.79E-11  5.03E-11 -1.54E-11 -9.82E-12 -5.06E-12 -1.63E-12
 -5.76E-13 -1.82E-13 -8.42E-14 -3.10E-14 -1.00E-14 -4.05E-15 -1.41E-15 -4.99E-16
 -1.52E-16 -6.95E-17 -2.17E-17 -8.01E-18 -2.97E-18 -1.08E-18 -3.98E-19 -1.40E-19
 -5.06E-20 -1.80E-20 -6.91E-21 -2.46E-21 -8.66E-22 -2.89E-22 -1.22E-22 -4.08E-23
 -1.35E-23 -5.36E-24 -1.98E-24 -6.69E-25 -2.38E-25 -1.05E-25 -4.26E-26 -2.22E-26
 -1.35E-26 -9.70E-27 -7.05E-27 -5.52E-27 -4.41E-27 -3.51E-27 -2.93E-27 -2.25E-27
 -1.91E-27 -1.54E-27 -1.28E-27 -1.04E-27 -8.76E-28 -7.24E-28 -6.54E-28 -5.08E-28
   152.01567587789185     
 -9.39E-26  4.78E-06 -7.28E-06  1.01E-06  5.03E-07  1.30E-07  2.54E-08  1.91E-09
 -1.50E-09 -5.80E-10  5.64E-11  4.89E-11 -1.71E-11 -9.92E-12 -4.58E-12 -1.54E-12
 -5.67E-13 -1.54E-13 -7.01E-14 -2.68E-14 -8.44E-15 -3.15E-15 -1.13E-15 -4.04E-16
 -1.12E-16 -5.02E-17 -1.63E-17 -5.89E-18 -2.00E-18 -7.48E-19 -2.79E-19 -9.17E-20
 -3.24E-20 -1.19E-20 -4.43E-21 -1.51E-21 -5.37E-22 -1.80E-22 -7.29E-23 -2.39E-23
 -7.98E-24 -3.12E-24 -1.12E-24 -3.71E-25 -1.29E-25 -5.27E-26 -2.00E-26 -9.34E-27
 -5.30E-27 -3.80E-27 -2.67E-27 -2.14E-27 -1.78E-27 -1.63E-27 -1.57E-27 -1.30E-27
 -1.09E-27 -8.66E-28 -7.12E-28 -6.63E-28 -5.97E-28 -4.88E-28 -3.94E-28 -2.95E-28
   154.01612834204306     
  1.57E-25  5.36E-06 -6.62E-06  9.00E-07  4.62E-07  1.23E-07  2.21E-08  1.61E-09
 -1.21E-09 -5.18E-10  6.58E-11  5.42E-11 -1.44E-11 -8.74E-12 -3.71E-12 -1.30E-12
 -5.02E-13 -1.17E-13 -5.22E-14 -2.10E-14 -6.64E-15 -2.25E-15 -8.24E-16 -3.08E-16
 -7.88E-17 -3.33E-17 -1.14E-17 -4.21E-18 -1.27E-18 -4.84E-19 -1.88E-19 -5.86E-20
 -1.97E-20 -7.48E-21 -2.79E-21 -8.98E-22 -3.20E-22 -1.09E-22 -4.27E-23 -1.35E-23
 -4.61E-24 -1.78E-24 -6.09E-25 -2.01E-25 -7.05E-26 -2.75E-26 -9.92E-27 -4.71E-27
 -2.28E-27 -1.41E-27 -8.52E-28 -7.19E-28 -5.51E-28 -4.12E-28 -3.60E-28 -2.13E-28
 -2.06E-28 -2.14E-28 -1.71E-28 -1.24E-28 -7.97E-29 -8.10E-29 -1.06E-28 -8.81E-29
   156.01721095917861     
  2.09E-25  5.88E-06 -6.06E-06  8.02E-07  4.23E-07  1.16E-07  1.94E-08  1.54E-09
 -8.94E-10 -4.58E-10  7.92E-11  6.45E-11 -8.82E-12 -7.05E-12 -2.76E-12 -1.01E-12
 -4.20E-13 -8.37E-14 -3.52E-14 -1.53E-14 -5.19E-15 -1.55E-15 -5.60E-16 -2.31E-16
 -5.65E-17 -2.10E-17 -7.54E-18 -3.05E-18 -8.14E-19 -2.98E-19 -1.26E-19 -3.88E-20
 -1.18E-20 -4.58E-21 -1.78E-21 -5.48E-22 -1.87E-22 -6.60E-23 -2.57E-23 -7.80E-24
 -2.64E-24 -1.04E-24 -3.52E-25 -1.18E-25 -4.56E-26 -2.10E-26 -1.03E-26 -7.10E-27
 -5.07E-27 -3.65E-27 -2.86E-27 -2.22E-27 -1.88E-27 -1.61E-27 -1.31E-27 -1.01E-27
 -8.14E-28 -6.19E-28 -4.96E-28 -4.04E-28 -3.50E-28 -2.57E-28 -1.95E-28 -1.31E-28
   158.01832714746047     
 -1.55E-25  6.31E-06 -5.54E-06  7.19E-07  3.87E-07  1.10E-07  1.70E-08  1.40E-09
 -6.27E-10 -4.28E-10  8.02E-11  6.92E-11 -5.12E-12 -6.20E-12 -2.26E-12 -8.21E-13
 -3.72E-13 -7.16E-14 -2.54E-14 -1.15E-14 -4.49E-15 -1.22E-15 -3.98E-16 -1.82E-16
 -4.64E-17 -1.45E-17 -5.00E-18 -2.30E-18 -5.89E-19 -1.88E-19 -8.44E-20 -2.73E-20
 -7.57E-21 -2.76E-21 -1.14E-21 -3.54E-22 -1.11E-22 -3.91E-23 -1.58E-23 -4.62E-24
 -1.50E-24 -6.16E-25 -2.10E-25 -7.16E-26 -2.98E-26 -1.50E-26 -7.72E-27 -5.51E-27
 -4.00E-27 -3.22E-27 -2.36E-27 -1.99E-27 -1.63E-27 -1.25E-27 -1.05E-27 -8.47E-28
 -7.21E-28 -5.83E-28 -4.67E-28 -3.92E-28 -3.59E-28 -2.86E-28 -2.47E-28 -2.07E-28
   160.01920280268484     
  2.37E-26  6.66E-06 -5.05E-06  6.45E-07  3.55E-07  1.02E-07  1.48E-08  1.09E-09
 -4.53E-10 -4.18E-10  6.72E-11  6.47E-11 -4.75E-12 -6.21E-12 -2.16E-12 -7.45E-13
 -3.56E-13 -7.50E-14 -2.26E-14 -9.52E-15 -4.20E-15 -1.12E-15 -3.25E-16 -1.51E-16
 -4.21E-17 -1.20E-17 -3.62E-18 -1.79E-18 -4.81E-19 -1.34E-19 -5.75E-20 -2.00E-20
 -5.46E-21 -1.76E-21 -7.41E-22 -2.40E-22 -7.02E-23 -2.35E-23 -9.87E-24 -2.89E-24
 -8.84E-25 -3.64E-25 -1.29E-25 -4.33E-26 -1.89E-26 -1.03E-26 -6.01E-27 -4.47E-27
 -3.45E-27 -2.66E-27 -2.14E-27 -1.68E-27 -1.42E-27 -1.09E-27 -9.22E-28 -7.58E-28
 -6.36E-28 -5.16E-28 -4.22E-28 -3.26E-28 -2.74E-28 -2.12E-28 -1.69E-28 -1.33E-28
   162.02014939337312     
  9.37E-26  6.93E-06 -4.60E-06  5.74E-07  3.28E-07  9.50E-08  1.30E-08  8.03E-10
 -3.31E-10 -3.98E-10  5.21E-11  5.69E-11 -4.97E-12 -6.12E-12 -2.07E-12 -6.74E-13
 -3.32E-13 -7.74E-14 -2.11E-14 -7.92E-15 -3.78E-15 -1.02E-15 -2.72E-16 -1.21E-16
 -3.68E-17 -1.04E-17 -2.69E-18 -1.34E-18 -3.90E-19 -1.01E-19 -3.89E-20 -1.43E-20
 -4.06E-21 -1.18E-21 -4.74E-22 -1.63E-22 -4.72E-23 -1.46E-23 -6.06E-24 -1.84E-24
 -5.48E-25 -2.16E-25 -7.55E-26 -2.61E-26 -1.08E-26 -6.10E-27 -3.69E-27 -2.62E-27
 -2.10E-27 -1.63E-27 -1.41E-27 -1.04E-27 -8.76E-28 -7.45E-28 -6.02E-28 -4.98E-28
 -4.02E-28 -3.38E-28 -2.63E-28 -2.09E-28 -1.67E-28 -1.32E-28 -1.20E-28 -9.66E-29
   164.02167073376864     
 -1.34E-26  7.15E-06 -4.21E-06  5.05E-07  3.03E-07  8.90E-08  1.14E-08  6.63E-10
 -2.13E-10 -3.56E-10  4.33E-11  5.16E-11 -3.65E-12 -5.46E-12 -1.82E-12 -5.59E-13
 -2.86E-13 -7.30E-14 -1.83E-14 -5.97E-15 -3.12E-15 -8.67E-16 -2.13E-16 -9.02E-17
 -2.94E-17 -8.51E-18 -1.87E-18 -9.18E-19 -2.97E-19 -7.40E-20 -2.46E-20 -9.47E-21
 -2.90E-21 -7.81E-22 -2.84E-22 -1.04E-22 -3.09E-23 -8.82E-24 -3.55E-24 -1.13E-24
 -3.26E-25 -1.21E-25 -4.12E-26 -1.35E-26 -4.90E-27 -2.34E-27 -1.14E-27 -8.88E-28
 -6.26E-28 -4.48E-28 -3.49E-28 -2.75E-28 -2.18E-28 -1.56E-28 -1.46E-28 -1.11E-28
 -8.18E-29 -5.83E-29 -5.41E-29 -6.01E-29 -4.44E-29 -1.70E-29 -1.51E-29 -1.57E-29
   166.01210132335609     
  9.97E-26  7.32E-06 -3.89E-06  4.46E-07  2.77E-07  8.37E-08  9.97E-09  6.34E-10
 -9.05E-11 -3.04E-10  4.01E-11  4.92E-11 -9.42E-13 -4.42E-12 -1.51E-12 -4.24E-13
 -2.28E-13 -6.44E-14 -1.50E-14 -4.02E-15 -2.37E-15 -7.01E-16 -1.62E-16 -6.21E-17
 -2.19E-17 -6.86E-18 -1.25E-18 -5.63E-19 -2.14E-19 -5.43E-20 -1.47E-20 -5.64E-21
 -1.99E-21 -5.19E-22 -1.58E-22 -6.20E-23 -1.99E-23 -5.29E-24 -1.92E-24 -6.57E-25
 -2.08E-25 -7.58E-26 -2.81E-26 -1.30E-26 -6.89E-27 -4.67E-27 -3.24E-27 -2.50E-27
 -1.78E-27 -1.23E-27 -9.66E-28 -6.67E-28 -3.98E-28 -2.25E-28 -1.02E-28 -2.90E-29
  2.37E-29  5.36E-29  7.24E-29  9.20E-29  8.21E-29  6.27E-29  3.78E-29  1.59E-29
   168.01454608628194     
  1.20E-25  7.42E-06 -3.58E-06  3.99E-07  2.52E-07  7.83E-08  8.81E-09  6.08E-10
  2.67E-12 -2.63E-10  3.63E-11  4.67E-11  1.53E-12 -3.46E-12 -1.28E-12 -3.23E-13
 -1.76E-13 -5.60E-14 -1.29E-14 -2.72E-15 -1.74E-15 -5.74E-16 -1.35E-16 -4.30E-17
 -1.57E-17 -5.70E-18 -9.36E-19 -3.32E-19 -1.48E-19 -4.20E-20 -9.61E-21 -3.16E-21
 -1.31E-21 -3.68E-22 -9.09E-23 -3.45E-23 -1.22E-23 -3.29E-24 -1.03E-24 -3.57E-25
 -1.18E-25 -3.97E-26 -1.27E-26 -6.12E-27 -3.12E-27 -2.30E-27 -1.59E-27 -1.47E-27
 -1.19E-27 -9.85E-28 -7.84E-28 -5.79E-28 -4.66E-28 -3.86E-28 -3.32E-28 -2.74E-28
 -2.46E-28 -1.95E-28 -1.62E-28 -1.34E-28 -1.21E-28 -1.02E-28 -9.55E-29 -8.22E-29
   170.01679342721738     
 -1.36E-26  7.47E-06 -3.29E-06  3.60E-07  2.31E-07  7.30E-08  7.88E-09  5.10E-10
  5.31E-11 -2.39E-10  2.78E-11  4.14E-11  2.47E-12 -2.89E-12 -1.19E-12 -2.82E-13
 -1.45E-13 -5.08E-14 -1.27E-14 -2.33E-15 -1.36E-15 -5.01E-16 -1.30E-16 -3.47E-17
 -1.20E-17 -5.01E-18 -8.87E-19 -2.34E-19 -1.06E-19 -3.49E-20 -8.04E-21 -2.00E-21
 -8.83E-22 -2.89E-22 -6.49E-23 -2.02E-23 -7.78E-24 -2.37E-24 -6.43E-25 -2.02E-25
 -7.58E-26 -2.74E-26 -8.36E-27 -4.19E-27 -2.30E-27 -1.57E-27 -1.08E-27 -9.30E-28
 -7.34E-28 -6.12E-28 -5.25E-28 -4.10E-28 -3.61E-28 -2.92E-28 -2.59E-28 -2.20E-28
 -1.81E-28 -1.57E-28 -1.31E-28 -1.11E-28 -9.02E-29 -8.04E-29 -6.76E-29 -5.77E-29
   172.01892123550448     
 -6.86E-26  7.48E-06 -3.01E-06  3.20E-07  2.13E-07  6.78E-08  7.05E-09  3.57E-10
  7.64E-11 -2.18E-10  1.68E-11  3.39E-11  2.09E-12 -2.66E-12 -1.18E-12 -2.76E-13
 -1.29E-13 -4.80E-14 -1.33E-14 -2.46E-15 -1.17E-15 -4.56E-16 -1.33E-16 -3.22E-17
 -9.93E-18 -4.48E-18 -9.19E-19 -2.06E-19 -8.09E-20 -2.96E-20 -7.60E-21 -1.56E-21
 -6.17E-22 -2.32E-22 -5.53E-23 -1.38E-23 -5.12E-24 -1.74E-24 -4.68E-25 -1.26E-25
 -4.97E-26 -2.01E-26 -6.75E-27 -3.57E-27 -2.19E-27 -1.54E-27 -1.16E-27 -9.08E-28
 -7.30E-28 -5.80E-28 -4.73E-28 -3.63E-28 -3.15E-28 -2.52E-28 -1.94E-28 -1.56E-28
 -1.29E-28 -9.44E-29 -7.61E-29 -6.76E-29 -5.71E-29 -4.28E-29 -3.33E-29 -2.49E-29
   174.02134164145130     
  1.92E-26  7.46E-06 -2.77E-06  2.80E-07  1.96E-07  6.29E-08  6.23E-09  2.19E-10
  8.48E-11 -1.93E-10  7.94E-12  2.67E-11  1.56E-12 -2.44E-12 -1.14E-12 -2.70E-13
 -1.15E-13 -4.44E-14 -1.34E-14 -2.57E-15 -1.01E-15 -4.05E-16 -1.29E-16 -3.02E-17
 -8.19E-18 -3.84E-18 -8.90E-19 -1.86E-19 -6.12E-20 -2.38E-20 -6.86E-21 -1.27E-21
 -4.21E-22 -1.75E-22 -4.60E-23 -9.68E-24 -3.24E-24 -1.24E-24 -3.52E-25 -8.18E-26
 -3.05E-26 -1.37E-26 -4.67E-27 -2.43E-27 -1.64E-27 -1.34E-27 -9.99E-28 -7.61E-28
 -6.39E-28 -5.27E-28 -4.56E-28 -3.30E-28 -2.73E-28 -2.42E-28 -2.00E-28 -1.62E-28
 -1.31E-28 -1.10E-28 -9.04E-29 -7.60E-29 -6.02E-29 -5.12E-29 -4.31E-29 -3.65E-29
   176.01259499269560     
 -5.94E-26  7.41E-06 -2.57E-06  2.47E-07  1.79E-07  5.84E-08  5.55E-09  1.63E-10
  9.73E-11 -1.60E-10  4.30E-12  2.21E-11  1.95E-12 -1.93E-12 -1.00E-12 -2.33E-13
 -9.09E-14 -3.71E-14 -1.22E-14 -2.33E-15 -7.66E-16 -3.21E-16 -1.12E-16 -2.56E-17
 -5.96E-18 -2.97E-18 -7.62E-19 -1.53E-19 -4.08E-20 -1.70E-20 -5.58E-21 -9.65E-22
 -2.53E-22 -1.18E-22 -3.50E-23 -6.42E-24 -1.80E-24 -7.86E-25 -2.42E-25 -4.76E-26
 -1.65E-26 -8.21E-27 -2.79E-27 -1.28E-27 -7.85E-28 -6.17E-28 -4.38E-28 -3.35E-28
 -2.62E-28 -2.21E-28 -1.88E-28 -1.44E-28 -1.21E-28 -1.01E-28 -8.80E-29 -8.44E-29
 -7.96E-29 -5.94E-29 -4.87E-29 -3.82E-29 -3.60E-29 -3.24E-29 -2.45E-29 -2.30E-29
   178.01606591170236     
 -3.53E-26  7.32E-06 -2.38E-06  2.19E-07  1.62E-07  5.45E-08  5.05E-09  1.70E-10
  1.19E-10 -1.24E-10  3.68E-12  1.93E-11  2.91E-12 -1.24E-12 -8.15E-13 -1.87E-13
 -6.36E-14 -2.79E-14 -1.03E-14 -1.98E-15 -5.17E-16 -2.28E-16 -9.18E-17 -2.07E-17
 -3.91E-18 -2.08E-18 -6.05E-19 -1.24E-19 -2.45E-20 -1.07E-20 -4.28E-21 -7.53E-22
 -1.36E-22 -6.95E-23 -2.53E-23 -4.63E-24 -9.14E-25 -4.25E-25 -1.66E-25 -3.36E-26
 -9.36E-27 -4.86E-27 -1.85E-27 -7.78E-28 -2.49E-28 -5.50E-29  2.46E-29  3.97E-29
  7.29E-29  5.07E-29  1.35E-29 -3.10E-30 -2.71E-29 -5.00E-29 -6.51E-29 -6.34E-29
 -5.66E-29 -4.78E-29 -4.34E-29 -3.25E-29 -2.27E-29 -1.46E-29 -1.43E-29 -1.37E-29
   180.01946635134857     
  3.33E-26  7.19E-06 -2.19E-06  1.96E-07  1.48E-07  5.06E-08  4.64E-09  1.45E-10
  1.27E-10 -9.97E-11  1.55E-12  1.60E-11  3.20E-12 -8.00E-13 -7.00E-13 -1.68E-13
 -4.91E-14 -2.15E-14 -9.13E-15 -1.89E-15 -4.14E-16 -1.73E-16 -7.88E-17 -1.90E-17
 -3.14E-18 -1.53E-18 -5.04E-19 -1.18E-19 -1.91E-20 -7.05E-21 -3.42E-21 -7.00E-22
 -1.00E-22 -4.19E-23 -1.87E-23 -3.97E-24 -6.11E-25 -2.31E-25 -1.18E-25 -2.71E-26
 -6.10E-27 -3.53E-27 -1.96E-27 -1.31E-27 -9.03E-28 -8.27E-28 -5.57E-28 -4.33E-28
 -2.95E-28 -2.55E-28 -2.01E-28 -1.34E-28 -1.14E-28 -9.25E-29 -8.09E-29 -5.78E-29
 -5.45E-29 -5.28E-29 -4.90E-29 -4.24E-29 -3.92E-29 -3.56E-29 -3.25E-29 -2.68E-29
   182.02263936357230     
  1.50E-26  7.05E-06 -2.01E-06  1.74E-07  1.36E-07  4.67E-08  4.20E-09  4.97E-11
  1.09E-10 -8.74E-11 -3.13E-12  1.17E-11  2.49E-12 -7.32E-13 -6.73E-13 -1.76E-13
 -4.80E-14 -1.88E-14 -8.69E-15 -2.03E-15 -4.41E-16 -1.58E-16 -7.29E-17 -1.95E-17
 -3.37E-18 -1.33E-18 -4.53E-19 -1.24E-19 -2.13E-20 -5.93E-21 -2.93E-21 -7.13E-22
 -1.13E-22 -3.26E-23 -1.48E-23 -3.77E-24 -6.48E-25 -1.65E-25 -8.68E-26 -2.34E-26
 -6.02E-27 -3.04E-27 -1.74E-27 -1.18E-27 -8.51E-28 -6.91E-28 -5.37E-28 -4.24E-28
 -3.34E-28 -2.84E-28 -2.22E-28 -1.65E-28 -1.38E-28 -1.09E-28 -9.60E-29 -7.52E-29
 -6.96E-29 -5.76E-29 -4.57E-29 -3.51E-29 -3.04E-29 -2.44E-29 -2.11E-29 -1.68E-29
   184.01410545501719     
  1.45E-27  6.89E-06 -1.86E-06  1.53E-07  1.24E-07  4.29E-08  3.79E-09 -5.80E-11
  8.17E-11 -7.80E-11 -7.49E-12  7.54E-12  1.57E-12 -7.56E-13 -6.49E-13 -1.83E-13
 -4.85E-14 -1.70E-14 -8.18E-15 -2.09E-15 -4.73E-16 -1.48E-16 -6.62E-17 -1.91E-17
 -3.55E-18 -1.19E-18 -3.98E-19 -1.21E-19 -2.28E-20 -5.37E-21 -2.46E-21 -6.74E-22
 -1.22E-22 -2.82E-23 -1.17E-23 -3.35E-24 -6.74E-25 -1.38E-25 -6.62E-26 -2.00E-26
 -5.71E-27 -2.65E-27 -1.66E-27 -1.14E-27 -7.82E-28 -6.60E-28 -5.06E-28 -4.16E-28
 -3.72E-28 -2.89E-28 -2.59E-28 -1.92E-28 -1.63E-28 -1.33E-28 -1.04E-28 -8.55E-29
 -7.24E-29 -6.63E-29 -5.48E-29 -4.41E-29 -3.58E-29 -3.11E-29 -2.68E-29 -2.11E-29
   186.01781269711043     
  2.82E-26  6.73E-06 -1.72E-06  1.34E-07  1.13E-07  3.96E-08  3.47E-09 -1.16E-10
  6.60E-11 -6.23E-11 -9.01E-12  4.77E-12  1.15E-12 -6.21E-13 -5.68E-13 -1.70E-13
 -4.28E-14 -1.38E-14 -7.10E-15 -1.95E-15 -4.43E-16 -1.24E-16 -5.50E-17 -1.69E-17
 -3.23E-18 -9.62E-19 -3.13E-19 -1.05E-19 -2.08E-20 -4.31E-21 -1.85E-21 -5.57E-22
 -1.11E-22 -2.19E-23 -8.17E-24 -2.61E-24 -5.82E-25 -1.00E-25 -4.23E-26 -1.44E-26
 -4.41E-27 -2.02E-27 -1.35E-27 -1.07E-27 -7.95E-28 -6.65E-28 -4.94E-28 -3.85E-28
 -3.02E-28 -2.28E-28 -1.93E-28 -1.48E-28 -1.20E-28 -8.38E-29 -5.99E-29 -4.70E-29
 -3.73E-29 -3.39E-29 -2.89E-29 -2.73E-29 -2.51E-29 -2.34E-29 -2.04E-29 -1.65E-29
