   2.0212365155019909     
  1.47E-32 -3.70E-17 -6.00E-16 -2.03E-15 -8.58E-15 -3.13E-14 -7.68E-14 -1.69E-13
 -4.48E-13 -1.13E-12 -2.10E-12 -4.12E-12 -7.12E-12 -1.21E-11 -1.77E-11 -2.16E-11
 -3.08E-11 -3.79E-11 -4.48E-11 -4.80E-11 -5.28E-11 -5.79E-11 -5.36E-11 -5.11E-11
 -4.47E-11 -3.79E-11 -3.02E-11 -2.26E-11 -1.73E-11 -1.23E-11 -8.86E-12 -6.29E-12
 -4.32E-12 -3.02E-12 -1.99E-12 -1.28E-12 -8.37E-13 -5.23E-13 -3.34E-13 -2.03E-13
 -1.28E-13 -7.93E-14 -4.68E-14 -2.86E-14 -1.66E-14 -1.01E-14 -5.58E-15 -3.30E-15
 -1.93E-15 -1.09E-15 -6.19E-16 -3.36E-16 -1.89E-16 -1.04E-16 -5.57E-17 -3.07E-17
 -1.66E-17 -9.16E-18 -4.79E-18 -2.48E-18 -1.34E-18 -6.88E-19 -3.55E-19 -1.82E-19
   4.0186886345075621     
  5.00E-25 -5.11E-10 -2.22E-08 -6.87E-08 -3.31E-07 -1.42E-06 -4.22E-06 -9.03E-06
 -1.90E-05 -3.55E-05 -3.97E-05 -3.96E-05 -3.58E-05 -3.49E-05 -3.75E-05 -3.09E-05
 -2.30E-05 -1.00E-05 -1.37E-06  5.33E-07 -1.60E-06 -3.01E-06 -2.65E-06 -1.73E-06
 -1.01E-06 -6.35E-07 -3.23E-07 -2.34E-07 -2.60E-07 -2.44E-07 -1.99E-07 -1.51E-07
 -1.19E-07 -9.74E-08 -6.93E-08 -4.80E-08 -3.62E-08 -2.87E-08 -2.31E-08 -1.69E-08
 -1.31E-08 -1.02E-08 -7.62E-09 -6.02E-09 -4.74E-09 -3.88E-09 -2.88E-09 -2.33E-09
 -1.87E-09 -1.48E-09 -1.14E-09 -8.72E-10 -7.04E-10 -5.44E-10 -4.07E-10 -3.12E-10
 -2.37E-10 -1.84E-10 -1.37E-10 -1.07E-10 -8.41E-11 -6.44E-11 -5.02E-11 -3.75E-11
   6.0155294328055007     
 -2.75E-24 -7.72E-07 -8.85E-06 -2.48E-05 -6.64E-05 -1.68E-04 -2.51E-04 -1.54E-04
 -1.37E-05 -1.55E-05  1.23E-05  3.24E-05 -8.75E-06 -7.01E-06  9.43E-06 -8.96E-07
 -1.52E-06  1.39E-06  1.04E-06  5.86E-08  1.50E-07  5.07E-07  1.72E-07  6.75E-08
  6.32E-08 -7.37E-09  4.19E-08  3.33E-08  2.80E-08  2.28E-08  8.42E-09 -4.93E-10
 -4.01E-09  1.02E-10 -1.14E-09 -6.37E-10 -7.38E-10 -1.07E-09 -1.49E-09 -6.96E-10
 -4.50E-10 -3.86E-10 -2.88E-10 -2.88E-10 -2.26E-10 -1.86E-10 -1.23E-10 -1.00E-10
 -8.59E-11 -6.51E-11 -4.63E-11 -3.47E-11 -3.11E-11 -2.80E-11 -2.17E-11 -1.75E-11
 -1.31E-11 -9.41E-12 -6.16E-12 -4.48E-12 -3.70E-12 -3.43E-12 -2.81E-12 -1.87E-12
   8.0112942483806417     
 -2.58E-22 -8.28E-06 -1.15E-04 -1.90E-04 -4.32E-04 -5.67E-04  3.25E-04  1.89E-04
  1.88E-04  4.10E-05 -1.80E-05  1.40E-06  1.57E-06  7.66E-06  2.41E-06  1.50E-06
  3.67E-09 -6.65E-08 -3.55E-07 -1.27E-07  1.54E-07  3.16E-08 -5.29E-08 -3.52E-08
 -7.00E-09 -1.32E-08 -4.36E-09  6.48E-09  5.06E-09  7.83E-09  4.46E-09  4.59E-09
  2.27E-09  1.56E-09  1.16E-09  1.05E-09  9.87E-10  7.97E-10  5.64E-10  4.00E-10
  2.49E-10  1.97E-10  1.36E-10  1.12E-10  7.95E-11  6.84E-11  4.65E-11  3.28E-11
  2.44E-11  1.85E-11  1.36E-11  1.04E-11  7.38E-12  5.23E-12  3.95E-12  2.90E-12
  2.14E-12  1.51E-12  1.05E-12  6.94E-13  4.68E-13  2.79E-13  1.65E-13  7.43E-14
   10.011275069864061     
  1.73E-22 -5.66E-05 -4.27E-04 -4.93E-04 -1.76E-04  1.86E-04  1.46E-04  5.56E-05
  2.04E-05  7.50E-05  3.35E-05  2.07E-05  8.70E-06  3.37E-06  4.94E-07  8.36E-07
  9.02E-07  5.78E-07  4.16E-07  1.59E-07  4.12E-08  1.94E-08  1.71E-09 -1.11E-08
  1.19E-08  1.65E-08  1.45E-08  1.01E-08  7.95E-09  5.69E-09  4.02E-09  2.95E-09
  2.23E-09  1.96E-09  1.49E-09  1.13E-09  8.29E-10  5.70E-10  4.33E-10  2.97E-10
  2.23E-10  1.85E-10  1.30E-10  9.53E-11  6.69E-11  5.03E-11  3.36E-11  2.40E-11
  1.72E-11  1.30E-11  9.33E-12  6.47E-12  4.71E-12  3.38E-12  2.36E-12  1.63E-12
  1.17E-12  8.44E-13  5.70E-13  3.90E-13  2.79E-13  1.92E-13  1.36E-13  9.06E-14
   12.021584921765342     
  1.78E-21 -1.89E-04 -9.32E-04 -2.36E-04  6.15E-04  3.10E-04 -1.28E-04  3.59E-05
  4.05E-08 -1.97E-05  1.49E-06  1.42E-06 -1.70E-06 -1.57E-06 -1.48E-06 -9.56E-07
 -5.01E-07 -4.59E-08 -1.88E-08 -9.43E-08 -4.75E-08 -6.73E-08 -3.46E-08 -3.14E-08
 -1.96E-08 -1.11E-08 -8.90E-09 -6.57E-09 -4.62E-09 -3.10E-09 -2.00E-09 -1.27E-09
 -1.03E-09 -7.40E-10 -4.77E-10 -3.04E-10 -2.17E-10 -1.42E-10 -1.00E-10 -6.60E-11
 -4.40E-11 -2.98E-11 -2.02E-11 -1.28E-11 -8.63E-12 -6.32E-12 -3.80E-12 -2.68E-12
 -1.88E-12 -1.23E-12 -8.41E-13 -5.32E-13 -3.57E-13 -2.41E-13 -1.66E-13 -1.12E-13
 -7.65E-14 -5.23E-14 -3.37E-14 -2.26E-14 -1.60E-14 -1.08E-14 -7.37E-15 -4.85E-15
   14.012703363494147     
  2.07E-21 -4.18E-04 -1.47E-03  4.70E-05  6.28E-04  5.03E-04  1.21E-04  2.57E-05
  3.20E-05  3.62E-06  8.89E-07  1.83E-06  6.02E-08  1.25E-06  9.08E-07  3.54E-07
  2.65E-08  9.15E-08  1.24E-07  8.01E-08  4.83E-08  4.74E-08  3.57E-08  2.08E-08
  1.48E-08  9.70E-09  5.01E-09  3.71E-09  2.09E-09  1.58E-09  8.93E-10  7.24E-10
  4.23E-10  3.01E-10  1.83E-10  1.27E-10  9.22E-11  5.58E-11  3.76E-11  2.28E-11
  1.64E-11  1.08E-11  6.69E-12  4.78E-12  2.81E-12  2.13E-12  1.30E-12  8.86E-13
  6.13E-13  4.12E-13  2.57E-13  1.83E-13  1.17E-13  7.74E-14  5.38E-14  3.37E-14
  2.42E-14  1.57E-14  1.04E-14  6.90E-15  4.49E-15  2.93E-15  1.89E-15  1.21E-15
   16.013012278143911     
  3.77E-21 -5.85E-04 -1.54E-03  6.21E-04  4.23E-04  4.01E-04  1.21E-04  8.06E-05
  3.10E-05  1.89E-05  4.16E-06  3.54E-06  2.56E-06  1.76E-06  6.54E-07  3.96E-07
  1.51E-07  1.72E-07  1.36E-07  8.95E-08  5.60E-08  4.33E-08  2.62E-08  1.68E-08
  1.22E-08  9.04E-09  5.22E-09  3.45E-09  2.47E-09  1.55E-09  1.05E-09  7.30E-10
  4.76E-10  3.42E-10  2.30E-10  1.45E-10  1.08E-10  6.72E-11  4.82E-11  3.27E-11
  2.25E-11  1.58E-11  1.10E-11  7.73E-12  5.20E-12  3.95E-12  2.67E-12  1.83E-12
  1.31E-12  1.00E-12  6.90E-13  4.65E-13  3.41E-13  2.53E-13  1.78E-13  1.22E-13
  8.91E-14  6.73E-14  4.64E-14  3.08E-14  2.48E-14  1.72E-14  1.18E-14  7.96E-15
   18.018132029728442     
 -5.05E-21 -6.57E-04 -1.26E-03  9.76E-04  2.22E-04  1.76E-04  1.19E-04  3.86E-05
  2.26E-05  1.29E-05  6.19E-06  2.21E-06  1.39E-06  7.61E-07  2.76E-07  1.28E-07
  1.18E-07  8.17E-08  6.90E-08  3.74E-08  3.27E-08  2.25E-08  1.62E-08  1.01E-08
  5.97E-09  3.57E-09  2.19E-09  1.26E-09  8.45E-10  5.43E-10  3.31E-10  2.11E-10
  1.48E-10  9.64E-11  5.75E-11  2.78E-11  1.91E-11  6.30E-12  5.17E-12  1.51E-12
  3.67E-13 -4.65E-13 -2.74E-13 -4.22E-13 -3.48E-13 -2.91E-13 -2.20E-13 -2.05E-13
 -1.45E-13 -1.21E-13 -7.79E-14 -6.32E-14 -4.66E-14 -3.19E-14 -2.31E-14 -1.59E-14
 -1.19E-14 -7.92E-15 -5.56E-15 -3.90E-15 -2.63E-15 -1.85E-15 -1.22E-15 -8.51E-16
   20.021752460282720     
 -7.19E-21 -5.71E-04 -6.34E-04  7.85E-04  1.14E-05  2.48E-05  3.71E-05  6.30E-06
  1.06E-05  8.99E-06  3.23E-06  1.41E-06  7.90E-07  5.64E-07  2.92E-07  1.77E-07
  1.05E-07  5.19E-08  3.77E-08  2.47E-08  2.59E-08  1.49E-08  1.10E-08  8.21E-09
  5.27E-09  3.99E-09  2.34E-09  1.51E-09  9.92E-10  6.49E-10  4.04E-10  2.92E-10
  1.91E-10  1.32E-10  9.02E-11  5.82E-11  4.13E-11  2.48E-11  1.70E-11  1.00E-11
  6.88E-12  4.57E-12  2.83E-12  1.98E-12  1.28E-12  9.26E-13  5.72E-13  3.87E-13
  2.53E-13  1.60E-13  1.05E-13  6.21E-14  4.15E-14  2.59E-14  1.65E-14  1.12E-14
  7.04E-15  4.79E-15  2.96E-15  1.91E-15  1.20E-15  7.34E-16  4.74E-16  2.83E-16
   22.012394945318807     
 -2.63E-22 -4.12E-04 -9.89E-05  2.40E-04  5.91E-05 -4.76E-05 -7.82E-07  7.81E-06
  1.88E-06  1.28E-06  1.36E-06  3.00E-07  4.52E-08 -8.14E-08  2.34E-08  6.43E-08
  8.86E-09  1.25E-08  5.50E-09  6.02E-09  5.25E-09  4.33E-09  1.42E-09  1.87E-09
  1.03E-09  8.42E-10  6.33E-10  3.55E-10  3.26E-10  2.06E-10  1.60E-10  1.11E-10
  6.91E-11  4.37E-11  3.06E-11  1.98E-11  1.40E-11  9.45E-12  6.95E-12  4.52E-12
  3.15E-12  2.22E-12  1.41E-12  9.34E-13  6.01E-13  4.26E-13  2.62E-13  1.81E-13
  1.21E-13  8.34E-14  5.51E-14  3.52E-14  2.34E-14  1.57E-14  1.03E-14  6.51E-15
  4.33E-15  2.95E-15  1.86E-15  1.16E-15  8.08E-16  5.14E-16  3.23E-16  2.04E-16
   24.012655340382203     
  5.08E-21 -2.77E-04  1.21E-04 -1.15E-04  1.19E-04 -1.96E-05 -6.40E-06  2.77E-06
  6.87E-08  9.92E-07 -5.62E-07  3.10E-07 -3.72E-08 -6.04E-08 -3.08E-08 -4.07E-08
 -1.07E-08 -7.36E-09  3.97E-11 -2.46E-09 -1.74E-09 -1.17E-09 -1.56E-09 -1.14E-09
 -7.87E-10 -3.86E-10 -3.07E-10 -1.55E-10 -1.11E-10 -6.68E-11 -4.50E-11 -2.95E-11
 -2.07E-11 -1.21E-11 -7.93E-12 -4.56E-12 -3.21E-12 -2.00E-12 -1.15E-12 -7.73E-13
 -4.60E-13 -3.18E-13 -1.88E-13 -1.21E-13 -8.11E-14 -4.98E-14 -3.06E-14 -1.96E-14
 -1.24E-14 -7.63E-15 -4.52E-15 -2.86E-15 -1.79E-15 -1.08E-15 -6.75E-16 -4.14E-16
 -2.56E-16 -1.61E-16 -9.63E-17 -5.98E-17 -3.76E-17 -2.28E-17 -1.39E-17 -8.52E-18
   26.018842956122622     
 -4.98E-21 -2.39E-04  2.18E-04 -1.63E-04  8.88E-05 -2.22E-05  3.48E-06  3.72E-06
  1.82E-06  1.23E-06 -6.70E-07  2.63E-07 -1.29E-07 -6.74E-08 -7.21E-08 -3.82E-08
 -3.30E-08 -1.58E-08 -1.03E-08 -3.89E-09 -3.11E-09 -2.19E-09 -1.28E-09 -8.97E-10
 -7.48E-10 -4.46E-10 -2.92E-10 -1.92E-10 -1.36E-10 -8.76E-11 -5.05E-11 -2.92E-11
 -1.70E-11 -1.02E-11 -5.72E-12 -3.39E-12 -2.20E-12 -1.38E-12 -8.54E-13 -5.86E-13
 -3.79E-13 -2.55E-13 -1.55E-13 -9.94E-14 -6.07E-14 -3.74E-14 -2.18E-14 -1.34E-14
 -7.96E-15 -4.95E-15 -2.82E-15 -1.70E-15 -1.02E-15 -5.96E-16 -3.62E-16 -2.16E-16
 -1.33E-16 -8.25E-17 -4.97E-17 -3.04E-17 -1.84E-17 -1.12E-17 -6.62E-18 -3.90E-18
   28.015315717951164     
  8.67E-21 -3.17E-04  2.87E-04 -3.45E-05  1.52E-05 -1.25E-05  1.82E-07  2.79E-06
  1.84E-06  1.32E-06  3.49E-07  9.21E-08  3.37E-08 -5.09E-08 -2.40E-09 -4.52E-09
 -3.78E-09 -8.09E-09 -8.30E-09 -4.41E-09 -2.69E-09 -1.25E-09 -8.43E-10 -5.35E-10
 -3.46E-10 -2.03E-10 -1.35E-10 -8.93E-11 -5.76E-11 -4.03E-11 -2.63E-11 -1.91E-11
 -1.34E-11 -8.45E-12 -5.38E-12 -3.13E-12 -2.06E-12 -1.18E-12 -6.85E-13 -4.20E-13
 -2.58E-13 -1.62E-13 -9.75E-14 -6.23E-14 -3.97E-14 -2.53E-14 -1.59E-14 -1.03E-14
 -6.55E-15 -4.29E-15 -2.54E-15 -1.64E-15 -9.86E-16 -6.10E-16 -3.70E-16 -2.25E-16
 -1.39E-16 -8.61E-17 -5.13E-17 -3.17E-17 -1.89E-17 -1.16E-17 -6.98E-18 -4.29E-18
   30.015004960492810     
 -1.41E-20 -4.12E-04  3.25E-04  4.62E-05 -9.44E-06 -1.33E-05 -3.10E-06  1.09E-06
  4.40E-07  3.37E-07  4.23E-07 -8.12E-08  6.38E-08  5.85E-08  4.13E-09  1.81E-08
  9.49E-09  7.31E-09  6.88E-10 -4.33E-10 -6.60E-10 -2.62E-10 -2.85E-10 -1.97E-10
 -8.96E-11 -7.62E-11 -3.63E-11 -2.05E-11 -1.16E-11 -8.53E-12 -5.24E-12 -3.90E-12
 -2.79E-12 -2.09E-12 -1.37E-12 -8.90E-13 -6.33E-13 -3.89E-13 -2.33E-13 -1.46E-13
 -8.79E-14 -5.61E-14 -3.19E-14 -1.99E-14 -1.19E-14 -7.40E-15 -4.40E-15 -2.80E-15
 -1.74E-15 -1.12E-15 -6.50E-16 -4.16E-16 -2.51E-16 -1.53E-16 -9.22E-17 -5.50E-17
 -3.35E-17 -2.01E-17 -1.17E-17 -6.95E-18 -4.05E-18 -2.39E-18 -1.39E-18 -8.25E-19
   32.022431546439272     
  1.51E-20 -5.75E-04  3.81E-04  8.14E-05  1.36E-05 -1.31E-05 -2.23E-06  5.89E-07
  3.89E-07  1.44E-07  2.64E-07 -8.63E-08 -4.22E-08  2.52E-08  1.72E-08  1.25E-08
  9.47E-09  6.03E-09  2.82E-09  6.82E-10  2.71E-10  9.71E-11 -3.39E-11 -7.78E-11
 -1.76E-11 -2.11E-11 -2.00E-12 -4.73E-12 -3.11E-13 -2.91E-13  3.04E-13  1.06E-14
 -1.23E-13 -1.59E-13 -1.05E-13 -8.87E-14 -6.68E-14 -4.24E-14 -2.81E-14 -1.63E-14
 -9.62E-15 -6.15E-15 -3.26E-15 -1.85E-15 -1.14E-15 -6.60E-16 -3.75E-16 -2.29E-16
 -1.37E-16 -8.33E-17 -4.66E-17 -2.84E-17 -1.63E-17 -9.30E-18 -5.45E-18 -3.04E-18
 -1.77E-18 -1.01E-18 -5.58E-19 -3.10E-19 -1.76E-19 -9.85E-20 -5.39E-20 -3.01E-20
   34.019680697887232     
  3.37E-21 -8.29E-04  5.36E-04  1.24E-04  2.15E-05 -7.54E-06 -9.99E-07  1.09E-06
  9.82E-07  3.86E-07  3.26E-07  7.86E-09 -3.69E-08  2.31E-08 -1.08E-08  7.02E-09
  4.29E-09  4.56E-09  1.76E-09  3.38E-10  3.07E-10  1.30E-10  4.63E-11  1.35E-12
 -2.75E-12 -5.08E-12  1.41E-12 -5.52E-13 -3.11E-13  3.32E-13  1.51E-13  3.05E-14
 -3.35E-14  5.02E-15 -2.55E-15 -1.38E-14 -1.01E-14 -6.37E-15 -4.26E-15 -2.67E-15
 -1.44E-15 -1.13E-15 -5.51E-16 -3.33E-16 -2.17E-16 -1.18E-16 -6.92E-17 -3.97E-17
 -2.44E-17 -1.49E-17 -7.97E-18 -4.71E-18 -2.65E-18 -1.55E-18 -8.96E-19 -4.74E-19
 -2.80E-19 -1.54E-19 -8.38E-20 -4.44E-20 -2.52E-20 -1.39E-20 -7.10E-21 -3.87E-21
   36.012101320308425     
  1.20E-20 -1.06E-03  7.00E-04  1.49E-04  2.74E-05 -1.13E-06  8.70E-07  2.23E-06
  1.37E-06  7.85E-07  3.41E-07  1.43E-07  2.52E-08  4.56E-08  4.82E-09  6.85E-09
  3.83E-09  2.56E-09  1.02E-09  6.54E-10  2.60E-10  1.77E-10  9.61E-11  2.58E-11
  2.07E-11  9.91E-12  5.75E-12  2.66E-12  1.50E-12  7.60E-13  4.85E-13  2.16E-13
  1.01E-13  6.60E-14  2.72E-14  1.39E-14  5.94E-15  3.32E-15  7.64E-16  2.56E-16
  3.25E-16  5.29E-17 -2.05E-17 -8.59E-18 -9.19E-18 -2.10E-17 -1.12E-17 -6.84E-18
 -3.91E-18 -4.17E-18 -2.26E-18 -1.17E-18 -7.86E-19 -5.26E-19 -3.20E-19 -1.53E-19
 -1.00E-19 -6.40E-20 -3.38E-20 -1.72E-20 -1.17E-20 -6.10E-21 -3.05E-21 -1.52E-21
   38.022194308971137     
  1.70E-21 -1.13E-03  7.40E-04  1.43E-04  2.29E-05  4.90E-06  1.57E-06  2.91E-06
  1.24E-06  8.31E-07  3.18E-07  1.65E-07  4.30E-08  5.04E-08  1.99E-08  1.02E-08
  5.66E-09  2.07E-09  7.90E-10  3.98E-10  1.78E-10  8.92E-11  6.10E-11  2.96E-11
  1.50E-11  9.28E-12  5.56E-12  1.96E-12  9.58E-13  5.43E-13  2.49E-13  8.77E-14
  4.96E-14  2.48E-14  7.15E-15  2.92E-15  7.64E-16  1.04E-15 -4.45E-16 -3.17E-16
 -6.22E-17 -1.04E-16 -1.19E-16 -6.08E-17 -2.89E-17 -2.74E-17 -1.63E-17 -8.81E-18
 -4.26E-18 -3.97E-18 -2.05E-18 -1.02E-18 -6.36E-19 -4.30E-19 -2.38E-19 -1.17E-19
 -7.13E-20 -4.57E-20 -2.33E-20 -1.12E-20 -7.92E-21 -4.15E-21 -1.99E-21 -9.58E-22
   40.015290870706856     
  8.62E-21 -1.13E-03  7.22E-04  1.13E-04  1.62E-05  1.03E-05  2.49E-06  2.20E-06
  1.25E-06  4.49E-07  2.40E-07  1.08E-07  5.31E-08  3.02E-08  1.63E-08  7.79E-09
  4.65E-09  1.51E-09  7.35E-10  2.81E-10  7.17E-11  5.22E-11  1.82E-11  2.42E-14
  6.90E-12  1.19E-12  1.51E-12  6.50E-13  2.87E-13  6.18E-14  3.40E-14 -1.84E-14
 -3.13E-14 -2.35E-14 -1.58E-14 -1.04E-14 -5.81E-15 -3.32E-15 -2.04E-15 -1.07E-15
 -6.05E-16 -3.75E-16 -2.10E-16 -1.13E-16 -6.85E-17 -4.13E-17 -2.20E-17 -1.28E-17
 -7.24E-18 -4.40E-18 -2.33E-18 -1.22E-18 -7.46E-19 -4.05E-19 -2.22E-19 -1.17E-19
 -6.81E-20 -3.83E-20 -2.02E-20 -1.06E-20 -6.54E-21 -3.34E-21 -1.75E-21 -9.22E-22
   42.012425035195491     
  9.67E-21 -1.12E-03  7.01E-04  8.04E-05  1.44E-05  1.39E-05  3.49E-06  1.67E-06
  8.28E-07  2.96E-07  1.61E-07  1.23E-07  4.87E-08  1.82E-08  1.31E-08  3.43E-09
  3.86E-09  1.35E-09  7.38E-10  2.66E-10  9.75E-11  5.89E-11  3.17E-12 -3.73E-13
  1.18E-12 -1.41E-12 -3.19E-13 -6.75E-13 -2.68E-13 -1.78E-13 -1.22E-13 -6.09E-14
 -4.40E-14 -2.45E-14 -1.68E-14 -1.01E-14 -5.77E-15 -3.37E-15 -2.09E-15 -1.08E-15
 -6.20E-16 -3.68E-16 -1.88E-16 -1.00E-16 -5.83E-17 -3.11E-17 -1.54E-17 -9.29E-18
 -4.95E-18 -2.83E-18 -1.44E-18 -8.05E-19 -4.43E-19 -2.30E-19 -1.29E-19 -6.78E-20
 -3.65E-20 -2.03E-20 -1.05E-20 -5.38E-21 -3.13E-21 -1.61E-21 -8.26E-22 -4.35E-22
   44.015085070597891     
 -2.22E-20 -1.07E-03  6.52E-04  4.61E-05  1.56E-05  1.60E-05  4.61E-06  1.63E-06
  1.14E-07  1.69E-07  1.50E-07  1.03E-07  4.80E-08  1.94E-08  9.71E-09  2.56E-09
  2.07E-09  9.23E-10  4.57E-10  2.34E-10  1.17E-10  5.93E-11  1.82E-11  4.87E-12
  2.58E-12 -4.81E-15  2.62E-14 -2.56E-13 -9.59E-14 -1.60E-13 -1.22E-13 -5.13E-14
 -3.77E-14 -2.17E-14 -1.09E-14 -6.99E-15 -3.98E-15 -2.36E-15 -1.57E-15 -8.17E-16
 -4.59E-16 -2.96E-16 -1.55E-16 -8.89E-17 -4.71E-17 -2.74E-17 -1.40E-17 -8.22E-18
 -4.36E-18 -2.56E-18 -1.30E-18 -7.08E-19 -3.90E-19 -2.07E-19 -1.16E-19 -5.97E-20
 -3.35E-20 -1.84E-20 -9.74E-21 -5.11E-21 -2.82E-21 -1.51E-21 -7.74E-22 -4.13E-22
   46.013051351134166     
  4.81E-21 -9.71E-04  5.70E-04  1.78E-05  1.98E-05  1.53E-05  4.94E-06  1.76E-06
 -2.63E-07  2.42E-08  9.67E-08  8.39E-08  2.72E-08  1.57E-08  1.01E-08  2.33E-09
  8.87E-10  5.39E-10  8.07E-11  9.48E-11  4.50E-11  2.36E-11  1.65E-11  2.70E-13
  3.63E-12  4.26E-13  5.05E-13 -6.83E-14  4.52E-14 -4.44E-14 -5.50E-14 -2.07E-14
 -2.10E-14 -1.32E-14 -7.88E-15 -3.79E-15 -2.89E-15 -1.34E-15 -8.94E-16 -4.84E-16
 -2.67E-16 -1.79E-16 -9.14E-17 -5.81E-17 -2.92E-17 -1.85E-17 -9.40E-18 -5.58E-18
 -3.06E-18 -1.83E-18 -9.39E-19 -5.10E-19 -2.88E-19 -1.53E-19 -8.67E-20 -4.46E-20
 -2.58E-20 -1.39E-20 -7.56E-21 -3.98E-21 -2.15E-21 -1.15E-21 -5.95E-22 -3.20E-22
   48.018915765193157     
  2.11E-20 -8.71E-04  4.90E-04  3.76E-06  2.13E-05  1.27E-05  4.28E-06  1.73E-06
 -2.42E-07 -8.56E-08  2.82E-08  4.44E-08  1.57E-08  3.87E-09  5.20E-09  2.33E-09
  9.15E-10  3.10E-10 -9.17E-11 -3.48E-11  7.60E-12 -4.54E-12  1.07E-12  9.55E-13
  1.55E-12  6.70E-13  5.04E-13  2.04E-13  1.78E-13  6.76E-14  4.55E-14  2.92E-14
  1.66E-14  7.07E-15  3.40E-15  1.51E-15  5.89E-16  4.23E-16  1.65E-16  9.29E-17
  6.54E-17  1.36E-17  1.79E-17  2.03E-18  4.55E-18  1.21E-18  9.55E-19  1.72E-19
  1.98E-19 -3.33E-20 -7.78E-21 -1.66E-20 -1.23E-20 -6.52E-21 -7.27E-21 -2.95E-21
 -2.41E-21 -1.39E-21 -9.01E-22 -3.91E-22 -2.52E-22 -1.36E-22 -6.58E-23 -4.00E-23
   50.017968783140887     
 -3.93E-21 -7.51E-04  3.99E-04 -1.74E-06  1.50E-05  9.49E-06  3.41E-06  1.30E-06
 -2.18E-07 -2.33E-07 -2.55E-08 -1.67E-08  5.62E-10 -7.71E-09 -1.40E-09 -7.75E-10
 -1.54E-10 -2.16E-10 -1.70E-10 -8.80E-11 -7.19E-11 -4.31E-11 -1.62E-11 -7.30E-12
 -2.88E-12 -1.54E-12 -7.35E-13 -2.48E-13 -1.59E-13 -2.85E-14 -3.29E-16  1.06E-14
  7.06E-15  3.10E-15  2.18E-15  1.16E-15  9.18E-16  5.18E-16  2.88E-16  1.58E-16
  9.48E-17  4.45E-17  2.83E-17  1.37E-17  9.05E-18  5.04E-18  2.92E-18  1.37E-18
  8.17E-19  3.70E-19  2.06E-19  1.05E-19  5.65E-20  2.91E-20  1.34E-20  6.99E-21
  3.52E-21  1.73E-21  8.32E-22  4.54E-22  2.07E-22  1.03E-22  4.96E-23  2.31E-23
   52.016681477611705     
 -6.52E-21 -6.14E-04  2.89E-04 -1.24E-06  5.20E-06  6.57E-06  2.35E-06  7.97E-07
 -2.48E-07 -3.53E-07 -8.97E-08 -5.78E-08 -2.10E-08 -1.55E-08 -5.59E-09 -2.85E-09
 -1.49E-09 -8.42E-10 -3.21E-10 -1.84E-10 -1.07E-10 -7.02E-11 -2.90E-11 -1.32E-11
 -7.38E-12 -3.36E-12 -1.75E-12 -8.95E-13 -4.23E-13 -2.13E-13 -9.23E-14 -3.53E-14
 -1.63E-14 -8.48E-15 -3.74E-15 -2.35E-15 -6.66E-16 -2.47E-16 -1.09E-16 -4.93E-17
 -2.35E-17 -1.27E-17 -2.73E-18 -1.35E-18  5.72E-19  5.45E-19  5.09E-19  1.66E-19
  1.62E-19  7.56E-20  5.37E-20  2.95E-20  1.56E-20  9.00E-21  4.24E-21  2.11E-21
  1.14E-21  5.77E-22  2.96E-22  1.51E-22  6.84E-23  3.17E-23  1.28E-23  4.77E-24
   54.018406700650367     
  2.30E-20 -5.05E-04  2.03E-04  2.74E-06 -1.25E-06  4.55E-06  1.24E-06  2.73E-07
 -2.29E-07 -3.40E-07 -1.15E-07 -6.43E-08 -3.72E-08 -1.96E-08 -6.53E-09 -3.32E-09
 -1.61E-09 -9.45E-10 -3.92E-10 -1.99E-10 -1.08E-10 -6.49E-11 -3.40E-11 -1.53E-11
 -7.66E-12 -4.07E-12 -1.73E-12 -8.53E-13 -4.15E-13 -1.97E-13 -9.82E-14 -4.89E-14
 -2.57E-14 -1.29E-14 -6.20E-15 -3.11E-15 -1.25E-15 -5.98E-16 -2.44E-16 -1.20E-16
 -6.48E-17 -3.28E-17 -1.45E-17 -7.17E-18 -3.43E-18 -1.46E-18 -6.42E-19 -3.62E-19
 -1.30E-19 -6.33E-20 -1.91E-20 -9.50E-21 -4.93E-21 -1.90E-21 -1.05E-21 -4.60E-22
 -1.50E-22 -3.88E-23  3.58E-24  1.96E-24 -3.48E-26 -1.20E-24 -1.61E-24 -1.78E-24
   56.021532485699126     
 -2.88E-20 -4.31E-04  1.58E-04  2.52E-06 -4.12E-06  3.53E-06  5.87E-07 -1.15E-07
 -1.97E-07 -2.59E-07 -1.13E-07 -5.32E-08 -3.64E-08 -1.95E-08 -6.73E-09 -3.73E-09
 -1.77E-09 -9.71E-10 -4.03E-10 -1.84E-10 -1.01E-10 -5.43E-11 -2.82E-11 -1.40E-11
 -7.62E-12 -4.23E-12 -2.04E-12 -1.08E-12 -5.44E-13 -2.58E-13 -1.28E-13 -5.67E-14
 -2.83E-14 -1.40E-14 -6.20E-15 -3.30E-15 -1.68E-15 -9.00E-16 -4.72E-16 -2.51E-16
 -1.29E-16 -6.70E-17 -3.00E-17 -1.47E-17 -7.13E-18 -3.09E-18 -1.42E-18 -7.05E-19
 -3.18E-19 -1.66E-19 -7.84E-20 -4.37E-20 -2.23E-20 -1.11E-20 -5.58E-21 -2.68E-21
 -1.26E-21 -5.83E-22 -2.58E-22 -1.20E-22 -5.45E-23 -2.57E-23 -1.23E-23 -6.41E-24
   58.012407615256031     
 -8.71E-21 -3.73E-04  1.38E-04 -1.48E-07 -5.49E-06  3.14E-06  1.31E-07 -3.60E-07
 -2.26E-07 -2.01E-07 -1.15E-07 -5.11E-08 -3.12E-08 -1.76E-08 -6.55E-09 -3.67E-09
 -1.88E-09 -1.05E-09 -4.89E-10 -2.34E-10 -1.27E-10 -6.14E-11 -3.26E-11 -1.65E-11
 -8.35E-12 -4.79E-12 -2.26E-12 -1.19E-12 -6.61E-13 -3.47E-13 -1.97E-13 -1.00E-13
 -5.45E-14 -2.92E-14 -1.38E-14 -7.22E-15 -3.67E-15 -1.85E-15 -9.34E-16 -4.68E-16
 -2.41E-16 -1.29E-16 -6.19E-17 -3.40E-17 -1.84E-17 -9.18E-18 -4.80E-18 -2.53E-18
 -1.29E-18 -6.75E-19 -3.22E-19 -1.68E-19 -8.02E-20 -3.96E-20 -1.94E-20 -9.52E-21
 -4.80E-21 -2.38E-21 -1.17E-21 -5.98E-22 -2.98E-22 -1.52E-22 -7.36E-23 -3.70E-23
   60.014956492092189     
  2.91E-20 -3.20E-04  1.23E-04 -5.77E-06 -5.58E-06  2.75E-06 -5.25E-07 -6.06E-07
 -2.66E-07 -2.22E-07 -1.14E-07 -6.28E-08 -3.02E-08 -1.60E-08 -7.11E-09 -3.44E-09
 -1.91E-09 -1.06E-09 -5.37E-10 -2.79E-10 -1.49E-10 -7.61E-11 -3.95E-11 -2.06E-11
 -1.03E-11 -6.05E-12 -2.82E-12 -1.47E-12 -8.08E-13 -4.06E-13 -2.28E-13 -1.20E-13
 -6.52E-14 -3.67E-14 -1.83E-14 -9.91E-15 -5.33E-15 -2.77E-15 -1.45E-15 -7.44E-16
 -3.89E-16 -2.10E-16 -9.96E-17 -5.47E-17 -2.84E-17 -1.40E-17 -7.30E-18 -3.83E-18
 -1.98E-18 -1.06E-18 -5.26E-19 -2.85E-19 -1.42E-19 -7.26E-20 -3.69E-20 -1.87E-20
 -9.65E-21 -4.77E-21 -2.38E-21 -1.21E-21 -5.92E-22 -3.04E-22 -1.46E-22 -7.28E-23
   62.017012595311385     
  2.49E-21 -2.79E-04  1.16E-04 -1.10E-05 -5.56E-06  2.45E-06 -1.25E-06 -8.12E-07
 -2.56E-07 -2.73E-07 -1.15E-07 -6.92E-08 -3.32E-08 -1.61E-08 -7.55E-09 -3.54E-09
 -1.68E-09 -9.54E-10 -4.91E-10 -2.56E-10 -1.40E-10 -6.81E-11 -3.60E-11 -1.87E-11
 -9.19E-12 -5.46E-12 -2.54E-12 -1.32E-12 -7.25E-13 -3.53E-13 -1.91E-13 -9.91E-14
 -5.13E-14 -2.80E-14 -1.36E-14 -7.25E-15 -3.86E-15 -1.98E-15 -1.02E-15 -5.21E-16
 -2.72E-16 -1.44E-16 -6.86E-17 -3.74E-17 -1.92E-17 -9.29E-18 -4.75E-18 -2.49E-18
 -1.23E-18 -6.50E-19 -3.16E-19 -1.67E-19 -8.16E-20 -4.04E-20 -2.04E-20 -1.03E-20
 -5.17E-21 -2.54E-21 -1.25E-21 -6.30E-22 -3.05E-22 -1.53E-22 -7.37E-23 -3.63E-23
   64.020278101630069     
  8.91E-21 -2.50E-04  1.16E-04 -1.34E-05 -7.11E-06  1.90E-06 -1.70E-06 -9.39E-07
 -2.64E-07 -2.57E-07 -1.18E-07 -6.53E-08 -3.49E-08 -1.58E-08 -7.32E-09 -3.49E-09
 -1.48E-09 -7.55E-10 -3.89E-10 -1.91E-10 -1.05E-10 -5.15E-11 -2.50E-11 -1.33E-11
 -6.30E-12 -3.51E-12 -1.62E-12 -8.26E-13 -4.33E-13 -2.09E-13 -1.08E-13 -5.54E-14
 -2.76E-14 -1.43E-14 -6.69E-15 -3.44E-15 -1.76E-15 -8.76E-16 -4.30E-16 -2.14E-16
 -1.08E-16 -5.47E-17 -2.56E-17 -1.35E-17 -6.62E-18 -3.11E-18 -1.54E-18 -7.93E-19
 -3.75E-19 -1.92E-19 -8.94E-20 -4.57E-20 -2.15E-20 -1.02E-20 -5.00E-21 -2.43E-21
 -1.18E-21 -5.59E-22 -2.66E-22 -1.31E-22 -6.22E-23 -3.06E-23 -1.54E-23 -7.81E-24
   66.014444799204128     
 -1.10E-20 -2.26E-04  1.17E-04 -1.13E-05 -8.60E-06  1.31E-06 -1.85E-06 -9.80E-07
 -3.07E-07 -2.10E-07 -1.11E-07 -5.95E-08 -3.39E-08 -1.41E-08 -6.62E-09 -3.14E-09
 -1.34E-09 -6.06E-10 -3.04E-10 -1.44E-10 -7.76E-11 -3.84E-11 -1.75E-11 -9.44E-12
 -4.31E-12 -2.32E-12 -1.03E-12 -5.13E-13 -2.58E-13 -1.22E-13 -6.19E-14 -3.07E-14
 -1.50E-14 -7.43E-15 -3.42E-15 -1.71E-15 -8.40E-16 -4.11E-16 -1.93E-16 -9.38E-17
 -4.61E-17 -2.22E-17 -1.04E-17 -5.28E-18 -2.46E-18 -1.14E-18 -5.45E-19 -2.72E-19
 -1.24E-19 -6.26E-20 -2.80E-20 -1.38E-20 -6.27E-21 -2.91E-21 -1.38E-21 -6.45E-22
 -3.11E-22 -1.41E-22 -6.68E-23 -3.25E-23 -1.56E-23 -8.17E-24 -4.68E-24 -2.62E-24
   68.021255984139685     
  2.36E-20 -2.12E-04  1.22E-04 -6.86E-06 -8.68E-06  4.57E-07 -1.80E-06 -9.86E-07
 -3.69E-07 -1.84E-07 -1.04E-07 -5.53E-08 -3.09E-08 -1.30E-08 -5.90E-09 -2.68E-09
 -1.34E-09 -5.57E-10 -2.72E-10 -1.27E-10 -6.51E-11 -3.26E-11 -1.44E-11 -7.83E-12
 -3.50E-12 -1.84E-12 -8.08E-13 -3.98E-13 -1.93E-13 -8.96E-14 -4.53E-14 -2.20E-14
 -1.08E-14 -5.10E-15 -2.41E-15 -1.17E-15 -5.59E-16 -2.75E-16 -1.26E-16 -6.03E-17
 -2.90E-17 -1.36E-17 -6.43E-18 -3.19E-18 -1.44E-18 -6.70E-19 -3.17E-19 -1.53E-19
 -6.95E-20 -3.47E-20 -1.54E-20 -7.23E-21 -3.28E-21 -1.54E-21 -7.08E-22 -3.29E-22
 -1.58E-22 -7.11E-23 -3.40E-23 -1.64E-23 -8.42E-24 -4.51E-24 -2.89E-24 -1.69E-24
   70.014562322575657     
  1.46E-20 -2.06E-04  1.34E-04 -2.66E-06 -7.65E-06 -6.99E-07 -1.64E-06 -9.76E-07
 -4.04E-07 -1.77E-07 -9.69E-08 -5.04E-08 -2.62E-08 -1.20E-08 -5.25E-09 -2.25E-09
 -1.24E-09 -5.34E-10 -2.54E-10 -1.14E-10 -5.83E-11 -2.87E-11 -1.26E-11 -6.58E-12
 -3.08E-12 -1.56E-12 -7.07E-13 -3.30E-13 -1.62E-13 -7.39E-14 -3.63E-14 -1.78E-14
 -8.54E-15 -4.01E-15 -1.90E-15 -9.10E-16 -4.28E-16 -2.11E-16 -9.56E-17 -4.52E-17
 -2.18E-17 -1.01E-17 -4.71E-18 -2.30E-18 -1.02E-18 -4.83E-19 -2.22E-19 -1.06E-19
 -4.82E-20 -2.33E-20 -1.06E-20 -4.70E-21 -2.19E-21 -1.01E-21 -4.52E-22 -2.12E-22
 -9.99E-23 -4.60E-23 -2.16E-23 -1.07E-23 -5.73E-24 -3.25E-24 -2.11E-24 -1.41E-24
   72.017563490346575     
 -1.15E-20 -1.98E-04  1.42E-04  7.07E-07 -6.34E-06 -1.68E-06 -1.53E-06 -9.76E-07
 -4.14E-07 -1.92E-07 -8.70E-08 -4.60E-08 -2.32E-08 -1.08E-08 -4.74E-09 -1.90E-09
 -1.09E-09 -4.84E-10 -2.26E-10 -1.05E-10 -4.99E-11 -2.58E-11 -1.10E-11 -5.35E-12
 -2.50E-12 -1.28E-12 -5.94E-13 -2.69E-13 -1.30E-13 -5.95E-14 -2.80E-14 -1.40E-14
 -6.28E-15 -3.06E-15 -1.42E-15 -6.78E-16 -3.10E-16 -1.49E-16 -6.83E-17 -3.11E-17
 -1.53E-17 -6.86E-18 -3.16E-18 -1.52E-18 -6.59E-19 -3.17E-19 -1.39E-19 -6.63E-20
 -2.98E-20 -1.39E-20 -6.33E-21 -2.69E-21 -1.29E-21 -5.67E-22 -2.51E-22 -1.14E-22
 -5.29E-23 -2.48E-23 -1.11E-23 -5.73E-24 -3.04E-24 -1.81E-24 -1.17E-24 -8.36E-25
   74.021002804499091     
  1.85E-21 -1.81E-04  1.35E-04  3.21E-06 -5.27E-06 -2.19E-06 -1.52E-06 -9.44E-07
 -4.38E-07 -2.17E-07 -8.01E-08 -4.21E-08 -2.11E-08 -9.55E-09 -4.12E-09 -1.66E-09
 -9.40E-10 -4.11E-10 -1.92E-10 -8.91E-11 -4.27E-11 -2.11E-11 -8.98E-12 -4.22E-12
 -1.95E-12 -9.43E-13 -4.30E-13 -1.96E-13 -9.28E-14 -4.25E-14 -1.96E-14 -9.48E-15
 -4.12E-15 -2.02E-15 -9.01E-16 -4.29E-16 -1.89E-16 -8.98E-17 -4.00E-17 -1.82E-17
 -8.55E-18 -3.84E-18 -1.70E-18 -7.95E-19 -3.40E-19 -1.63E-19 -6.80E-20 -3.19E-20
 -1.42E-20 -6.29E-21 -2.84E-21 -1.17E-21 -5.66E-22 -2.37E-22 -1.03E-22 -4.61E-23
 -2.13E-23 -1.03E-23 -5.03E-24 -2.85E-24 -1.82E-24 -1.28E-24 -1.01E-24 -8.24E-25
   76.014553856934384     
  2.52E-20 -1.62E-04  1.24E-04  5.19E-06 -4.53E-06 -2.24E-06 -1.46E-06 -8.24E-07
 -4.50E-07 -2.29E-07 -7.67E-08 -3.51E-08 -1.73E-08 -7.88E-09 -3.27E-09 -1.27E-09
 -7.20E-10 -3.19E-10 -1.48E-10 -6.36E-11 -3.18E-11 -1.45E-11 -6.48E-12 -2.82E-12
 -1.28E-12 -5.87E-13 -2.59E-13 -1.18E-13 -5.19E-14 -2.43E-14 -1.12E-14 -5.06E-15
 -2.22E-15 -1.07E-15 -4.57E-16 -2.12E-16 -8.97E-17 -4.03E-17 -1.80E-17 -7.93E-18
 -3.65E-18 -1.59E-18 -6.79E-19 -3.07E-19 -1.30E-19 -5.89E-20 -2.31E-20 -1.08E-20
 -4.69E-21 -1.90E-21 -8.39E-22 -3.48E-22 -1.57E-22 -6.32E-23 -2.73E-23 -1.24E-23
 -5.89E-24 -3.20E-24 -1.98E-24 -1.35E-24 -1.13E-24 -9.29E-25 -8.13E-25 -7.25E-25
   78.020736381372458     
  9.30E-21 -1.50E-04  1.19E-04  6.09E-06 -3.80E-06 -1.95E-06 -1.39E-06 -6.60E-07
 -4.27E-07 -2.20E-07 -7.50E-08 -2.79E-08 -1.38E-08 -5.63E-09 -2.45E-09 -9.45E-10
 -4.72E-10 -2.16E-10 -1.01E-10 -4.22E-11 -2.10E-11 -8.82E-12 -4.05E-12 -1.68E-12
 -7.02E-13 -3.05E-13 -1.27E-13 -5.70E-14 -2.22E-14 -1.05E-14 -4.41E-15 -1.92E-15
 -8.60E-16 -4.09E-16 -1.64E-16 -7.49E-17 -3.14E-17 -1.33E-17 -4.60E-18 -1.62E-18
 -5.64E-19 -1.77E-19 -4.28E-20 -1.51E-20 -3.35E-21  8.59E-22  6.46E-22  2.66E-22
  3.16E-22  3.55E-22  2.14E-22  1.11E-22  7.18E-23  3.99E-23  1.90E-23  8.83E-24
  4.35E-24  1.85E-24  5.70E-25  4.04E-26 -1.45E-25 -2.38E-25 -2.65E-25 -2.47E-25
   80.014671732095223     
 -1.58E-20 -1.42E-04  1.18E-04  4.99E-06 -2.83E-06 -1.42E-06 -1.31E-06 -5.59E-07
 -3.71E-07 -2.06E-07 -7.30E-08 -2.50E-08 -1.21E-08 -4.15E-09 -1.67E-09 -7.28E-10
 -3.33E-10 -1.55E-10 -6.37E-11 -2.76E-11 -1.34E-11 -5.74E-12 -2.59E-12 -9.98E-13
 -3.94E-13 -1.71E-13 -5.13E-14 -1.49E-14 -3.94E-15 -8.98E-16  3.50E-16  1.97E-16
  2.18E-16  1.66E-16  6.47E-17  3.18E-17  1.30E-17  6.18E-18  3.67E-18  1.90E-18
  1.20E-18  7.78E-19  4.21E-19  2.52E-19  1.40E-19  7.31E-20  3.50E-20  1.65E-20
  7.85E-21  3.59E-21  1.53E-21  6.34E-22  2.97E-22  1.37E-22  6.52E-23  3.30E-23
  1.71E-23  8.69E-24  4.23E-24  2.01E-24  9.27E-25  3.71E-25  9.48E-26 -1.20E-26
   82.019724039995324     
  1.69E-20 -1.31E-04  1.15E-04  2.15E-06 -2.18E-06 -1.02E-06 -1.18E-06 -5.77E-07
 -3.11E-07 -1.95E-07 -7.11E-08 -2.63E-08 -1.20E-08 -4.02E-09 -1.31E-09 -5.55E-10
 -2.78E-10 -1.30E-10 -5.21E-11 -2.10E-11 -9.86E-12 -4.01E-12 -1.79E-12 -6.99E-13
 -2.82E-13 -1.22E-13 -3.27E-14 -6.34E-15  5.79E-15  4.19E-15  3.15E-15  1.79E-15
  9.73E-16  5.79E-16  2.71E-16  1.43E-16  7.27E-17  3.33E-17  1.62E-17  7.17E-18
  3.49E-18  1.73E-18  8.66E-19  4.60E-19  2.56E-19  1.36E-19  6.95E-20  3.81E-20
  1.94E-20  9.69E-21  4.58E-21  2.23E-21  1.00E-21  4.56E-22  1.99E-22  8.80E-23
  3.93E-23  1.89E-23  8.60E-24  4.14E-24  2.09E-24  9.85E-25  4.58E-25  1.90E-25
   84.015481132240240     
  4.08E-20 -1.16E-04  1.08E-04 -1.01E-06 -2.27E-06 -1.05E-06 -1.02E-06 -6.25E-07
 -2.75E-07 -1.85E-07 -6.66E-08 -2.60E-08 -1.20E-08 -4.11E-09 -1.46E-09 -5.57E-10
 -2.51E-10 -1.20E-10 -5.21E-11 -1.92E-11 -9.26E-12 -3.53E-12 -1.57E-12 -5.46E-13
 -2.03E-13 -1.02E-13 -4.25E-14 -1.38E-14 -1.41E-15  5.24E-16  1.70E-15  1.42E-15
  8.30E-16  5.19E-16  2.50E-16  1.28E-16  6.72E-17  3.23E-17  1.58E-17  7.45E-18
  3.55E-18  1.68E-18  7.70E-19  4.07E-19  2.03E-19  1.09E-19  5.53E-20  2.95E-20
  1.56E-20  7.75E-21  3.84E-21  1.95E-21  9.17E-22  4.31E-22  2.01E-22  9.52E-23
  4.42E-23  1.99E-23  8.71E-24  3.95E-24  1.70E-24  7.41E-25  3.03E-25  9.70E-26
   86.014750048610779     
  1.05E-20 -1.01E-04  9.87E-05 -3.43E-06 -2.58E-06 -1.28E-06 -8.78E-07 -6.20E-07
 -2.44E-07 -1.69E-07 -5.87E-08 -2.29E-08 -1.05E-08 -3.73E-09 -1.50E-09 -5.82E-10
 -2.48E-10 -1.17E-10 -5.24E-11 -1.83E-11 -8.26E-12 -3.20E-12 -1.34E-12 -4.77E-13
 -1.88E-13 -7.57E-14 -2.77E-14 -1.23E-14 -4.98E-15 -2.17E-15 -6.71E-16 -6.54E-17
  1.25E-16  1.56E-16  8.78E-17  5.06E-17  2.83E-17  1.39E-17  7.11E-18  3.33E-18
  1.71E-18  7.71E-19  3.16E-19  1.57E-19  7.10E-20  3.48E-20  1.72E-20  9.46E-21
  5.14E-21  2.57E-21  1.35E-21  6.61E-22  3.20E-22  1.53E-22  7.12E-23  3.39E-23
  1.50E-23  6.95E-24  2.99E-24  1.29E-24  5.01E-25  1.53E-25  1.79E-26 -4.13E-26
   88.016479110776132     
  4.54E-22 -9.00E-05  9.18E-05 -4.84E-06 -2.79E-06 -1.46E-06 -8.25E-07 -5.78E-07
 -2.14E-07 -1.49E-07 -5.13E-08 -2.04E-08 -8.82E-09 -3.34E-09 -1.33E-09 -5.52E-10
 -2.45E-10 -1.08E-10 -4.94E-11 -1.84E-11 -7.57E-12 -2.97E-12 -1.10E-12 -4.29E-13
 -1.70E-13 -6.71E-14 -2.46E-14 -8.88E-15 -3.61E-15 -1.68E-15 -7.49E-16 -3.50E-16
 -1.21E-16 -3.49E-17 -1.45E-18  7.17E-18  6.39E-18  3.72E-18  2.18E-18  9.97E-19
  5.43E-19  2.70E-19  1.13E-19  5.73E-20  2.68E-20  1.10E-20  4.97E-21  2.42E-21
  1.19E-21  5.91E-22  3.15E-22  1.60E-22  7.82E-23  3.75E-23  1.81E-23  8.55E-24
  3.74E-24  1.74E-24  6.81E-25  2.22E-25  3.58E-26 -2.90E-26 -5.67E-26 -5.92E-26
   90.019025640046564     
  9.89E-21 -8.38E-05  8.83E-05 -5.48E-06 -2.76E-06 -1.54E-06 -8.51E-07 -5.33E-07
 -1.92E-07 -1.29E-07 -4.46E-08 -1.85E-08 -7.69E-09 -3.13E-09 -1.13E-09 -4.99E-10
 -2.25E-10 -9.27E-11 -4.32E-11 -1.78E-11 -7.22E-12 -3.03E-12 -1.02E-12 -3.88E-13
 -1.45E-13 -6.24E-14 -2.70E-14 -9.48E-15 -4.35E-15 -1.72E-15 -6.43E-16 -2.84E-16
 -1.16E-16 -6.10E-17 -2.13E-17 -8.46E-18 -2.50E-18 -2.54E-19  1.39E-19  1.49E-19
  9.76E-20  4.61E-20  2.09E-20  8.69E-21  6.05E-21  2.38E-21  1.38E-21  6.85E-22
  2.97E-22  1.41E-22  6.67E-23  3.38E-23  1.56E-23  7.73E-24  3.60E-24  1.62E-24
  6.32E-25  2.42E-25  2.38E-26 -4.67E-26 -8.37E-26 -8.39E-26 -8.34E-26 -7.25E-26
   92.021931397961879     
  2.32E-21 -7.78E-05  8.41E-05 -5.90E-06 -2.57E-06 -1.55E-06 -8.99E-07 -4.95E-07
 -1.82E-07 -1.15E-07 -3.78E-08 -1.63E-08 -6.60E-09 -2.87E-09 -9.99E-10 -4.70E-10
 -2.10E-10 -8.11E-11 -3.49E-11 -1.49E-11 -6.15E-12 -2.73E-12 -9.66E-13 -3.78E-13
 -1.35E-13 -5.77E-14 -2.30E-14 -8.96E-15 -4.44E-15 -1.97E-15 -8.15E-16 -3.64E-16
 -1.31E-16 -6.15E-17 -2.20E-17 -9.40E-18 -4.16E-18 -1.52E-18 -7.83E-19 -2.45E-19
 -9.58E-20 -4.24E-20 -1.39E-20 -8.21E-21 -2.89E-21 -1.87E-21 -5.99E-22 -2.57E-22
 -1.32E-22 -3.63E-23 -1.52E-23 -3.88E-24 -2.03E-24 -1.21E-24 -6.62E-25 -5.01E-25
 -3.72E-25 -3.07E-25 -2.33E-25 -1.91E-25 -1.70E-25 -1.44E-25 -1.21E-25 -9.89E-26
   94.014462801550081     
 -2.20E-21 -6.94E-05  7.68E-05 -6.13E-06 -2.37E-06 -1.47E-06 -9.09E-07 -4.63E-07
 -1.81E-07 -1.09E-07 -3.37E-08 -1.44E-08 -5.58E-09 -2.44E-09 -9.16E-10 -4.46E-10
 -2.08E-10 -8.53E-11 -3.32E-11 -1.33E-11 -5.25E-12 -2.09E-12 -7.75E-13 -2.97E-13
 -1.07E-13 -5.20E-14 -2.06E-14 -8.39E-15 -3.76E-15 -1.67E-15 -6.63E-16 -2.96E-16
 -1.02E-16 -4.51E-17 -1.68E-17 -5.01E-18 -2.07E-18 -6.81E-19 -3.48E-19 -1.18E-19
 -5.35E-20 -3.26E-20 -1.11E-20 -6.43E-21 -1.96E-21 -9.37E-22 -2.63E-22 -5.73E-23
 -5.29E-23 -1.11E-23 -4.55E-24 -1.85E-24 -1.13E-24 -1.05E-24 -5.62E-25 -5.08E-25
 -3.77E-25 -3.01E-25 -2.66E-25 -2.06E-25 -1.84E-25 -1.56E-25 -1.26E-25 -1.11E-25
   96.021128518135583     
  2.32E-20 -6.00E-05  6.76E-05 -6.12E-06 -2.28E-06 -1.37E-06 -8.81E-07 -4.36E-07
 -1.77E-07 -1.05E-07 -3.21E-08 -1.30E-08 -4.95E-09 -1.99E-09 -8.42E-10 -3.96E-10
 -1.96E-10 -8.71E-11 -3.47E-11 -1.41E-11 -5.52E-12 -2.03E-12 -7.27E-13 -2.32E-13
 -7.74E-14 -3.76E-14 -1.39E-14 -6.91E-15 -3.25E-15 -1.54E-15 -6.28E-16 -2.80E-16
 -8.42E-17 -2.79E-17 -6.70E-18  9.66E-19  1.28E-18  8.21E-19  4.22E-19  2.24E-19
  8.89E-20  3.00E-20  1.14E-20  4.77E-21  2.52E-21  1.20E-21  6.76E-22  4.67E-22
  2.13E-22  1.12E-22  5.73E-23  2.55E-23  1.15E-23  4.44E-24  1.69E-24  6.61E-25
  1.55E-25 -2.01E-27 -5.88E-26 -6.96E-26 -7.03E-26 -6.11E-26 -5.45E-26 -4.80E-26
   98.018460000208265     
 -6.38E-21 -5.41E-05  6.05E-05 -5.74E-06 -2.24E-06 -1.26E-06 -8.39E-07 -4.06E-07
 -1.64E-07 -9.75E-08 -2.99E-08 -1.16E-08 -4.48E-09 -1.62E-09 -7.53E-10 -3.24E-10
 -1.65E-10 -7.52E-11 -3.18E-11 -1.35E-11 -5.64E-12 -2.17E-12 -7.86E-13 -2.55E-13
 -8.22E-14 -3.13E-14 -9.00E-15 -4.55E-15 -2.12E-15 -1.11E-15 -5.38E-16 -2.69E-16
 -1.04E-16 -4.04E-17 -1.13E-17 -4.81E-19  9.81E-19  1.13E-18  6.71E-19  3.91E-19
  1.73E-19  7.59E-20  2.68E-20  1.31E-20  5.35E-21  2.21E-21  1.09E-21  6.45E-22
  3.04E-22  1.58E-22  7.88E-23  4.01E-23  1.81E-23  8.03E-24  3.35E-24  1.57E-24
  6.12E-25  2.27E-25  7.28E-26  1.15E-26 -1.56E-26 -2.34E-26 -2.35E-26 -2.27E-26
   100.01578541434814     
 -7.78E-22 -5.34E-05  5.72E-05 -4.92E-06 -2.10E-06 -1.12E-06 -7.80E-07 -3.63E-07
 -1.44E-07 -8.47E-08 -2.64E-08 -9.90E-09 -4.07E-09 -1.32E-09 -6.53E-10 -2.54E-10
 -1.31E-10 -5.79E-11 -2.55E-11 -1.13E-11 -5.10E-12 -2.09E-12 -7.95E-13 -2.95E-13
 -1.01E-13 -3.68E-14 -1.03E-14 -4.04E-15 -1.52E-15 -7.44E-16 -3.79E-16 -2.01E-16
 -1.01E-16 -4.57E-17 -1.86E-17 -5.24E-18 -1.66E-18  1.54E-20  2.29E-19  2.40E-19
  1.37E-19  7.01E-20  2.88E-20  1.46E-20  5.97E-21  2.38E-21  1.05E-21  5.28E-22
  2.46E-22  1.23E-22  6.16E-23  3.40E-23  1.59E-23  7.47E-24  3.39E-24  1.60E-24
  6.38E-25  2.52E-25  8.19E-26  1.70E-26 -9.38E-27 -1.99E-26 -2.09E-26 -1.98E-26
   102.01320806538222     
  4.49E-21 -5.43E-05  5.52E-05 -3.96E-06 -1.93E-06 -9.80E-07 -7.00E-07 -3.18E-07
 -1.25E-07 -7.19E-08 -2.32E-08 -8.48E-09 -3.82E-09 -1.16E-09 -5.79E-10 -2.15E-10
 -1.06E-10 -4.66E-11 -1.98E-11 -9.08E-12 -4.27E-12 -1.86E-12 -7.45E-13 -3.13E-13
 -1.18E-13 -4.76E-14 -1.58E-14 -5.95E-15 -2.11E-15 -8.53E-16 -3.74E-16 -1.74E-16
 -9.36E-17 -4.36E-17 -2.19E-17 -8.28E-18 -3.87E-18 -1.32E-18 -4.27E-19 -8.69E-20
  9.49E-22  1.29E-20  9.98E-21  6.57E-21  3.12E-21  1.37E-21  5.54E-22  2.54E-22
  1.13E-22  4.94E-23  2.54E-23  1.48E-23  7.17E-24  3.68E-24  1.81E-24  8.94E-25
  3.62E-25  1.43E-25  3.39E-26 -6.61E-27 -2.05E-26 -2.58E-26 -2.52E-26 -2.09E-26
   104.02312918987752     
 -5.17E-21 -5.34E-05  5.19E-05 -3.21E-06 -1.88E-06 -8.91E-07 -6.24E-07 -2.81E-07
 -1.13E-07 -6.29E-08 -2.15E-08 -7.74E-09 -3.73E-09 -1.17E-09 -5.46E-10 -2.11E-10
 -9.47E-11 -4.35E-11 -1.70E-11 -7.73E-12 -3.66E-12 -1.61E-12 -6.73E-13 -2.98E-13
 -1.24E-13 -5.27E-14 -2.03E-14 -7.89E-15 -3.15E-15 -1.23E-15 -5.11E-16 -2.16E-16
 -1.01E-16 -4.62E-17 -2.29E-17 -9.25E-18 -4.62E-18 -1.95E-18 -7.75E-19 -3.11E-19
 -1.12E-19 -4.29E-20 -1.33E-20 -4.23E-21 -1.49E-21 -4.05E-22 -2.10E-22 -7.07E-23
 -3.02E-23 -1.62E-23 -5.35E-24 -1.54E-24 -4.05E-25  7.32E-26  1.05E-25  8.96E-26
  2.10E-26 -3.48E-27 -2.28E-26 -2.14E-26 -2.40E-26 -2.45E-26 -1.73E-26 -1.52E-26
   106.02180513614167     
  7.23E-21 -5.15E-05  4.76E-05 -2.82E-06 -1.93E-06 -8.54E-07 -5.67E-07 -2.52E-07
 -1.05E-07 -5.65E-08 -2.02E-08 -7.35E-09 -3.59E-09 -1.20E-09 -5.22E-10 -2.10E-10
 -9.03E-11 -4.17E-11 -1.59E-11 -6.76E-12 -3.19E-12 -1.35E-12 -5.77E-13 -2.54E-13
 -1.10E-13 -4.78E-14 -1.95E-14 -7.85E-15 -3.31E-15 -1.35E-15 -5.50E-16 -2.37E-16
 -1.00E-16 -4.56E-17 -2.12E-17 -8.38E-18 -4.19E-18 -1.78E-18 -7.42E-19 -3.21E-19
 -1.29E-19 -5.49E-20 -2.01E-20 -8.10E-21 -3.40E-21 -1.24E-21 -5.66E-22 -2.25E-22
 -9.45E-23 -4.24E-23 -1.68E-23 -7.27E-24 -2.88E-24 -1.16E-24 -4.80E-25 -1.92E-25
 -9.47E-26 -4.85E-26 -3.07E-26 -2.33E-26 -1.72E-26 -1.49E-26 -1.27E-26 -9.40E-27
   108.02067161876029     
  2.37E-20 -5.15E-05  4.44E-05 -2.37E-06 -1.93E-06 -8.11E-07 -5.19E-07 -2.27E-07
 -9.68E-08 -4.94E-08 -1.79E-08 -6.68E-09 -3.22E-09 -1.10E-09 -4.63E-10 -1.89E-10
 -7.96E-11 -3.60E-11 -1.36E-11 -5.46E-12 -2.56E-12 -1.04E-12 -4.46E-13 -1.91E-13
 -8.09E-14 -3.57E-14 -1.45E-14 -5.87E-15 -2.50E-15 -1.02E-15 -4.17E-16 -1.81E-16
 -7.26E-17 -3.32E-17 -1.47E-17 -5.68E-18 -2.79E-18 -1.13E-18 -4.85E-19 -2.05E-19
 -8.33E-20 -3.61E-20 -1.32E-20 -5.64E-21 -2.35E-21 -8.85E-22 -3.98E-22 -1.56E-22
 -6.62E-23 -2.79E-23 -1.13E-23 -4.79E-24 -1.85E-24 -7.61E-25 -3.09E-25 -1.24E-25
 -5.21E-26 -2.59E-26 -1.23E-26 -7.12E-27 -6.29E-27 -3.53E-27 -3.87E-27 -2.32E-27
   110.02059609420029     
 -8.13E-21 -5.46E-05  4.34E-05 -1.67E-06 -1.86E-06 -7.37E-07 -4.74E-07 -2.03E-07
 -8.61E-08 -4.13E-08 -1.48E-08 -5.68E-09 -2.71E-09 -9.34E-10 -3.81E-10 -1.56E-10
 -6.47E-11 -2.84E-11 -1.06E-11 -4.08E-12 -1.91E-12 -7.53E-13 -3.20E-13 -1.35E-13
 -5.50E-14 -2.44E-14 -9.66E-15 -3.88E-15 -1.66E-15 -6.64E-16 -2.70E-16 -1.17E-16
 -4.54E-17 -2.06E-17 -8.83E-18 -3.40E-18 -1.61E-18 -6.31E-19 -2.76E-19 -1.11E-19
 -4.54E-20 -1.95E-20 -6.93E-21 -3.05E-21 -1.22E-21 -4.65E-22 -2.05E-22 -7.83E-23
 -3.35E-23 -1.34E-23 -5.41E-24 -2.26E-24 -8.40E-25 -3.46E-25 -1.33E-25 -5.00E-26
 -1.96E-26 -5.67E-27 -1.80E-27  8.02E-28  5.42E-28  1.63E-28  9.16E-28 -1.92E-28
   112.02246564548703     
 -1.86E-21 -5.94E-05  4.41E-05 -9.01E-07 -1.75E-06 -6.58E-07 -4.33E-07 -1.81E-07
 -7.44E-08 -3.39E-08 -1.20E-08 -4.67E-09 -2.25E-09 -7.74E-10 -3.08E-10 -1.26E-10
 -5.21E-11 -2.22E-11 -8.21E-12 -3.11E-12 -1.42E-12 -5.58E-13 -2.33E-13 -9.86E-14
 -3.94E-14 -1.73E-14 -6.83E-15 -2.72E-15 -1.17E-15 -4.60E-16 -1.88E-16 -8.12E-17
 -3.12E-17 -1.39E-17 -5.82E-18 -2.28E-18 -1.04E-18 -4.00E-19 -1.78E-19 -6.87E-20
 -2.85E-20 -1.21E-20 -4.28E-21 -1.90E-21 -7.39E-22 -2.84E-22 -1.23E-22 -4.58E-23
 -2.00E-23 -7.67E-24 -3.09E-24 -1.27E-24 -4.70E-25 -1.97E-25 -7.84E-26 -3.19E-26
 -1.39E-26 -6.91E-27 -3.46E-27 -2.01E-27 -1.77E-27 -1.25E-27 -9.57E-28 -1.06E-27
   114.01351508099116     
 -3.07E-21 -6.35E-05  4.43E-05 -3.80E-07 -1.63E-06 -6.01E-07 -3.93E-07 -1.61E-07
 -6.50E-08 -2.88E-08 -1.03E-08 -3.97E-09 -1.92E-09 -6.66E-10 -2.61E-10 -1.05E-10
 -4.38E-11 -1.86E-11 -6.67E-12 -2.61E-12 -1.12E-12 -4.44E-13 -1.83E-13 -7.63E-14
 -3.10E-14 -1.34E-14 -5.28E-15 -2.14E-15 -8.97E-16 -3.57E-16 -1.46E-16 -6.25E-17
 -2.40E-17 -1.05E-17 -4.32E-18 -1.72E-18 -7.63E-19 -2.91E-19 -1.30E-19 -4.90E-20
 -2.07E-20 -8.59E-21 -3.07E-21 -1.36E-21 -5.21E-22 -2.05E-22 -8.59E-23 -3.19E-23
 -1.41E-23 -5.30E-24 -2.14E-24 -8.79E-25 -3.41E-25 -1.48E-25 -6.41E-26 -3.01E-26
 -1.75E-26 -1.02E-26 -6.92E-27 -5.15E-27 -4.38E-27 -2.93E-27 -1.81E-27 -1.56E-27
   116.01595922425747     
  4.17E-21 -6.59E-05  4.31E-05 -1.18E-07 -1.51E-06 -5.62E-07 -3.54E-07 -1.45E-07
 -5.88E-08 -2.59E-08 -9.44E-09 -3.55E-09 -1.71E-09 -5.93E-10 -2.28E-10 -9.00E-11
 -3.74E-11 -1.60E-11 -5.59E-12 -2.23E-12 -9.08E-13 -3.55E-13 -1.44E-13 -5.81E-14
 -2.37E-14 -1.00E-14 -3.91E-15 -1.61E-15 -6.49E-16 -2.62E-16 -1.05E-16 -4.43E-17
 -1.70E-17 -7.23E-18 -2.92E-18 -1.16E-18 -5.02E-19 -1.91E-19 -8.35E-20 -3.11E-20
 -1.32E-20 -5.28E-21 -1.93E-21 -8.29E-22 -3.14E-22 -1.28E-22 -5.05E-23 -1.92E-23
 -8.48E-24 -3.08E-24 -1.28E-24 -4.96E-25 -2.01E-25 -9.00E-26 -3.94E-26 -2.04E-26
 -1.18E-26 -8.37E-27 -5.47E-27 -3.68E-27 -2.95E-27 -2.60E-27 -1.21E-27 -6.59E-28
   118.01913850375709     
 -6.97E-22 -6.78E-05  4.12E-05  1.89E-08 -1.43E-06 -5.32E-07 -3.25E-07 -1.35E-07
 -5.36E-08 -2.35E-08 -8.51E-09 -3.12E-09 -1.49E-09 -5.19E-10 -1.94E-10 -7.54E-11
 -3.07E-11 -1.31E-11 -4.53E-12 -1.77E-12 -7.00E-13 -2.69E-13 -1.05E-13 -4.14E-14
 -1.67E-14 -6.87E-15 -2.65E-15 -1.09E-15 -4.27E-16 -1.72E-16 -6.78E-17 -2.79E-17
 -1.06E-17 -4.31E-18 -1.74E-18 -6.76E-19 -2.85E-19 -1.09E-19 -4.59E-20 -1.72E-20
 -7.15E-21 -2.76E-21 -1.04E-21 -4.18E-22 -1.57E-22 -6.55E-23 -2.41E-23 -9.49E-24
 -4.00E-24 -1.45E-24 -5.97E-25 -2.13E-25 -8.83E-26 -3.58E-26 -1.44E-26 -6.67E-27
 -3.21E-27 -1.97E-27 -1.07E-27 -8.42E-28 -9.82E-28 -4.74E-28 -3.86E-28 -2.86E-28
   120.01235475510678     
  4.62E-21 -7.09E-05  4.02E-05  1.93E-07 -1.35E-06 -5.03E-07 -3.06E-07 -1.26E-07
 -4.75E-08 -2.05E-08 -7.28E-09 -2.56E-09 -1.25E-09 -4.35E-10 -1.57E-10 -6.10E-11
 -2.40E-11 -9.93E-12 -3.50E-12 -1.33E-12 -5.16E-13 -1.97E-13 -7.33E-14 -2.87E-14
 -1.15E-14 -4.59E-15 -1.78E-15 -7.26E-16 -2.83E-16 -1.14E-16 -4.39E-17 -1.78E-17
 -6.72E-18 -2.61E-18 -1.06E-18 -4.03E-19 -1.67E-19 -6.49E-20 -2.66E-20 -1.00E-20
 -4.07E-21 -1.55E-21 -5.94E-22 -2.27E-22 -8.47E-23 -3.53E-23 -1.26E-23 -5.00E-24
 -2.03E-24 -7.49E-25 -2.97E-25 -1.05E-25 -4.01E-26 -1.59E-26 -5.36E-27 -1.58E-27
 -7.23E-28 -1.54E-28  1.11E-28  7.85E-29 -4.03E-29 -5.99E-29 -1.30E-28 -9.39E-29
   122.01844022908587     
  2.06E-21 -7.55E-05  4.06E-05  5.06E-07 -1.19E-06 -4.62E-07 -2.84E-07 -1.15E-07
 -4.01E-08 -1.67E-08 -5.94E-09 -1.96E-09 -9.86E-10 -3.49E-10 -1.20E-10 -4.72E-11
 -1.82E-11 -7.12E-12 -2.64E-12 -9.73E-13 -3.69E-13 -1.44E-13 -5.08E-14 -1.97E-14
 -8.04E-15 -3.09E-15 -1.22E-15 -4.98E-16 -1.93E-16 -7.90E-17 -2.99E-17 -1.20E-17
 -4.53E-18 -1.70E-18 -6.98E-19 -2.60E-19 -1.06E-19 -4.13E-20 -1.67E-20 -6.36E-21
 -2.53E-21 -9.72E-22 -3.70E-22 -1.39E-22 -5.13E-23 -2.11E-23 -7.44E-24 -2.93E-24
 -1.16E-24 -4.36E-25 -1.69E-25 -5.94E-26 -2.31E-26 -9.42E-27 -3.63E-27 -1.72E-27
 -8.32E-28 -6.37E-28 -5.10E-28 -4.12E-28 -5.11E-28 -5.45E-28 -2.62E-28 -2.95E-28
   124.01325541857372     
  1.95E-20 -8.00E-05  4.09E-05  8.20E-07 -9.62E-07 -4.21E-07 -2.53E-07 -1.02E-07
 -3.31E-08 -1.34E-08 -4.92E-09 -1.50E-09 -7.68E-10 -2.85E-10 -9.16E-11 -3.61E-11
 -1.43E-11 -5.17E-12 -2.04E-12 -7.59E-13 -2.72E-13 -1.10E-13 -3.79E-14 -1.41E-14
 -5.96E-15 -2.22E-15 -8.69E-16 -3.65E-16 -1.41E-16 -5.80E-17 -2.19E-17 -8.72E-18
 -3.24E-18 -1.21E-18 -4.89E-19 -1.81E-19 -7.19E-20 -2.80E-20 -1.14E-20 -4.33E-21
 -1.70E-21 -6.66E-22 -2.50E-22 -9.23E-23 -3.40E-23 -1.37E-23 -4.80E-24 -1.88E-24
 -7.30E-25 -2.83E-25 -1.10E-25 -4.13E-26 -1.80E-26 -7.68E-27 -4.31E-27 -2.51E-27
 -1.79E-27 -1.32E-27 -1.10E-27 -7.17E-28 -6.54E-28 -5.34E-28 -3.98E-28 -4.63E-28
   126.02013877610948     
 -1.63E-20 -8.28E-05  4.01E-05  9.55E-07 -7.71E-07 -4.00E-07 -2.27E-07 -9.44E-08
 -2.87E-08 -1.13E-08 -4.40E-09 -1.30E-09 -6.34E-10 -2.50E-10 -7.63E-11 -2.87E-11
 -1.23E-11 -4.12E-12 -1.65E-12 -6.48E-13 -2.20E-13 -8.86E-14 -3.12E-14 -1.08E-14
 -4.59E-15 -1.75E-15 -6.53E-16 -2.79E-16 -1.10E-16 -4.40E-17 -1.69E-17 -6.75E-18
 -2.44E-18 -9.26E-19 -3.67E-19 -1.35E-19 -5.30E-20 -2.03E-20 -8.41E-21 -3.15E-21
 -1.23E-21 -4.91E-22 -1.82E-22 -6.66E-23 -2.47E-23 -9.73E-24 -3.42E-24 -1.32E-24
 -5.09E-25 -2.06E-25 -7.92E-26 -3.41E-26 -1.62E-26 -8.84E-27 -5.77E-27 -3.76E-27
 -3.13E-27 -2.52E-27 -1.92E-27 -1.57E-27 -1.23E-27 -1.02E-27 -7.31E-28 -6.15E-28
   128.01518219856007     
 -7.32E-21 -8.44E-05  3.83E-05  9.00E-07 -6.62E-07 -3.98E-07 -2.11E-07 -9.05E-08
 -2.63E-08 -1.01E-08 -4.08E-09 -1.21E-09 -5.49E-10 -2.25E-10 -6.72E-11 -2.34E-11
 -1.07E-11 -3.48E-12 -1.33E-12 -5.53E-13 -1.83E-13 -7.02E-14 -2.56E-14 -8.65E-15
 -3.47E-15 -1.39E-15 -5.00E-16 -2.09E-16 -8.55E-17 -3.29E-17 -1.27E-17 -5.10E-18
 -1.82E-18 -6.95E-19 -2.75E-19 -1.00E-19 -3.91E-20 -1.49E-20 -6.20E-21 -2.29E-21
 -8.86E-22 -3.56E-22 -1.32E-22 -4.77E-23 -1.79E-23 -7.00E-24 -2.47E-24 -9.39E-25
 -3.61E-25 -1.44E-25 -5.50E-26 -2.16E-26 -1.03E-26 -5.35E-27 -3.19E-27 -2.17E-27
 -1.58E-27 -1.54E-27 -1.03E-27 -8.97E-28 -8.40E-28 -6.50E-28 -5.99E-28 -5.22E-28
   130.02237862877911     
  1.07E-20 -8.62E-05  3.67E-05  8.49E-07 -5.70E-07 -3.93E-07 -1.98E-07 -8.62E-08
 -2.39E-08 -8.78E-09 -3.59E-09 -1.06E-09 -4.54E-10 -1.93E-10 -5.67E-11 -1.80E-11
 -8.68E-12 -2.79E-12 -9.86E-13 -4.31E-13 -1.43E-13 -5.11E-14 -1.92E-14 -6.53E-15
 -2.42E-15 -1.02E-15 -3.62E-16 -1.45E-16 -6.09E-17 -2.29E-17 -8.74E-18 -3.50E-18
 -1.24E-18 -4.72E-19 -1.87E-19 -6.82E-20 -2.60E-20 -9.87E-21 -4.12E-21 -1.49E-21
 -5.69E-22 -2.29E-22 -8.39E-23 -3.00E-23 -1.13E-23 -4.40E-24 -1.54E-24 -5.86E-25
 -2.21E-25 -8.87E-26 -3.28E-26 -1.27E-26 -5.94E-27 -3.17E-27 -1.95E-27 -1.43E-27
 -1.28E-27 -1.27E-27 -1.08E-27 -1.10E-27 -1.05E-27 -9.64E-28 -9.52E-28 -8.53E-28
   132.01886960199536     
 -2.30E-21 -8.89E-05  3.59E-05  9.45E-07 -4.26E-07 -3.74E-07 -1.81E-07 -8.00E-08
 -2.09E-08 -6.84E-09 -2.91E-09 -8.69E-10 -3.43E-10 -1.53E-10 -4.57E-11 -1.25E-11
 -6.43E-12 -2.15E-12 -6.74E-13 -3.09E-13 -1.08E-13 -3.46E-14 -1.33E-14 -4.77E-15
 -1.59E-15 -6.96E-16 -2.54E-16 -9.64E-17 -4.08E-17 -1.54E-17 -5.76E-18 -2.26E-18
 -8.17E-19 -3.03E-19 -1.19E-19 -4.40E-20 -1.64E-20 -6.15E-21 -2.58E-21 -9.15E-22
 -3.42E-22 -1.37E-22 -4.98E-23 -1.74E-23 -6.56E-24 -2.53E-24 -8.77E-25 -3.28E-25
 -1.21E-25 -4.83E-26 -1.68E-26 -6.09E-27 -2.69E-27 -1.31E-27 -8.37E-28 -5.00E-28
 -5.87E-28 -5.34E-28 -4.91E-28 -5.85E-28 -5.85E-28 -6.37E-28 -6.36E-28 -6.01E-28
   134.01630050906024     
  1.38E-20 -9.17E-05  3.54E-05  1.13E-06 -2.36E-07 -3.51E-07 -1.61E-07 -7.33E-08
 -1.80E-08 -4.83E-09 -2.26E-09 -7.13E-10 -2.46E-10 -1.17E-10 -3.75E-11 -8.27E-12
 -4.45E-12 -1.73E-12 -4.65E-13 -2.12E-13 -8.49E-14 -2.45E-14 -8.92E-15 -3.69E-15
 -1.14E-15 -4.80E-16 -1.90E-16 -7.02E-17 -2.81E-17 -1.10E-17 -4.18E-18 -1.56E-18
 -5.85E-19 -2.15E-19 -8.25E-20 -3.10E-20 -1.15E-20 -4.19E-21 -1.76E-21 -6.25E-22
 -2.27E-22 -9.07E-23 -3.29E-23 -1.13E-23 -4.23E-24 -1.63E-24 -5.58E-25 -2.07E-25
 -7.60E-26 -3.12E-26 -1.17E-26 -4.90E-27 -2.59E-27 -1.62E-27 -9.88E-28 -6.91E-28
 -6.50E-28 -5.85E-28 -5.67E-28 -5.12E-28 -5.09E-28 -4.95E-28 -4.44E-28 -4.16E-28
   136.01387709327088     
  4.24E-21 -9.37E-05  3.45E-05  1.22E-06 -6.94E-08 -3.42E-07 -1.44E-07 -6.81E-08
 -1.63E-08 -3.57E-09 -1.82E-09 -6.50E-10 -1.96E-10 -9.24E-11 -3.33E-11 -6.28E-12
 -3.14E-12 -1.49E-12 -3.83E-13 -1.50E-13 -7.04E-14 -2.02E-14 -6.46E-15 -2.99E-15
 -9.83E-16 -3.64E-16 -1.47E-16 -5.82E-17 -2.13E-17 -8.35E-18 -3.37E-18 -1.19E-18
 -4.48E-19 -1.69E-19 -6.38E-20 -2.36E-20 -8.86E-21 -3.20E-21 -1.32E-21 -4.71E-22
 -1.68E-22 -6.62E-23 -2.44E-23 -8.27E-24 -3.06E-24 -1.18E-24 -4.04E-25 -1.50E-25
 -5.69E-26 -2.36E-26 -1.01E-26 -4.68E-27 -2.97E-27 -2.02E-27 -1.40E-27 -1.26E-27
 -9.22E-28 -8.47E-28 -7.35E-28 -6.35E-28 -5.67E-28 -4.81E-28 -4.44E-28 -3.08E-28
   138.02297955048169     
  1.16E-20 -9.46E-05  3.29E-05  1.16E-06  3.88E-08 -3.43E-07 -1.32E-07 -6.47E-08
 -1.56E-08 -3.10E-09 -1.58E-09 -6.36E-10 -1.80E-10 -7.83E-11 -3.09E-11 -5.72E-12
 -2.41E-12 -1.29E-12 -3.53E-13 -1.13E-13 -5.74E-14 -1.75E-14 -5.06E-15 -2.33E-15
 -8.46E-16 -2.91E-16 -1.09E-16 -4.72E-17 -1.65E-17 -6.09E-18 -2.58E-18 -9.01E-19
 -3.26E-19 -1.24E-19 -4.79E-20 -1.70E-20 -6.39E-21 -2.33E-21 -9.28E-22 -3.31E-22
 -1.16E-22 -4.53E-23 -1.66E-23 -5.62E-24 -2.04E-24 -7.89E-25 -2.70E-25 -9.84E-26
 -3.78E-26 -1.55E-26 -6.80E-27 -3.20E-27 -2.03E-27 -1.44E-27 -1.13E-27 -9.54E-28
 -7.91E-28 -7.38E-28 -5.99E-28 -5.30E-28 -4.85E-28 -3.98E-28 -3.70E-28 -2.71E-28
   140.02046330020622     
 -6.50E-21 -9.51E-05  3.11E-05  1.07E-06  1.15E-07 -3.42E-07 -1.23E-07 -6.18E-08
 -1.53E-08 -2.78E-09 -1.36E-09 -5.98E-10 -1.65E-10 -6.54E-11 -2.76E-11 -5.27E-12
 -1.82E-12 -1.04E-12 -3.08E-13 -8.36E-14 -4.29E-14 -1.40E-14 -3.84E-15 -1.65E-15
 -6.54E-16 -2.20E-16 -7.33E-17 -3.46E-17 -1.19E-17 -4.11E-18 -1.78E-18 -6.31E-19
 -2.19E-19 -8.15E-20 -3.27E-20 -1.12E-20 -4.13E-21 -1.51E-21 -5.98E-22 -2.08E-22
 -7.22E-23 -2.80E-23 -1.01E-23 -3.38E-24 -1.21E-24 -4.64E-25 -1.57E-25 -5.61E-26
 -2.10E-26 -8.78E-27 -3.55E-27 -1.73E-27 -1.14E-27 -8.78E-28 -6.62E-28 -5.84E-28
 -5.43E-28 -4.96E-28 -4.60E-28 -4.27E-28 -4.27E-28 -4.09E-28 -3.96E-28 -3.47E-28
   142.01863607995554     
 -1.41E-20 -9.60E-05  2.96E-05  1.05E-06  1.94E-07 -3.36E-07 -1.16E-07 -5.83E-08
 -1.47E-08 -2.28E-09 -1.05E-09 -5.22E-10 -1.42E-10 -5.03E-11 -2.30E-11 -4.61E-12
 -1.21E-12 -7.50E-13 -2.47E-13 -5.71E-14 -2.85E-14 -1.04E-14 -2.77E-15 -1.04E-15
 -4.62E-16 -1.60E-16 -4.59E-17 -2.35E-17 -8.33E-18 -2.67E-18 -1.14E-18 -4.22E-19
 -1.41E-19 -5.01E-20 -2.13E-20 -7.11E-21 -2.53E-21 -9.25E-22 -3.69E-22 -1.24E-22
 -4.24E-23 -1.65E-23 -5.87E-24 -1.94E-24 -6.85E-25 -2.61E-25 -8.72E-26 -3.06E-26
 -1.11E-26 -4.79E-27 -1.84E-27 -9.32E-28 -6.59E-28 -5.49E-28 -4.48E-28 -3.80E-28
 -4.14E-28 -4.40E-28 -4.27E-28 -4.43E-28 -4.79E-28 -4.54E-28 -4.75E-28 -4.60E-28
   144.01774768715117     
 -8.45E-21 -9.72E-05  2.86E-05  1.12E-06  3.00E-07 -3.22E-07 -1.06E-07 -5.36E-08
 -1.37E-08 -1.64E-09 -6.89E-10 -4.27E-10 -1.17E-10 -3.54E-11 -1.81E-11 -3.96E-12
 -7.08E-13 -4.66E-13 -1.91E-13 -3.96E-14 -1.68E-14 -7.41E-15 -2.10E-15 -6.13E-16
 -3.00E-16 -1.21E-16 -2.92E-17 -1.52E-17 -5.89E-18 -1.81E-18 -7.13E-19 -2.82E-19
 -9.60E-20 -3.10E-20 -1.38E-20 -4.67E-21 -1.58E-21 -5.65E-22 -2.31E-22 -7.56E-23
 -2.49E-23 -9.82E-24 -3.44E-24 -1.10E-24 -3.85E-25 -1.47E-25 -4.79E-26 -1.68E-26
 -6.17E-27 -2.77E-27 -1.21E-27 -7.93E-28 -6.24E-28 -5.58E-28 -5.27E-28 -4.83E-28
 -4.98E-28 -5.06E-28 -4.65E-28 -4.64E-28 -4.62E-28 -4.29E-28 -4.32E-28 -4.08E-28
   146.01733105605450     
 -2.42E-21 -9.82E-05  2.77E-05  1.19E-06  4.18E-07 -3.09E-07 -9.47E-08 -4.87E-08
 -1.27E-08 -1.18E-09 -3.93E-10 -3.45E-10 -1.02E-10 -2.58E-11 -1.39E-11 -3.60E-12
 -4.68E-13 -2.47E-13 -1.49E-13 -3.37E-14 -9.97E-15 -5.12E-15 -1.82E-15 -3.94E-16
 -1.78E-16 -9.64E-17 -2.16E-17 -9.94E-18 -4.15E-18 -1.36E-18 -4.69E-19 -1.89E-19
 -6.98E-20 -2.08E-20 -9.00E-21 -3.18E-21 -1.06E-21 -3.60E-22 -1.50E-22 -4.93E-23
 -1.55E-23 -6.14E-24 -2.16E-24 -6.81E-25 -2.34E-25 -9.02E-26 -2.89E-26 -1.06E-26
 -4.08E-27 -2.14E-27 -1.16E-27 -7.64E-28 -6.34E-28 -4.81E-28 -4.02E-28 -3.47E-28
 -3.31E-28 -2.90E-28 -2.54E-28 -2.49E-28 -2.38E-28 -2.13E-28 -2.04E-28 -1.91E-28
   148.01674273115512     
  5.83E-21 -9.85E-05  2.64E-05  1.16E-06  5.08E-07 -3.03E-07 -8.66E-08 -4.53E-08
 -1.23E-08 -1.11E-09 -2.46E-10 -2.94E-10 -1.00E-10 -2.31E-11 -1.11E-11 -3.47E-12
 -4.81E-13 -1.24E-13 -1.19E-13 -3.33E-14 -7.21E-15 -3.44E-15 -1.61E-15 -3.18E-16
 -1.00E-16 -7.39E-17 -1.79E-17 -6.83E-18 -2.76E-18 -1.05E-18 -3.30E-19 -1.23E-19
 -4.94E-20 -1.48E-20 -5.89E-21 -2.10E-21 -7.29E-22 -2.33E-22 -9.56E-23 -3.21E-23
 -9.88E-24 -3.82E-24 -1.35E-24 -4.27E-25 -1.43E-25 -5.61E-26 -1.87E-26 -7.13E-27
 -3.27E-27 -1.88E-27 -1.27E-27 -9.13E-28 -7.60E-28 -6.55E-28 -5.47E-28 -4.50E-28
 -3.94E-28 -3.44E-28 -2.89E-28 -2.30E-28 -2.05E-28 -1.74E-28 -1.47E-28 -1.25E-28
   150.01601417190903     
 -1.02E-20 -9.81E-05  2.47E-05  1.07E-06  5.50E-07 -3.04E-07 -8.29E-08 -4.33E-08
 -1.23E-08 -1.28E-09 -1.95E-10 -2.59E-10 -1.02E-10 -2.32E-11 -9.17E-12 -3.32E-12
 -5.68E-13 -6.46E-14 -9.17E-14 -3.17E-14 -6.09E-15 -2.17E-15 -1.33E-15 -2.81E-16
 -5.63E-17 -5.17E-17 -1.45E-17 -4.90E-18 -1.71E-18 -7.62E-19 -2.39E-19 -7.84E-20
 -3.23E-20 -1.03E-20 -3.85E-21 -1.32E-21 -4.78E-22 -1.50E-22 -5.88E-23 -1.97E-23
 -6.11E-24 -2.29E-24 -7.97E-25 -2.52E-25 -8.36E-26 -3.20E-26 -1.06E-26 -4.26E-27
 -1.93E-27 -1.22E-27 -8.37E-28 -6.63E-28 -5.54E-28 -4.83E-28 -4.34E-28 -3.68E-28
 -3.34E-28 -2.85E-28 -2.52E-28 -2.15E-28 -2.01E-28 -1.87E-28 -1.71E-28 -1.60E-28
   152.01567587789185     
  2.32E-21 -9.78E-05  2.30E-05  9.85E-07  5.66E-07 -3.02E-07 -8.02E-08 -4.10E-08
 -1.21E-08 -1.38E-09 -1.39E-10 -2.17E-10 -9.62E-11 -2.21E-11 -7.18E-12 -2.93E-12
 -5.86E-13 -1.82E-14 -6.31E-14 -2.68E-14 -5.05E-15 -1.13E-15 -9.79E-16 -2.34E-16
 -2.90E-17 -3.20E-17 -1.09E-17 -3.51E-18 -9.78E-19 -5.09E-19 -1.70E-19 -4.86E-20
 -1.94E-20 -6.79E-21 -2.46E-21 -7.79E-22 -2.92E-22 -9.37E-23 -3.46E-23 -1.13E-23
 -3.60E-24 -1.33E-24 -4.42E-25 -1.41E-25 -4.63E-26 -1.71E-26 -5.57E-27 -2.16E-27
 -9.18E-28 -5.83E-28 -3.76E-28 -3.12E-28 -2.62E-28 -2.53E-28 -2.69E-28 -2.29E-28
 -2.28E-28 -1.98E-28 -1.83E-28 -1.67E-28 -1.66E-28 -1.62E-28 -1.49E-28 -1.32E-28
   154.01612834204306     
 -2.64E-21 -9.78E-05  2.18E-05  9.65E-07  6.04E-07 -2.90E-07 -7.52E-08 -3.75E-08
 -1.14E-08 -1.30E-09 -3.28E-11 -1.56E-10 -8.31E-11 -1.92E-11 -4.84E-12 -2.34E-12
 -5.28E-13  3.07E-14 -3.26E-14 -2.02E-14 -4.03E-15 -2.52E-16 -6.30E-16 -1.83E-16
 -1.14E-17 -1.58E-17 -7.39E-18 -2.49E-18 -4.84E-19 -3.06E-19 -1.18E-19 -2.96E-20
 -1.05E-20 -4.19E-21 -1.55E-21 -4.39E-22 -1.66E-22 -5.70E-23 -1.98E-23 -6.11E-24
 -2.03E-24 -7.52E-25 -2.36E-25 -7.41E-26 -2.50E-26 -8.86E-27 -2.75E-27 -1.16E-27
 -4.94E-28 -3.23E-28 -2.09E-28 -1.75E-28 -1.79E-28 -1.63E-28 -1.61E-28 -1.28E-28
 -1.30E-28 -1.21E-28 -1.13E-28 -1.09E-28 -9.90E-29 -9.26E-29 -9.64E-29 -8.66E-29
   156.01721095917861     
  4.27E-21 -9.79E-05  2.08E-05  9.94E-07  6.73E-07 -2.73E-07 -6.87E-08 -3.35E-08
 -1.05E-08 -1.16E-09  8.40E-11 -8.94E-11 -6.90E-11 -1.69E-11 -2.76E-12 -1.73E-12
 -4.76E-13  6.02E-14 -5.08E-15 -1.37E-14 -3.62E-15  3.40E-16 -3.26E-16 -1.46E-16
 -5.98E-18 -3.86E-18 -4.17E-18 -1.87E-18 -2.03E-19 -1.50E-19 -7.99E-20 -1.95E-20
 -4.98E-21 -2.31E-21 -1.01E-21 -2.50E-22 -8.51E-23 -3.36E-23 -1.18E-23 -3.23E-24
 -1.08E-24 -4.34E-25 -1.31E-25 -3.86E-26 -1.40E-26 -5.23E-27 -1.84E-27 -1.02E-27
 -6.77E-28 -5.02E-28 -4.20E-28 -3.44E-28 -3.21E-28 -2.82E-28 -2.61E-28 -2.35E-28
 -2.10E-28 -1.87E-28 -1.66E-28 -1.51E-28 -1.54E-28 -1.41E-28 -1.43E-28 -1.34E-28
   158.01832714746047     
  1.50E-21 -9.77E-05  1.97E-05  9.84E-07  7.30E-07 -2.64E-07 -6.41E-08 -3.05E-08
 -9.94E-09 -1.18E-09  1.26E-10 -4.50E-11 -6.03E-11 -1.69E-11 -1.77E-12 -1.30E-12
 -4.68E-13  4.88E-14  1.06E-14 -8.49E-15 -3.71E-15  4.57E-16 -1.16E-16 -1.15E-16
 -1.06E-17  1.90E-18 -1.52E-18 -1.44E-18 -1.13E-19 -5.12E-20 -4.89E-20 -1.43E-20
 -2.37E-21 -1.05E-21 -6.31E-22 -1.56E-22 -3.98E-23 -1.78E-23 -7.07E-24 -1.76E-24
 -5.26E-25 -2.41E-25 -7.49E-26 -2.04E-26 -7.93E-27 -3.48E-27 -1.44E-27 -9.70E-28
 -6.85E-28 -5.66E-28 -4.40E-28 -3.85E-28 -3.22E-28 -2.59E-28 -2.34E-28 -2.02E-28
 -1.76E-28 -1.54E-28 -1.36E-28 -1.19E-28 -1.14E-28 -9.96E-29 -9.23E-29 -8.08E-29
   160.01920280268484     
 -3.76E-21 -9.69E-05  1.84E-05  8.93E-07  7.41E-07 -2.62E-07 -6.21E-08 -2.88E-08
 -9.63E-09 -1.34E-09  8.64E-11 -3.07E-11 -5.65E-11 -1.79E-11 -1.68E-12 -1.06E-12
 -4.73E-13  1.52E-14  1.35E-14 -5.14E-15 -3.67E-15  2.71E-16 -2.03E-17 -8.56E-17
 -1.57E-17  2.52E-18 -5.45E-20 -1.05E-18 -1.11E-19 -1.25E-20 -2.71E-20 -1.06E-20
 -1.54E-21 -4.38E-22 -3.68E-22 -1.06E-22 -2.10E-23 -8.82E-24 -4.15E-24 -1.05E-24
 -2.59E-25 -1.26E-25 -4.28E-26 -1.15E-26 -4.37E-27 -2.14E-27 -1.07E-27 -7.20E-28
 -5.34E-28 -4.35E-28 -3.74E-28 -2.87E-28 -2.58E-28 -2.16E-28 -2.00E-28 -1.70E-28
 -1.53E-28 -1.33E-28 -1.25E-28 -1.05E-28 -9.93E-29 -8.90E-29 -8.00E-29 -7.32E-29
   162.02014939337312     
 -8.75E-21 -9.60E-05  1.70E-05  7.81E-07  7.27E-07 -2.58E-07 -6.07E-08 -2.72E-08
 -9.29E-09 -1.47E-09  3.75E-11 -2.26E-11 -5.16E-11 -1.79E-11 -1.65E-12 -8.47E-13
 -4.44E-13 -9.72E-15  1.34E-14 -2.40E-15 -3.22E-15  9.60E-17  2.89E-17 -5.70E-17
 -1.65E-17  1.86E-18  6.78E-19 -6.84E-19 -1.08E-19 -1.32E-22 -1.33E-20 -7.21E-21
 -1.20E-21 -1.86E-22 -1.99E-22 -7.14E-23 -1.32E-23 -4.35E-24 -2.33E-24 -6.53E-25
 -1.43E-25 -6.60E-26 -2.38E-26 -6.58E-27 -2.30E-27 -1.17E-27 -5.97E-28 -4.07E-28
 -3.18E-28 -2.50E-28 -2.21E-28 -1.74E-28 -1.49E-28 -1.30E-28 -1.13E-28 -1.04E-28
 -8.44E-29 -7.88E-29 -6.96E-29 -6.61E-29 -5.79E-29 -5.27E-29 -5.09E-29 -4.67E-29
   164.02167073376864     
 -4.12E-21 -9.53E-05  1.58E-05  7.17E-07  7.25E-07 -2.48E-07 -5.83E-08 -2.50E-08
 -8.74E-09 -1.49E-09  2.36E-11 -3.25E-12 -4.24E-11 -1.65E-11 -1.32E-12 -5.62E-13
 -3.79E-13 -1.99E-14  1.58E-14  9.15E-16 -2.45E-15  9.62E-18  7.80E-17 -2.65E-17
 -1.41E-17  1.44E-18  1.26E-18 -3.38E-19 -9.08E-20  6.44E-21 -3.05E-21 -4.17E-21
 -9.37E-22 -4.10E-23 -8.01E-23 -4.42E-23 -8.62E-24 -1.78E-24 -1.13E-24 -3.90E-25
 -7.94E-26 -3.06E-26 -1.19E-26 -3.52E-27 -1.05E-27 -4.48E-28 -1.97E-28 -1.62E-28
 -1.09E-28 -9.39E-29 -6.75E-29 -7.02E-29 -6.52E-29 -5.18E-29 -5.11E-29 -4.35E-29
 -4.43E-29 -4.15E-29 -3.80E-29 -3.35E-29 -3.55E-29 -3.41E-29 -3.15E-29 -3.08E-29
   166.01210132335609     
 -1.27E-21 -9.47E-05  1.48E-05  7.00E-07  7.46E-07 -2.36E-07 -5.46E-08 -2.24E-08
 -8.03E-09 -1.44E-09  3.14E-11  2.36E-11 -3.08E-11 -1.47E-11 -9.30E-13 -2.63E-13
 -2.97E-13 -2.52E-14  1.83E-14  4.33E-15 -1.55E-15 -5.26E-17  1.13E-16  3.32E-18
 -1.03E-17  9.04E-19  1.67E-18 -2.12E-20 -6.31E-20  7.53E-21  4.19E-21 -1.36E-21
 -6.78E-22  3.52E-23  4.52E-24 -2.10E-23 -5.46E-24 -3.79E-25 -3.08E-25 -1.96E-25
 -4.44E-26 -1.20E-26 -5.17E-27 -2.52E-27 -1.12E-27 -6.82E-28 -4.91E-28 -4.00E-28
 -3.06E-28 -2.33E-28 -2.05E-28 -1.60E-28 -1.32E-28 -1.05E-28 -8.38E-29 -6.61E-29
 -5.50E-29 -4.99E-29 -4.12E-29 -3.51E-29 -3.12E-29 -2.79E-29 -2.98E-29 -2.77E-29
   168.01454608628194     
 -2.00E-20 -9.41E-05  1.38E-05  6.74E-07  7.68E-07 -2.24E-07 -5.12E-08 -1.99E-08
 -7.36E-09 -1.38E-09  2.24E-11  4.16E-11 -2.17E-11 -1.32E-11 -8.29E-13 -8.02E-14
 -2.26E-13 -3.30E-14  1.68E-14  6.32E-15 -7.60E-16 -1.24E-16  1.07E-16  2.34E-17
 -5.98E-18  1.04E-19  1.66E-18  2.00E-19 -2.77E-20  3.64E-21  6.96E-21  7.99E-22
 -3.74E-22  4.97E-23  4.73E-23 -2.12E-24 -2.47E-24  1.57E-25  1.59E-25 -3.75E-26
 -1.68E-26 -1.67E-27 -2.05E-28 -9.37E-28 -6.50E-28 -4.29E-28 -3.36E-28 -3.29E-28
 -2.77E-28 -2.44E-28 -2.03E-28 -1.66E-28 -1.35E-28 -1.15E-28 -1.09E-28 -9.67E-29
 -8.61E-29 -7.57E-29 -6.67E-29 -5.77E-29 -5.36E-29 -5.08E-29 -5.00E-29 -4.61E-29
   170.01679342721738     
  5.49E-21 -9.32E-05  1.29E-05  6.02E-07  7.69E-07 -2.17E-07 -4.91E-08 -1.83E-08
 -6.87E-09 -1.39E-09 -1.77E-11  4.29E-11 -1.74E-11 -1.24E-11 -1.04E-12 -4.43E-14
 -1.82E-13 -4.18E-14  1.15E-14  6.40E-15 -2.69E-16 -1.83E-16  7.24E-17  2.90E-17
 -2.61E-18 -6.00E-19  1.29E-18  2.76E-19  2.67E-22 -1.04E-21  5.87E-21  1.70E-21
 -1.28E-22  2.71E-23  4.83E-23  6.81E-24 -4.36E-25  1.26E-25  2.57E-25  3.64E-26
 -3.11E-27  2.72E-28  1.05E-27 -3.07E-28 -3.70E-28 -2.88E-28 -2.31E-28 -2.21E-28
 -1.72E-28 -1.51E-28 -1.38E-28 -1.17E-28 -1.03E-28 -9.10E-29 -8.64E-29 -7.45E-29
 -6.66E-29 -6.22E-29 -5.61E-29 -4.95E-29 -4.34E-29 -4.19E-29 -3.82E-29 -3.25E-29
   172.01892123550448     
  2.48E-21 -9.20E-05  1.17E-05  5.03E-07  7.48E-07 -2.13E-07 -4.82E-08 -1.73E-08
 -6.53E-09 -1.43E-09 -7.02E-11  3.58E-11 -1.54E-11 -1.17E-11 -1.29E-12 -6.47E-14
 -1.51E-13 -4.65E-14  6.01E-15  5.69E-15  4.78E-17 -2.02E-16  3.74E-17  2.73E-17
 -6.40E-20 -9.43E-19  8.48E-19  2.70E-19  1.77E-20 -3.59E-21  3.67E-21  1.77E-21
  2.39E-23  2.25E-24  3.26E-23  8.42E-24  4.78E-25 -3.70E-26  1.83E-25  4.99E-26
  1.86E-27 -5.21E-28  7.45E-28 -1.09E-28 -3.04E-28 -2.55E-28 -2.02E-28 -1.76E-28
 -1.46E-28 -1.26E-28 -1.08E-28 -8.28E-29 -7.76E-29 -6.50E-29 -5.81E-29 -4.97E-29
 -4.19E-29 -3.65E-29 -3.37E-29 -2.96E-29 -2.56E-29 -2.27E-29 -2.25E-29 -1.92E-29
   174.02134164145130     
 -1.50E-20 -9.08E-05  1.06E-05  4.14E-07  7.19E-07 -2.08E-07 -4.70E-08 -1.62E-08
 -6.17E-09 -1.43E-09 -1.11E-10  3.05E-11 -1.27E-11 -1.06E-11 -1.37E-12 -6.40E-14
 -1.16E-13 -4.50E-14  2.26E-15  5.07E-15  3.36E-16 -1.74E-16  1.60E-17  2.51E-17
  2.21E-18 -8.97E-19  5.25E-19  2.43E-19  3.06E-20 -3.39E-21  2.03E-21  1.60E-21
  1.32E-22 -4.66E-24  1.92E-23  7.91E-24  1.02E-24 -8.82E-26  1.03E-25  4.54E-26
  4.10E-27 -1.12E-27  1.59E-28 -1.82E-28 -3.43E-28 -3.07E-28 -2.40E-28 -2.12E-28
 -1.79E-28 -1.54E-28 -1.23E-28 -1.01E-28 -9.06E-29 -7.71E-29 -6.50E-29 -5.36E-29
 -4.86E-29 -4.21E-29 -3.44E-29 -2.91E-29 -2.50E-29 -2.16E-29 -1.84E-29 -1.56E-29
   176.01259499269560     
  8.57E-21 -8.98E-05  9.67E-06  3.58E-07  7.04E-07 -1.99E-07 -4.45E-08 -1.47E-08
 -5.65E-09 -1.36E-09 -1.28E-10  3.24E-11 -7.96E-12 -8.88E-12 -1.26E-12 -2.54E-14
 -7.16E-14 -3.86E-14  3.35E-16  4.73E-15  6.48E-16 -1.12E-16  5.71E-18  2.38E-17
  4.40E-18 -5.93E-19  3.17E-19  2.17E-19  4.25E-20 -1.41E-21  1.03E-21  1.40E-21
  2.22E-22  3.89E-24  1.09E-23  7.14E-24  1.53E-24 -1.67E-26  5.98E-26  4.02E-26
  7.07E-27 -4.71E-28  1.04E-28 -9.83E-30 -1.37E-28 -1.41E-28 -9.99E-29 -8.50E-29
 -7.24E-29 -6.40E-29 -5.90E-29 -5.17E-29 -4.77E-29 -4.18E-29 -4.19E-29 -3.72E-29
 -3.66E-29 -3.15E-29 -3.01E-29 -2.72E-29 -2.51E-29 -2.21E-29 -1.89E-29 -1.67E-29
   178.01606591170236     
  7.52E-21 -8.89E-05  8.94E-06  3.25E-07  7.06E-07 -1.87E-07 -4.14E-08 -1.29E-08
 -5.06E-09 -1.25E-09 -1.35E-10  3.68E-11 -2.87E-12 -7.08E-12 -1.14E-12  6.22E-15
 -2.63E-14 -3.09E-14 -1.11E-15  4.28E-15  9.13E-16 -3.77E-17 -2.63E-18  2.14E-17
  6.17E-18 -1.66E-19  1.71E-19  1.84E-19  5.23E-20  1.63E-21  3.82E-22  1.16E-21
  2.86E-22  2.23E-23  5.89E-24  6.01E-24  1.95E-24  1.25E-25  3.89E-26  3.36E-26
  9.52E-27  3.94E-28 -8.86E-30 -2.58E-29 -9.47E-29 -1.08E-28 -8.26E-29 -7.45E-29
 -6.26E-29 -6.13E-29 -5.25E-29 -4.26E-29 -4.34E-29 -4.25E-29 -4.08E-29 -3.54E-29
 -3.33E-29 -2.91E-29 -2.77E-29 -2.56E-29 -2.27E-29 -2.09E-29 -1.97E-29 -1.82E-29
   180.01946635134857     
  6.03E-21 -8.79E-05  8.18E-06  2.75E-07  7.03E-07 -1.79E-07 -3.94E-08 -1.16E-08
 -4.60E-09 -1.18E-09 -1.52E-10  3.41E-11 -5.42E-13 -5.86E-12 -1.16E-12 -1.53E-14
 -1.12E-15 -2.53E-14 -2.92E-15  3.38E-15  9.84E-16  2.07E-17 -1.10E-17  1.64E-17
  6.68E-18  2.16E-19  7.25E-20  1.36E-19  5.36E-20  4.45E-21  8.69E-23  8.27E-22
  2.89E-22  3.93E-23  3.66E-24  4.36E-24  1.94E-24  2.43E-25  3.23E-26  2.41E-26
  9.46E-27  9.57E-28 -1.41E-28 -1.70E-28 -1.92E-28 -2.07E-28 -1.51E-28 -1.28E-28
 -1.00E-28 -8.99E-29 -7.19E-29 -5.81E-29 -5.41E-29 -4.69E-29 -4.19E-29 -3.57E-29
 -3.48E-29 -3.30E-29 -3.07E-29 -2.76E-29 -2.58E-29 -2.43E-29 -2.28E-29 -2.08E-29
   182.02263936357230     
  2.96E-22 -8.66E-05  7.30E-06  1.91E-07  6.77E-07 -1.75E-07 -3.84E-08 -1.10E-08
 -4.32E-09 -1.15E-09 -1.80E-10  2.39E-11 -1.24E-12 -5.25E-12 -1.24E-12 -7.11E-14
  2.83E-15 -2.21E-14 -4.63E-15  2.24E-15  8.64E-16  4.88E-17 -1.65E-17  1.05E-17
  5.93E-18  4.11E-19  1.53E-20  8.54E-20  4.53E-20  5.59E-21  1.97E-23  5.05E-22
  2.34E-22  4.32E-23  2.78E-24  2.64E-24  1.51E-24  2.60E-25  2.87E-26  1.41E-26
  6.99E-27  9.64E-28 -1.10E-28 -1.77E-28 -1.75E-28 -1.62E-28 -1.40E-28 -1.24E-28
 -9.77E-29 -8.39E-29 -7.08E-29 -5.79E-29 -4.70E-29 -3.96E-29 -3.44E-29 -2.99E-29
 -2.76E-29 -2.33E-29 -2.10E-29 -1.79E-29 -1.58E-29 -1.40E-29 -1.27E-29 -1.19E-29
   184.01410545501719     
  6.07E-22 -8.53E-05  6.40E-06  1.00E-07  6.38E-07 -1.72E-07 -3.76E-08 -1.05E-08
 -4.08E-09 -1.12E-09 -2.02E-10  1.38E-11 -2.38E-12 -4.71E-12 -1.24E-12 -1.11E-13
  2.25E-15 -1.90E-14 -5.45E-15  1.31E-15  7.05E-16  6.20E-17 -1.70E-17  6.05E-18
  4.84E-18  4.79E-19 -8.38E-21  4.76E-20  3.45E-20  5.44E-21  3.36E-23  2.71E-22
  1.66E-22  3.78E-23  2.20E-24  1.38E-24  1.01E-24  2.14E-25  2.20E-26  6.93E-27
  4.24E-27  6.22E-28 -1.79E-28 -2.31E-28 -1.90E-28 -1.85E-28 -1.48E-28 -1.23E-28
 -1.12E-28 -8.90E-29 -8.02E-29 -6.04E-29 -5.45E-29 -4.48E-29 -3.79E-29 -3.21E-29
 -2.64E-29 -2.56E-29 -2.10E-29 -1.83E-29 -1.47E-29 -1.26E-29 -1.22E-29 -9.73E-30
   186.01781269711043     
  5.05E-21 -8.41E-05  5.62E-06  3.41E-08  6.09E-07 -1.66E-07 -3.58E-08 -9.72E-09
 -3.75E-09 -1.04E-09 -2.09E-10  8.96E-12 -1.91E-12 -3.82E-12 -1.13E-12 -1.15E-13
  9.73E-15 -1.38E-14 -5.28E-15  7.37E-16  6.17E-16  8.39E-17 -1.30E-17  3.53E-18
  4.07E-18  5.76E-19 -1.96E-22  2.51E-20  2.65E-20  5.36E-21  1.51E-22  1.33E-22
  1.15E-22  3.30E-23  2.32E-24  6.48E-25  6.46E-25  1.73E-25  1.91E-26  2.84E-27
  2.41E-27  4.92E-28 -1.27E-28 -1.97E-28 -1.63E-28 -1.54E-28 -1.21E-28 -9.75E-29
 -8.11E-29 -6.59E-29 -6.11E-29 -4.88E-29 -4.27E-29 -3.37E-29 -2.72E-29 -2.20E-29
 -1.82E-29 -1.75E-29 -1.50E-29 -1.28E-29 -9.89E-30 -9.04E-30 -8.98E-30 -7.82E-30
