#---it-------t---------dt-------EEK-------EEM-------urms-------brms-------umax-----vArms-----vAmax-------oum--------abm--------jbm-------mu5m-------mu51m-----mu5rms-----mu5max------rhom-------bxm--------bym--------bzm--------bmx--------bmy--------bmz-----bgmu5rms--gmu5rms----gmu5mx----gmu5my----gmu5mz--
      0      0.000  1.18E-02 0.000E+00 2.331E-14 0.000E+00  2.1593E-07 0.000E+00 2.159E-07 6.783E-07  0.000E+00  4.325E-19  1.653E-15  -2.22E-15   1.13E+01   1.38E+01   4.62E+01 1.0000000 -1.696E-26 -5.251E-26 -4.180E-26  0.000E+00  0.000E+00  0.000E+00 1.114E-05 8.937E+01-2.619E-18 6.523E-16 8.882E-16
     10      0.118  1.18E-02 2.491E-30 1.675E-16 2.232E-15  1.8303E-08 8.168E-15 1.830E-08 2.081E-07 -5.393E-32 -2.080E-19 -1.868E-16  -2.66E-15   1.11E+01   1.36E+01   4.40E+01 1.0000000 -1.616E-27 -8.078E-28  5.756E-27  0.000E+00  0.000E+00  0.000E+00 6.036E-07 5.757E+01-1.023E-18-1.388E-17-2.220E-16
     20      0.236  1.18E-02 6.969E-31 9.230E-17 1.181E-15  1.3587E-08 8.366E-15 1.359E-08 2.903E-07 -8.639E-32 -5.199E-19 -3.615E-16  -2.00E-15   1.11E+01   1.36E+01   4.38E+01 1.0000000 -1.010E-27 -8.078E-27  5.554E-28  0.000E+00  0.000E+00  0.000E+00 4.030E-07 5.257E+01 2.101E-18-2.082E-17 0.000E+00
     30      0.355  1.18E-02 3.268E-31 1.184E-16 8.084E-16  1.5387E-08 2.673E-14 1.539E-08 5.440E-07 -6.119E-31 -1.566E-18 -9.427E-16  -2.00E-15   1.11E+01   1.35E+01   4.34E+01 1.0000000 -1.313E-26 -5.655E-27  4.342E-27  0.000E+00  0.000E+00  0.000E+00 4.265E-07 4.985E+01-1.283E-18 4.372E-16 4.441E-16
     40      0.473  1.18E-02 5.273E-31 2.297E-16 1.027E-15  2.1434E-08 9.590E-14 2.143E-08 1.053E-06 -6.369E-30 -5.364E-18 -2.983E-15  -1.11E-15   1.11E+01   1.35E+01   4.32E+01 1.0000000  1.010E-26 -3.635E-27  5.554E-27  0.000E+00  0.000E+00  0.000E+00 5.653E-07 4.801E+01 2.103E-17-2.220E-16 0.000E+00
     50      0.591  1.18E-02 4.218E-30 5.730E-16 2.904E-15  3.3852E-08 3.960E-13 3.385E-08 2.137E-06 -8.115E-29 -1.980E-17 -1.054E-14   1.55E-15   1.11E+01   1.35E+01   4.30E+01 1.0000000 -8.078E-27  3.837E-27 -2.221E-26  0.000E+00  0.000E+00  0.000E+00 8.571E-07 4.662E+01-1.847E-17-1.180E-16 0.000E+00
     60      0.709  1.18E-02 5.720E-29 1.682E-15 1.070E-14  5.7998E-08 1.621E-12 5.800E-08 4.379E-06 -1.190E-27 -7.652E-17 -3.967E-14   1.33E-14   1.10E+01   1.35E+01   4.27E+01 1.0000000 -8.280E-27  1.050E-26 -6.563E-27  0.000E+00  0.000E+00  0.000E+00 1.415E-06 4.552E+01 6.210E-18-3.608E-16 2.220E-16
     70      0.827  1.18E-02 9.016E-28 5.506E-15 4.246E-14  1.0494E-07 6.644E-12 1.049E-07 9.028E-06 -1.921E-26 -3.045E-16 -1.552E-13   5.88E-14   1.10E+01   1.35E+01   4.25E+01 1.0000000  5.251E-27  1.616E-27 -5.099E-26  0.000E+00  0.000E+00  0.000E+00 2.469E-06 4.460E+01-9.905E-18-4.580E-16-2.220E-16
     80      0.946  1.18E-02 1.538E-26 1.943E-14 1.754E-13  1.9712E-07 2.848E-11 1.971E-07 1.883E-05 -3.304E-25 -1.236E-15 -6.223E-13   2.47E-13   1.10E+01   1.35E+01   4.22E+01 1.0000000  3.231E-26 -2.585E-26 -5.392E-26  0.000E+00  0.000E+00  0.000E+00 4.475E-06 4.383E+01 1.127E-17 1.180E-16 2.220E-16
     90      1.064  1.18E-02 2.752E-25 7.228E-14 7.419E-13  3.8022E-07 1.223E-10 3.802E-07 4.017E-05 -5.923E-24 -5.092E-15 -2.537E-12   1.02E-12   1.10E+01   1.34E+01   4.20E+01 1.0000000 -8.078E-26 -8.401E-26 -1.167E-25  0.000E+00  0.000E+00  0.000E+00 8.330E-06 4.315E+01-9.023E-18-3.400E-16 0.000E+00
    100      1.182  1.18E-02 5.073E-24 2.794E-13 3.185E-12  7.4754E-07 5.542E-10 7.475E-07 8.551E-05 -1.090E-22 -2.120E-14 -1.047E-11   4.26E-12   1.10E+01   1.34E+01   4.18E+01 1.0000000  2.456E-25  1.551E-25  1.997E-25  0.000E+00  0.000E+00  0.000E+00 1.582E-05 4.255E+01-1.008E-17-2.082E-16-4.441E-16
    110      1.300  1.18E-02 9.527E-23 1.111E-12 1.380E-11  1.4906E-06 2.509E-09 1.491E-06 1.817E-04 -2.040E-21 -8.905E-14 -4.364E-11   1.79E-11   1.10E+01   1.34E+01   4.16E+01 1.0000000 -2.714E-25 -2.262E-25 -6.800E-25  0.000E+00  0.000E+00  0.000E+00 3.048E-05 4.202E+01-1.138E-17-1.249E-16 2.220E-16
    120      1.418  1.18E-02 1.811E-21 4.511E-12 6.018E-11  3.0038E-06 1.130E-08 3.004E-06 3.855E-04 -3.856E-20 -3.767E-13 -1.833E-10   7.58E-11   1.10E+01   1.34E+01   4.14E+01 1.0000000 -1.809E-25  2.456E-25 -1.385E-24  0.000E+00  0.000E+00  0.000E+00 5.944E-05 4.154E+01 5.931E-18 1.318E-16 0.000E+00
    130      1.537  1.18E-02 3.468E-20 1.862E-11 2.634E-10  6.1023E-06 5.069E-08 6.102E-06 8.168E-04 -7.337E-19 -1.603E-12 -7.746E-10   3.22E-10   1.10E+01   1.34E+01   4.12E+01 1.0000000  4.239E-24 -1.809E-25  2.064E-24  0.000E+00  0.000E+00  0.000E+00 1.170E-04 4.110E+01 2.493E-18-1.110E-16 0.000E+00
    140      1.655  1.18E-02 6.675E-19 7.781E-11 1.155E-09  1.2475E-05 2.266E-07 1.247E-05 1.729E-03 -1.401E-17 -6.859E-12 -3.293E-09   1.38E-09   1.10E+01   1.34E+01   4.11E+01 1.0000000  1.034E-24  1.448E-24  2.699E-24  0.000E+00  0.000E+00  0.000E+00 2.320E-04 4.070E+01-4.540E-18 4.857E-17 0.000E+00
    150      1.773  1.18E-02 1.289E-17 3.284E-10 5.077E-09  2.5626E-05 1.010E-06 2.563E-05 3.654E-03 -2.682E-16 -2.947E-11 -1.406E-08   5.93E-09   1.10E+01   1.34E+01   4.09E+01 1.0000000 -3.102E-24  4.601E-24  1.690E-23  0.000E+00  0.000E+00  0.000E+00 4.628E-04 4.033E+01 4.963E-18 4.163E-17 4.441E-16
    160      1.891  1.18E-02 2.493E-16 1.396E-09 2.233E-08  5.2846E-05 4.486E-06 5.285E-05 7.717E-03 -5.135E-15 -1.271E-10 -6.030E-08   2.56E-08   1.10E+01   1.34E+01   4.08E+01 1.0000000 -5.790E-24 -1.158E-23  2.109E-23  0.000E+00  0.000E+00  0.000E+00 9.281E-04 3.998E+01 3.714E-18 2.637E-16 2.220E-16
    170      2.009  1.18E-02 4.827E-15 5.974E-09 9.826E-08  1.0931E-04 1.988E-05 1.093E-04 1.635E-02 -9.832E-14 -5.497E-10 -2.594E-07   1.11E-07   1.10E+01   1.34E+01   4.07E+01 1.0000000 -2.399E-23  4.984E-23  2.791E-23  0.000E+00  0.000E+00  0.000E+00 1.869E-03 3.966E+01-1.926E-18 3.469E-17 2.220E-16
    180      2.128  1.18E-02 9.344E-14 2.568E-08 4.323E-07  2.2661E-04 8.786E-05 2.266E-04 3.479E-02 -1.880E-12 -2.384E-09 -1.119E-06   4.79E-07   1.10E+01   1.34E+01   4.06E+01 1.0000000 -3.970E-23  4.177E-23  1.715E-22  0.000E+00  0.000E+00  0.000E+00 3.774E-03 3.936E+01 3.369E-18 1.874E-16 8.882E-16
    190      2.246  1.18E-02 1.804E-12 1.107E-07 1.900E-06  4.7050E-04 3.877E-04 4.705E-04 7.383E-02 -3.584E-11 -1.035E-08 -4.835E-06   2.08E-06   1.09E+01   1.34E+01   4.04E+01 1.0000000 -6.948E-23 -6.659E-23  1.544E-22  0.000E+00  0.000E+00  0.000E+00 7.612E-03 3.908E+01 1.279E-17 1.874E-16-4.441E-16
    200      2.364  1.18E-02 3.444E-11 4.769E-07 8.301E-06  9.7663E-04 1.704E-03 9.769E-04 1.558E-01 -6.742E-10 -4.487E-08 -2.085E-05   9.02E-06   1.09E+01   1.34E+01   4.03E+01 1.0000000  5.294E-23  2.266E-22  1.280E-22  0.000E+00  0.000E+00  0.000E+00 1.510E-02 3.881E+01-1.045E-17 1.318E-16 0.000E+00
    210      2.482  1.18E-02 6.276E-10 2.029E-06 3.546E-05  2.0143E-03 7.160E-03 2.017E-03 3.227E-01 -1.205E-08 -1.921E-07 -8.853E-05   3.86E-05   1.09E+01   1.33E+01   4.03E+01 1.0000000 -3.970E-23 -3.391E-22  9.220E-22  0.000E+00  0.000E+00  0.000E+00 2.773E-02 3.856E+01-4.785E-18-2.151E-16 2.220E-16
    220      2.599  1.16E-02 9.593E-09 8.153E-06 1.389E-04  4.0381E-03 2.591E-02 4.056E-03 6.249E-01 -1.773E-07 -7.802E-07 -3.526E-04   1.57E-04   1.09E+01   1.33E+01   4.02E+01 1.0000000 -9.264E-22  3.640E-23  3.264E-22  0.000E+00  0.000E+00  0.000E+00 4.724E-02 3.832E+01 4.633E-18 1.388E-17 4.441E-16
    230      2.713  1.12E-02 9.231E-08 2.787E-05 4.325E-04  7.4654E-03 6.417E-02 7.562E-03 1.016E+00 -1.575E-06 -2.722E-06 -1.179E-03   5.47E-04   1.09E+01   1.33E+01   4.01E+01 1.0000000 -2.382E-21 -1.522E-22  7.582E-22  0.000E+00  0.000E+00  0.000E+00 1.560E-01 3.810E+01-1.408E-17-1.249E-16 2.220E-16
    240      2.824  1.09E-02 4.703E-07 7.397E-05 9.797E-04  1.2163E-02 1.022E-01 1.247E-02 1.314E+00 -7.196E-06 -7.433E-06 -3.029E-03   1.49E-03   1.09E+01   1.33E+01   3.99E+01 1.0000000  6.300E-21  2.435E-21 -1.342E-21  0.000E+00  0.000E+00  0.000E+00 3.893E-01 3.790E+01-3.673E-18 5.898E-16 0.000E+00
    250      2.931  1.06E-02 1.474E-06 1.558E-04 1.739E-03  1.7652E-02 1.243E-01 1.831E-02 1.477E+00 -2.062E-05 -1.610E-05 -6.158E-03   3.24E-03   1.09E+01   1.33E+01   3.97E+01 1.0000000  3.600E-21  3.309E-21  4.000E-21  0.000E+00  0.000E+00  0.000E+00 6.353E-01 3.773E+01-1.336E-17-4.857E-17-2.220E-16
    260      3.037  1.05E-02 3.406E-06 2.774E-04 2.647E-03  2.3553E-02 1.346E-01 2.466E-02 1.578E+00 -4.459E-05 -2.938E-05 -1.055E-02   5.91E-03   1.09E+01   1.33E+01   3.91E+01 1.0000000 -8.470E-22  5.982E-21  3.845E-20  0.000E+00  0.000E+00  0.000E+00 8.395E-01 3.758E+01-6.477E-18 1.596E-16-2.220E-16
    270      3.141  1.03E-02 6.553E-06 4.399E-04 3.678E-03  2.9661E-02 1.598E-01 3.126E-02 1.655E+00 -8.065E-05 -4.741E-05 -1.596E-02   9.54E-03   1.09E+01   1.33E+01   3.84E+01 1.0000000 -4.235E-21 -1.302E-20  2.189E-21  0.000E+00  0.000E+00  0.000E+00 9.981E-01 3.743E+01 8.183E-18-2.776E-17 2.220E-16
    280      3.243  1.02E-02 1.117E-05 6.459E-04 4.816E-03  3.5942E-02 1.948E-01 3.804E-02 1.730E+00 -1.298E-04 -6.999E-05 -2.207E-02   1.41E-02   1.09E+01   1.33E+01   3.77E+01 0.9999999  9.317E-21 -6.776E-21 -2.610E-20  0.000E+00  0.000E+00  0.000E+00 1.092E+00 3.729E+01-5.641E-18-7.633E-17-2.220E-16
    290      3.345  1.01E-02 1.747E-05 9.029E-04 6.042E-03  4.2494E-02 2.098E-01 4.511E-02 1.787E+00 -1.939E-04 -9.674E-05 -2.860E-02   1.95E-02   1.09E+01   1.33E+01   3.70E+01 0.9999999 -4.066E-20 -1.927E-20  1.740E-20  0.000E+00  0.000E+00  0.000E+00 1.143E+00 3.714E+01 2.163E-17 2.567E-16-2.220E-16
    300      3.446  9.99E-03 2.587E-05 1.220E-03 7.373E-03  4.9388E-02 2.543E-01 5.254E-02 1.840E+00 -2.787E-04 -1.270E-04 -3.515E-02   2.56E-02   1.09E+01   1.32E+01   3.63E+01 0.9999999  4.913E-20  1.525E-20  3.989E-20  0.000E+00  0.000E+00  0.000E+00 1.210E+00 3.701E+01-1.675E-19-1.665E-16 0.000E+00
    310      3.545  9.86E-03 3.720E-05 1.599E-03 8.867E-03  5.6559E-02 3.017E-01 6.030E-02 1.872E+00 -3.946E-04 -1.594E-04 -4.122E-02   3.21E-02   1.09E+01   1.32E+01   3.61E+01 0.9999998 -6.099E-20  2.658E-20 -2.434E-20  0.000E+00  0.000E+00  0.000E+00 1.319E+00 3.690E+01-5.566E-18-9.714E-17 4.441E-16
    320      3.643  9.76E-03 5.267E-05 2.042E-03 1.059E-02  6.3907E-02 3.433E-01 6.826E-02 1.893E+00 -5.505E-04 -1.931E-04 -4.638E-02   3.89E-02   1.09E+01   1.32E+01   3.58E+01 0.9999998  1.355E-20  3.473E-20  1.986E-20  0.000E+00  0.000E+00  0.000E+00 1.457E+00 3.680E+01 1.180E-17-2.359E-16 2.220E-16
    330      3.741  9.67E-03 7.321E-05 2.541E-03 1.252E-02  7.1294E-02 3.876E-01 7.626E-02 1.882E+00 -7.492E-04 -2.279E-04 -5.040E-02   4.59E-02   1.08E+01   1.31E+01   3.51E+01 0.9999997  6.776E-21 -1.271E-20 -9.526E-21  0.000E+00  0.000E+00  0.000E+00 1.592E+00 3.670E+01 1.696E-17 2.359E-16 0.000E+00
    340      3.837  9.61E-03 9.906E-05 3.090E-03 1.461E-02  7.8619E-02 4.353E-01 8.419E-02 1.952E+00 -9.865E-04 -2.638E-04 -5.318E-02   5.31E-02   1.08E+01   1.31E+01   3.48E+01 0.9999997 -1.118E-19  3.049E-20  4.281E-20  0.000E+00  0.000E+00  0.000E+00 1.712E+00 3.661E+01 1.963E-18-3.955E-16-2.220E-16
    350      3.933  9.58E-03 1.297E-04 3.683E-03 1.676E-02  8.5831E-02 4.746E-01 9.200E-02 2.044E+00 -1.245E-03 -3.007E-04 -5.469E-02   6.06E-02   1.08E+01   1.31E+01   3.45E+01 0.9999996 -1.863E-19 -3.219E-20  3.384E-20  0.000E+00  0.000E+00  0.000E+00 1.827E+00 3.652E+01-3.030E-18-2.498E-16 4.441E-16
    360      4.028  9.39E-03 1.640E-04 4.309E-03 1.887E-02  9.2836E-02 4.917E-01 9.960E-02 2.145E+00 -1.495E-03 -3.381E-04 -5.488E-02   6.81E-02   1.08E+01   1.30E+01   3.38E+01 0.9999995  1.999E-19  3.219E-20  6.356E-20  0.000E+00  0.000E+00  0.000E+00 1.941E+00 3.645E+01-1.304E-17 3.539E-16 2.220E-16
    370      4.121  9.18E-03 2.009E-04 4.950E-03 2.089E-02  9.9497E-02 4.862E-01 1.068E-01 2.188E+00 -1.720E-03 -3.749E-04 -5.379E-02   7.55E-02   1.07E+01   1.30E+01   3.37E+01 0.9999994  3.083E-19  8.979E-20 -8.038E-20  0.000E+00  0.000E+00  0.000E+00 2.037E+00 3.637E+01-1.723E-17 9.021E-17-2.220E-16
    380      4.212  8.93E-03 2.406E-04 5.594E-03 2.284E-02  1.0577E-01 5.350E-01 1.137E-01 2.202E+00 -1.939E-03 -4.107E-04 -5.153E-02   8.27E-02   1.07E+01   1.29E+01   3.37E+01 0.9999992  9.148E-20  7.623E-20  5.034E-20  0.000E+00  0.000E+00  0.000E+00 2.117E+00 3.628E+01-4.460E-18-1.874E-16 0.000E+00
    390      4.300  8.75E-03 2.836E-04 6.240E-03 2.479E-02  1.1171E-01 6.453E-01 1.202E-01 2.130E+00 -2.165E-03 -4.455E-04 -4.824E-02   8.97E-02   1.07E+01   1.29E+01   3.32E+01 0.9999989 -1.796E-19 -6.437E-20  6.073E-20  0.000E+00  0.000E+00  0.000E+00 2.185E+00 3.619E+01 9.995E-18 4.857E-17-4.441E-16
    400      4.388  8.80E-03 3.283E-04 6.899E-03 2.668E-02  1.1746E-01 7.035E-01 1.264E-01 1.961E+00 -2.308E-03 -4.799E-04 -4.448E-02   9.66E-02   1.07E+01   1.28E+01   3.28E+01 0.9999984  1.694E-19 -1.694E-20 -2.404E-19  0.000E+00  0.000E+00  0.000E+00 2.227E+00 3.609E+01-1.541E-18 2.012E-16-2.220E-16
    410      4.477  9.01E-03 3.702E-04 7.594E-03 2.837E-02  1.2324E-01 6.832E-01 1.327E-01 1.800E+00 -2.204E-03 -5.141E-04 -4.119E-02   1.04E-01   1.06E+01   1.28E+01   3.25E+01 0.9999979  1.542E-19  1.355E-20 -1.531E-19  0.000E+00  0.000E+00  0.000E+00 2.250E+00 3.599E+01-1.026E-17 1.318E-16-4.441E-16
    420      4.568  9.34E-03 4.093E-04 8.338E-03 2.987E-02  1.2914E-01 6.236E-01 1.391E-01 1.813E+00 -1.828E-03 -5.477E-04 -3.905E-02   1.10E-01   1.06E+01   1.27E+01   3.19E+01 0.9999975  9.826E-20  7.454E-20  1.082E-19  0.000E+00  0.000E+00  0.000E+00 2.273E+00 3.589E+01-1.139E-18 2.290E-16-2.220E-16
    430      4.663  9.61E-03 4.522E-04 9.133E-03 3.139E-02  1.3515E-01 5.122E-01 1.457E-01 1.783E+00 -1.321E-03 -5.796E-04 -3.813E-02   1.17E-01   1.06E+01   1.27E+01   3.17E+01 0.9999973 -2.439E-19  4.743E-20  7.306E-21  0.000E+00  0.000E+00  0.000E+00 2.301E+00 3.578E+01 8.654E-18-6.245E-17 0.000E+00
    440      4.759  9.57E-03 5.032E-04 9.945E-03 3.308E-02  1.4103E-01 5.107E-01 1.522E-01 1.769E+00 -8.472E-04 -6.080E-04 -3.822E-02   1.22E-01   1.05E+01   1.26E+01   3.19E+01 0.9999971 -1.626E-19 -1.491E-19 -9.148E-20  0.000E+00  0.000E+00  0.000E+00 2.329E+00 3.567E+01 1.417E-17 2.151E-16 2.220E-16
    450      4.855  9.57E-03 5.589E-04 1.077E-02 3.485E-02  1.4674E-01 5.910E-01 1.584E-01 1.778E+00 -5.249E-04 -6.324E-04 -3.896E-02   1.27E-01   1.05E+01   1.25E+01   3.17E+01 0.9999969 -5.421E-20  0.000E+00 -7.412E-21  0.000E+00  0.000E+00  0.000E+00 2.357E+00 3.556E+01 7.024E-18-2.359E-16 2.220E-16
    460      4.950  9.49E-03 6.125E-04 1.162E-02 3.651E-02  1.5245E-01 5.552E-01 1.646E-01 1.789E+00 -4.250E-04 -6.534E-04 -3.982E-02   1.31E-01   1.04E+01   1.24E+01   3.16E+01 0.9999967 -1.355E-19 -2.575E-19  2.869E-19  0.000E+00  0.000E+00  0.000E+00 2.378E+00 3.544E+01-1.063E-17-6.939E-17-4.441E-16
    470      5.045  9.50E-03 6.605E-04 1.252E-02 3.797E-02  1.5821E-01 4.899E-01 1.708E-01 1.807E+00 -4.878E-04 -6.714E-04 -4.054E-02   1.35E-01   1.04E+01   1.24E+01   3.14E+01 0.9999965 -1.220E-19  0.000E+00  2.749E-19  0.000E+00  0.000E+00  0.000E+00 2.421E+00 3.532E+01 1.895E-17 3.469E-16 4.441E-16
    480      5.140  9.58E-03 7.058E-04 1.345E-02 3.929E-02  1.6404E-01 4.694E-01 1.770E-01 1.819E+00 -6.057E-04 -6.864E-04 -4.096E-02   1.38E-01   1.03E+01   1.23E+01   3.13E+01 0.9999964  7.183E-19  5.421E-20  9.571E-20  0.000E+00  0.000E+00  0.000E+00 2.476E+00 3.519E+01-1.669E-18 1.943E-16-4.441E-16
    490      5.236  9.68E-03 7.512E-04 1.443E-02 4.055E-02  1.6987E-01 4.302E-01 1.832E-01 1.817E+00 -7.081E-04 -6.972E-04 -4.068E-02   1.40E-01   1.03E+01   1.22E+01   3.12E+01 0.9999963  1.931E-19 -2.439E-19  1.703E-19  0.000E+00  0.000E+00  0.000E+00 2.508E+00 3.505E+01-1.033E-17-1.388E-17-2.220E-16
    500      5.334  9.80E-03 7.982E-04 1.542E-02 4.180E-02  1.7563E-01 4.031E-01 1.893E-01 1.803E+00 -7.566E-04 -7.035E-04 -3.945E-02   1.41E-01   1.02E+01   1.21E+01   3.10E+01 0.9999961  1.660E-19 -2.439E-19 -1.419E-19  0.000E+00  0.000E+00  0.000E+00 2.516E+00 3.489E+01-4.082E-18 2.776E-17 0.000E+00
    510      5.432  9.82E-03 8.471E-04 1.643E-02 4.307E-02  1.8125E-01 4.125E-01 1.954E-01 1.801E+00 -7.527E-04 -7.050E-04 -3.735E-02   1.42E-01   1.02E+01   1.20E+01   3.09E+01 0.9999959 -1.559E-19 -2.711E-20 -5.620E-19  0.000E+00  0.000E+00  0.000E+00 2.512E+00 3.473E+01 7.324E-18-1.388E-16 0.000E+00
    520      5.530  9.83E-03 8.980E-04 1.742E-02 4.436E-02  1.8664E-01 4.369E-01 2.012E-01 1.825E+00 -7.220E-04 -7.024E-04 -3.462E-02   1.41E-01   1.01E+01   1.20E+01   3.07E+01 0.9999957  6.099E-20  0.000E+00 -1.919E-19  0.000E+00  0.000E+00  0.000E+00 2.506E+00 3.456E+01-3.964E-18-4.163E-17-2.220E-16
    530      5.629  9.86E-03 9.521E-04 1.839E-02 4.569E-02  1.9180E-01 4.545E-01 2.067E-01 1.866E+00 -6.850E-04 -6.965E-04 -3.154E-02   1.40E-01   1.01E+01   1.19E+01   3.04E+01 0.9999955 -2.507E-19 -3.253E-19  2.554E-19  0.000E+00  0.000E+00  0.000E+00 2.503E+00 3.439E+01 3.004E-18 2.498E-16 4.441E-16
    540      5.728  9.95E-03 1.011E-03 1.935E-02 4.711E-02  1.9674E-01 4.658E-01 2.120E-01 1.911E+00 -6.509E-04 -6.886E-04 -2.841E-02   1.38E-01   1.00E+01   1.18E+01   3.05E+01 0.9999954  4.947E-19  1.084E-19  1.694E-19  0.000E+00  0.000E+00  0.000E+00 2.505E+00 3.423E+01-7.416E-18-1.388E-16 6.661E-16
    550      5.827  9.99E-03 1.075E-03 2.029E-02 4.860E-02  2.0145E-01 4.691E-01 2.171E-01 1.957E+00 -6.330E-04 -6.796E-04 -2.538E-02   1.37E-01   9.96E+00   1.17E+01   3.06E+01 0.9999953 -2.439E-19  8.132E-20 -1.762E-19  0.000E+00  0.000E+00  0.000E+00 2.511E+00 3.407E+01 3.118E-18-4.163E-17 0.000E+00
    560      5.927  9.89E-03 1.143E-03 2.120E-02 5.014E-02  2.0590E-01 4.472E-01 2.219E-01 1.993E+00 -6.534E-04 -6.705E-04 -2.245E-02   1.35E-01   9.90E+00   1.16E+01   3.04E+01 0.9999952  5.421E-20 -4.337E-19 -1.118E-19  0.000E+00  0.000E+00  0.000E+00 2.516E+00 3.392E+01 3.307E-19 3.192E-16 2.220E-16
    570      6.025  9.81E-03 1.213E-03 2.207E-02 5.168E-02  2.1009E-01 4.386E-01 2.265E-01 2.015E+00 -7.215E-04 -6.616E-04 -1.954E-02   1.33E-01   9.84E+00   1.15E+01   3.02E+01 0.9999952  6.776E-19 -4.201E-19 -1.321E-19  0.000E+00  0.000E+00  0.000E+00 2.517E+00 3.376E+01-5.946E-18 1.388E-17 0.000E+00
    580      6.123  9.76E-03 1.286E-03 2.291E-02 5.323E-02  2.1405E-01 4.334E-01 2.308E-01 2.039E+00 -8.202E-04 -6.533E-04 -1.659E-02   1.31E-01   9.78E+00   1.14E+01   2.99E+01 0.9999951 -5.285E-19  9.487E-20 -8.403E-19  0.000E+00  0.000E+00  0.000E+00 2.514E+00 3.362E+01-1.045E-17-1.943E-16 0.000E+00
    590      6.221  9.73E-03 1.361E-03 2.372E-02 5.478E-02  2.1779E-01 4.164E-01 2.348E-01 2.060E+00 -9.195E-04 -6.457E-04 -1.366E-02   1.30E-01   9.72E+00   1.14E+01   2.93E+01 0.9999951  7.183E-19  2.982E-19  1.948E-19  0.000E+00  0.000E+00  0.000E+00 2.513E+00 3.347E+01 3.671E-18 9.714E-17 0.000E+00
    600      6.318  9.73E-03 1.438E-03 2.449E-02 5.632E-02  2.2133E-01 4.415E-01 2.387E-01 2.075E+00 -9.983E-04 -6.387E-04 -1.084E-02   1.28E-01   9.66E+00   1.13E+01   2.89E+01 0.9999952 -8.132E-20  1.355E-19 -1.254E-19  0.000E+00  0.000E+00  0.000E+00 2.513E+00 3.332E+01 1.529E-17 2.220E-16-4.441E-16
    610      6.415  9.73E-03 1.515E-03 2.524E-02 5.781E-02  2.2470E-01 4.695E-01 2.424E-01 2.077E+00 -1.047E-03 -6.324E-04 -8.259E-03   1.27E-01   9.60E+00   1.12E+01   2.87E+01 0.9999952  1.897E-19 -2.846E-19  4.405E-20  0.000E+00  0.000E+00  0.000E+00 2.515E+00 3.318E+01 1.332E-17-5.829E-16-2.220E-16
    620      6.513  9.71E-03 1.589E-03 2.597E-02 5.921E-02  2.2792E-01 5.003E-01 2.459E-01 2.085E+00 -1.061E-03 -6.268E-04 -6.007E-03   1.26E-01   9.54E+00   1.11E+01   2.85E+01 0.9999952 -2.711E-20  5.150E-19  8.098E-19  0.000E+00  0.000E+00  0.000E+00 2.517E+00 3.303E+01-4.672E-19-1.388E-16 0.000E+00
    630      6.610  9.69E-03 1.660E-03 2.668E-02 6.050E-02  2.3102E-01 5.335E-01 2.492E-01 2.079E+00 -1.048E-03 -6.221E-04 -4.112E-03   1.25E-01   9.48E+00   1.10E+01   2.82E+01 0.9999953 -1.166E-18 -1.626E-19 -3.896E-19  0.000E+00  0.000E+00  0.000E+00 2.518E+00 3.289E+01 7.790E-18-5.551E-17 0.000E+00
    640      6.707  9.68E-03 1.726E-03 2.738E-02 6.168E-02  2.3401E-01 5.675E-01 2.524E-01 2.051E+00 -1.025E-03 -6.183E-04 -2.529E-03   1.24E-01   9.42E+00   1.09E+01   2.81E+01 0.9999953 -2.439E-19  4.066E-19 -6.776E-20  0.000E+00  0.000E+00  0.000E+00 2.517E+00 3.275E+01-1.060E-17 8.327E-17 2.220E-16
    650      6.803  9.66E-03 1.787E-03 2.806E-02 6.276E-02  2.3691E-01 6.016E-01 2.555E-01 2.027E+00 -1.017E-03 -6.152E-04 -1.163E-03   1.24E-01   9.36E+00   1.09E+01   2.81E+01 0.9999954  9.216E-19  1.355E-19  5.895E-19  0.000E+00  0.000E+00  0.000E+00 2.514E+00 3.262E+01-9.053E-18-2.776E-17 0.000E+00
    660      6.900  9.67E-03 1.846E-03 2.874E-02 6.377E-02  2.3973E-01 6.349E-01 2.585E-01 2.020E+00 -1.046E-03 -6.128E-04  9.793E-05   1.23E-01   9.30E+00   1.08E+01   2.80E+01 0.9999956  0.000E+00 -5.421E-19 -7.522E-19  0.000E+00  0.000E+00  0.000E+00 2.511E+00 3.249E+01-6.239E-18 5.551E-17 4.441E-16
    670      6.997  9.67E-03 1.902E-03 2.940E-02 6.473E-02  2.4248E-01 6.691E-01 2.614E-01 2.009E+00 -1.129E-03 -6.108E-04  1.355E-03   1.23E-01   9.23E+00   1.07E+01   2.76E+01 0.9999960 -8.674E-19  2.168E-19 -3.930E-19  0.000E+00  0.000E+00  0.000E+00 2.508E+00 3.236E+01 1.176E-17-1.804E-16-2.220E-16
    680      7.093  9.67E-03 1.958E-03 3.005E-02 6.567E-02  2.4515E-01 7.033E-01 2.641E-01 1.976E+00 -1.264E-03 -6.091E-04  2.668E-03   1.22E-01   9.17E+00   1.06E+01   2.71E+01 0.9999967  5.421E-20  1.626E-19 -3.913E-19  0.000E+00  0.000E+00  0.000E+00 2.506E+00 3.223E+01 6.783E-18-9.714E-17 0.000E+00
    690      7.190  9.64E-03 2.014E-03 3.069E-02 6.659E-02  2.4776E-01 7.348E-01 2.668E-01 1.952E+00 -1.431E-03 -6.076E-04  4.030E-03   1.22E-01   9.11E+00   1.05E+01   2.69E+01 0.9999978 -1.355E-18 -1.084E-19 -2.558E-19  0.000E+00  0.000E+00  0.000E+00 2.502E+00 3.210E+01 1.908E-18 2.082E-16 0.000E+00
    700      7.286  9.63E-03 2.068E-03 3.133E-02 6.749E-02  2.5032E-01 7.484E-01 2.693E-01 1.919E+00 -1.602E-03 -6.062E-04  5.369E-03   1.22E-01   9.04E+00   1.05E+01   2.71E+01 0.9999990 -2.168E-19  1.084E-19  3.896E-20  0.000E+00  0.000E+00  0.000E+00 2.497E+00 3.196E+01 1.425E-17 1.110E-16 2.220E-16
    710      7.383  9.65E-03 2.120E-03 3.197E-02 6.833E-02  2.5285E-01 7.388E-01 2.718E-01 1.874E+00 -1.751E-03 -6.046E-04  6.593E-03   1.22E-01   8.98E+00   1.04E+01   2.72E+01 1.0000000  1.301E-18  5.421E-19  1.847E-19  0.000E+00  0.000E+00  0.000E+00 2.490E+00 3.182E+01 4.248E-18 2.082E-16-2.220E-16
    720      7.479  9.65E-03 2.166E-03 3.261E-02 6.910E-02  2.5538E-01 7.058E-01 2.743E-01 1.834E+00 -1.868E-03 -6.024E-04  7.677E-03   1.21E-01   8.91E+00   1.03E+01   2.74E+01 1.0000000  1.843E-18 -2.168E-19  4.608E-19  0.000E+00  0.000E+00  0.000E+00 2.480E+00 3.169E+01 6.652E-18-1.388E-17 0.000E+00
    730      7.576  9.71E-03 2.207E-03 3.326E-02 6.976E-02  2.5791E-01 6.541E-01 2.767E-01 1.788E+00 -1.958E-03 -5.992E-04  8.691E-03   1.20E-01   8.85E+00   1.02E+01   2.75E+01 0.9999995 -1.193E-18  2.168E-19 -2.677E-19  0.000E+00  0.000E+00  0.000E+00 2.470E+00 3.155E+01 1.665E-17 6.939E-17-4.441E-16
    740      7.673  9.77E-03 2.240E-03 3.391E-02 7.031E-02  2.6043E-01 5.970E-01 2.791E-01 1.740E+00 -2.029E-03 -5.946E-04  9.739E-03   1.20E-01   8.78E+00   1.01E+01   2.77E+01 0.9999988 -1.084E-19 -8.674E-19  9.148E-20  0.000E+00  0.000E+00  0.000E+00 2.460E+00 3.141E+01-1.770E-17 4.163E-17-4.441E-16
    750      7.771  9.88E-03 2.267E-03 3.457E-02 7.075E-02  2.6294E-01 5.538E-01 2.815E-01 1.690E+00 -2.084E-03 -5.890E-04  1.089E-02   1.18E-01   8.71E+00   1.01E+01   2.77E+01 0.9999984 -1.626E-18  1.084E-18 -1.064E-18  0.000E+00  0.000E+00  0.000E+00 2.448E+00 3.128E+01-6.082E-18 1.665E-16 0.000E+00
    760      7.870  9.98E-03 2.290E-03 3.523E-02 7.112E-02  2.6543E-01 5.199E-01 2.839E-01 1.634E+00 -2.122E-03 -5.826E-04  1.215E-02   1.17E-01   8.65E+00   9.97E+00   2.78E+01 0.9999981  3.253E-19 -1.301E-18 -6.234E-19  0.000E+00  0.000E+00  0.000E+00 2.433E+00 3.115E+01 6.499E-18-1.804E-16 0.000E+00
    770      7.971  1.01E-02 2.310E-03 3.588E-02 7.143E-02  2.6788E-01 4.964E-01 2.863E-01 1.573E+00 -2.141E-03 -5.760E-04  1.348E-02   1.16E-01   8.58E+00   9.88E+00   2.77E+01 0.9999979 -1.193E-18 -8.674E-19  5.150E-19  0.000E+00  0.000E+00  0.000E+00 2.416E+00 3.102E+01 4.518E-18 2.082E-17 0.000E+00
    780      8.072  1.02E-02 2.331E-03 3.653E-02 7.174E-02  2.7028E-01 4.724E-01 2.885E-01 1.512E+00 -2.142E-03 -5.696E-04  1.482E-02   1.15E-01   8.51E+00   9.80E+00   2.76E+01 0.9999978  1.193E-18  4.337E-19  2.168E-19  0.000E+00  0.000E+00  0.000E+00 2.398E+00 3.089E+01 7.079E-18 4.163E-17-2.220E-16
    790      8.175  1.03E-02 2.354E-03 3.716E-02 7.204E-02  2.7261E-01 4.505E-01 2.907E-01 1.458E+00 -2.127E-03 -5.638E-04  1.608E-02   1.13E-01   8.44E+00   9.71E+00   2.74E+01 0.9999978 -1.084E-19  4.337E-19  1.287E-19  0.000E+00  0.000E+00  0.000E+00 2.379E+00 3.076E+01 4.531E-19 2.845E-16-2.220E-16
    800      8.279  1.04E-02 2.378E-03 3.778E-02 7.236E-02  2.7486E-01 4.312E-01 2.928E-01 1.400E+00 -2.105E-03 -5.588E-04  1.722E-02   1.12E-01   8.37E+00   9.63E+00   2.71E+01 0.9999978  6.505E-19 -4.337E-19  3.253E-19  0.000E+00  0.000E+00  0.000E+00 2.360E+00 3.064E+01-1.494E-17-1.943E-16 0.000E+00
    810      8.384  1.05E-02 2.404E-03 3.837E-02 7.268E-02  2.7704E-01 4.143E-01 2.948E-01 1.349E+00 -2.080E-03 -5.547E-04  1.820E-02   1.12E-01   8.30E+00   9.54E+00   2.67E+01 0.9999978  4.337E-19 -2.168E-19 -6.234E-19  0.000E+00  0.000E+00  0.000E+00 2.341E+00 3.051E+01-3.199E-19 2.498E-16 4.441E-16
    820      8.489  1.05E-02 2.430E-03 3.896E-02 7.300E-02  2.7914E-01 4.036E-01 2.967E-01 1.323E+00 -2.056E-03 -5.513E-04  1.905E-02   1.11E-01   8.23E+00   9.46E+00   2.63E+01 0.9999978  4.337E-19 -4.337E-19 -1.132E-18  0.000E+00  0.000E+00  0.000E+00 2.323E+00 3.038E+01-7.785E-18 6.939E-18 0.000E+00
    830      8.594  1.05E-02 2.457E-03 3.953E-02 7.331E-02  2.8116E-01 3.929E-01 2.985E-01 1.317E+00 -2.037E-03 -5.489E-04  1.980E-02   1.10E-01   8.16E+00   9.37E+00   2.62E+01 0.9999978  8.674E-19  8.674E-19 -3.320E-19  0.000E+00  0.000E+00  0.000E+00 2.307E+00 3.025E+01 7.612E-18 2.082E-17 0.000E+00
    840      8.699  1.05E-02 2.483E-03 4.008E-02 7.362E-02  2.8311E-01 3.873E-01 3.002E-01 1.309E+00 -2.018E-03 -5.475E-04  2.045E-02   1.10E-01   8.09E+00   9.28E+00   2.61E+01 0.9999978  1.301E-18  2.168E-19 -1.748E-18  0.000E+00  0.000E+00  0.000E+00 2.293E+00 3.011E+01-7.293E-18 1.596E-16 0.000E+00
    850      8.804  1.04E-02 2.510E-03 4.061E-02 7.393E-02  2.8499E-01 4.071E-01 3.018E-01 1.288E+00 -1.998E-03 -5.472E-04  2.103E-02   1.10E-01   8.03E+00   9.20E+00   2.60E+01 0.9999978 -4.337E-19  8.674E-19 -7.386E-19  0.000E+00  0.000E+00  0.000E+00 2.283E+00 2.998E+01-1.769E-17 1.527E-16 2.220E-16
    860      8.908  1.04E-02 2.539E-03 4.113E-02 7.425E-02  2.8680E-01 4.260E-01 3.034E-01 1.267E+00 -1.973E-03 -5.482E-04  2.153E-02   1.10E-01   7.96E+00   9.11E+00   2.59E+01 0.9999978  8.674E-19 -4.337E-19  6.641E-19  0.000E+00  0.000E+00  0.000E+00 2.275E+00 2.985E+01-1.120E-17 4.857E-17 0.000E+00
    870      9.012  1.05E-02 2.568E-03 4.163E-02 7.458E-02  2.8857E-01 4.320E-01 3.049E-01 1.239E+00 -1.937E-03 -5.504E-04  2.194E-02   1.11E-01   7.89E+00   9.03E+00   2.58E+01 0.9999978 -2.168E-19  0.000E+00  1.952E-18  0.000E+00  0.000E+00  0.000E+00 2.270E+00 2.971E+01 2.675E-18 4.163E-17 4.441E-16
    880      9.117  1.05E-02 2.598E-03 4.213E-02 7.491E-02  2.9028E-01 4.286E-01 3.063E-01 1.208E+00 -1.886E-03 -5.538E-04  2.225E-02   1.11E-01   7.82E+00   8.94E+00   2.58E+01 0.9999979  6.505E-19  1.518E-18 -9.961E-19  0.000E+00  0.000E+00  0.000E+00 2.265E+00 2.957E+01-1.292E-17-1.041E-16-2.220E-16
    890      9.222  1.05E-02 2.628E-03 4.262E-02 7.523E-02  2.9195E-01 4.085E-01 3.077E-01 1.223E+00 -1.814E-03 -5.583E-04  2.243E-02   1.12E-01   7.75E+00   8.86E+00   2.57E+01 0.9999979 -1.952E-18 -6.505E-19  4.337E-19  0.000E+00  0.000E+00  0.000E+00 2.259E+00 2.943E+01 2.580E-18 6.245E-17 0.000E+00
    900      9.328  1.06E-02 2.658E-03 4.309E-02 7.554E-02  2.9358E-01 3.801E-01 3.090E-01 1.239E+00 -1.721E-03 -5.636E-04  2.245E-02   1.13E-01   7.68E+00   8.78E+00   2.54E+01 0.9999979 -3.036E-18 -1.084E-18  1.138E-18  0.000E+00  0.000E+00  0.000E+00 2.253E+00 2.928E+01 1.420E-17-1.457E-16 4.441E-16
    910      9.434  1.07E-02 2.686E-03 4.356E-02 7.583E-02  2.9518E-01 3.442E-01 3.102E-01 1.250E+00 -1.609E-03 -5.694E-04  2.231E-02   1.14E-01   7.61E+00   8.69E+00   2.50E+01 0.9999979  3.253E-18 -4.337E-19  5.557E-19  0.000E+00  0.000E+00  0.000E+00 2.245E+00 2.913E+01-1.367E-17 8.327E-17-4.441E-16
    920      9.541  1.07E-02 2.714E-03 4.403E-02 7.611E-02  2.9673E-01 3.367E-01 3.114E-01 1.256E+00 -1.486E-03 -5.756E-04  2.203E-02   1.16E-01   7.54E+00   8.61E+00   2.46E+01 0.9999979  0.000E+00 -1.084E-18  3.388E-19  0.000E+00  0.000E+00  0.000E+00 2.236E+00 2.898E+01-2.647E-18-5.551E-17 2.220E-16
    930      9.648  1.07E-02 2.741E-03 4.447E-02 7.637E-02  2.9824E-01 3.447E-01 3.125E-01 1.259E+00 -1.359E-03 -5.817E-04  2.162E-02   1.17E-01   7.47E+00   8.53E+00   2.41E+01 0.9999979 -4.337E-19 -2.168E-18  8.674E-19  0.000E+00  0.000E+00  0.000E+00 2.226E+00 2.883E+01-2.300E-18 2.359E-16 0.000E+00
    940      9.755  1.07E-02 2.768E-03 4.491E-02 7.663E-02  2.9969E-01 3.518E-01 3.136E-01 1.264E+00 -1.231E-03 -5.876E-04  2.109E-02   1.18E-01   7.40E+00   8.44E+00   2.42E+01 0.9999979  0.000E+00  2.819E-18 -6.912E-19  0.000E+00  0.000E+00  0.000E+00 2.215E+00 2.868E+01 5.853E-18 1.318E-16 2.220E-16
    950      9.862  1.07E-02 2.796E-03 4.532E-02 7.691E-02  3.0108E-01 3.587E-01 3.146E-01 1.268E+00 -1.100E-03 -5.930E-04  2.045E-02   1.19E-01   7.33E+00   8.36E+00   2.44E+01 0.9999979  4.337E-19 -4.337E-19 -1.491E-19  0.000E+00  0.000E+00  0.000E+00 2.204E+00 2.852E+01-9.281E-18 2.776E-17-2.220E-16
    960      9.969  1.07E-02 2.827E-03 4.572E-02 7.722E-02  3.0240E-01 3.620E-01 3.155E-01 1.267E+00 -9.586E-04 -5.978E-04  1.968E-02   1.20E-01   7.26E+00   8.28E+00   2.45E+01 0.9999980  0.000E+00  4.337E-19 -1.044E-18  0.000E+00  0.000E+00  0.000E+00 2.194E+00 2.838E+01 1.211E-18 1.388E-17 2.220E-16
    970     10.075  1.07E-02 2.860E-03 4.610E-02 7.757E-02  3.0365E-01 3.635E-01 3.163E-01 1.268E+00 -7.987E-04 -6.017E-04  1.876E-02   1.21E-01   7.19E+00   8.20E+00   2.46E+01 0.9999980  8.674E-19 -4.337E-19  1.531E-18  0.000E+00  0.000E+00  0.000E+00 2.183E+00 2.823E+01-2.048E-18-1.527E-16-2.220E-16
    980     10.182  1.07E-02 2.898E-03 4.646E-02 7.797E-02  3.0483E-01 3.637E-01 3.171E-01 1.257E+00 -6.128E-04 -6.048E-04  1.766E-02   1.22E-01   7.12E+00   8.12E+00   2.47E+01 0.9999980 -8.674E-19 -4.337E-19  3.659E-19  0.000E+00  0.000E+00  0.000E+00 2.173E+00 2.808E+01-7.093E-18 4.857E-17 0.000E+00
    990     10.289  1.07E-02 2.939E-03 4.680E-02 7.844E-02  3.0593E-01 3.620E-01 3.178E-01 1.251E+00 -3.972E-04 -6.067E-04  1.639E-02   1.22E-01   7.06E+00   8.04E+00   2.45E+01 0.9999980  3.469E-18 -1.952E-18 -1.572E-18  0.000E+00  0.000E+00  0.000E+00 2.163E+00 2.793E+01-3.908E-18 1.735E-16-4.441E-16
   1000     10.396  1.07E-02 2.985E-03 4.711E-02 7.896E-02  3.0694E-01 3.595E-01 3.184E-01 1.239E+00 -1.540E-04 -6.074E-04  1.496E-02   1.22E-01   6.99E+00   7.96E+00   2.44E+01 0.9999980  6.505E-19 -1.735E-18  2.033E-19  0.000E+00  0.000E+00  0.000E+00 2.153E+00 2.779E+01 6.048E-18-4.163E-17 0.000E+00
   1010     10.504  1.08E-02 3.035E-03 4.739E-02 7.953E-02  3.0788E-01 3.649E-01 3.190E-01 1.212E+00  1.078E-04 -6.067E-04  1.340E-02   1.22E-01   6.92E+00   7.88E+00   2.41E+01 0.9999980 -4.337E-19  1.084E-18 -1.260E-18  0.000E+00  0.000E+00  0.000E+00 2.143E+00 2.764E+01 8.333E-19 6.245E-17 2.220E-16
   1020     10.611  1.07E-02 3.088E-03 4.766E-02 8.014E-02  3.0873E-01 3.846E-01 3.195E-01 1.184E+00  3.719E-04 -6.047E-04  1.177E-02   1.21E-01   6.86E+00   7.80E+00   2.37E+01 0.9999981 -4.337E-19  1.952E-18 -1.382E-18  0.000E+00  0.000E+00  0.000E+00 2.132E+00 2.750E+01-3.896E-18-4.857E-17 0.000E+00
   1030     10.719  1.07E-02 3.142E-03 4.790E-02 8.077E-02  3.0950E-01 3.924E-01 3.199E-01 1.155E+00  6.179E-04 -6.013E-04  1.015E-02   1.21E-01   6.79E+00   7.72E+00   2.34E+01 0.9999981 -1.735E-18 -1.735E-18  1.626E-19  0.000E+00  0.000E+00  0.000E+00 2.119E+00 2.735E+01 4.766E-18-2.429E-16 2.220E-16
   1040     10.826  1.08E-02 3.197E-03 4.812E-02 8.140E-02  3.1021E-01 3.903E-01 3.202E-01 1.119E+00  8.262E-04 -5.969E-04  8.604E-03   1.20E-01   6.73E+00   7.64E+00   2.33E+01 0.9999981  3.036E-18 -4.337E-19 -1.396E-18  0.000E+00  0.000E+00  0.000E+00 2.106E+00 2.721E+01-1.360E-17-4.857E-17 0.000E+00
   1050     10.934  1.08E-02 3.250E-03 4.832E-02 8.201E-02  3.1086E-01 3.764E-01 3.206E-01 1.112E+00  9.810E-04 -5.916E-04  7.206E-03   1.19E-01   6.66E+00   7.57E+00   2.31E+01 0.9999981  3.469E-18  1.952E-18  2.439E-19  0.000E+00  0.000E+00  0.000E+00 2.092E+00 2.706E+01-7.634E-18-4.163E-17-2.220E-16
   1060     11.042  1.09E-02 3.302E-03 4.850E-02 8.259E-02  3.1145E-01 3.537E-01 3.208E-01 1.107E+00  1.074E-03 -5.859E-04  5.997E-03   1.18E-01   6.60E+00   7.49E+00   2.29E+01 0.9999982 -2.385E-18 -4.337E-19  1.016E-18  0.000E+00  0.000E+00  0.000E+00 2.077E+00 2.692E+01 4.725E-18-3.123E-16 0.000E+00
   1070     11.151  1.09E-02 3.350E-03 4.867E-02 8.314E-02  3.1200E-01 3.488E-01 3.211E-01 1.098E+00  1.103E-03 -5.800E-04  5.001E-03   1.17E-01   6.53E+00   7.41E+00   2.26E+01 0.9999982 -4.337E-19  2.168E-19 -1.057E-18  0.000E+00  0.000E+00  0.000E+00 2.063E+00 2.677E+01-2.906E-18-7.633E-17 0.000E+00
   1080     11.260  1.09E-02 3.396E-03 4.883E-02 8.364E-02  3.1250E-01 3.602E-01 3.213E-01 1.089E+00  1.075E-03 -5.742E-04  4.232E-03   1.15E-01   6.47E+00   7.34E+00   2.24E+01 0.9999982 -8.674E-19 -4.337E-19  6.505E-19  0.000E+00  0.000E+00  0.000E+00 2.048E+00 2.662E+01-1.783E-19 9.021E-17 0.000E+00
   1090     11.369  1.09E-02 3.438E-03 4.897E-02 8.409E-02  3.1296E-01 3.706E-01 3.215E-01 1.078E+00  9.998E-04 -5.689E-04  3.688E-03   1.14E-01   6.40E+00   7.27E+00   2.22E+01 0.9999982 -2.168E-18  2.168E-18 -1.166E-18  0.000E+00  0.000E+00  0.000E+00 2.033E+00 2.648E+01-1.301E-17 2.012E-16 0.000E+00
   1100     11.478  1.09E-02 3.476E-03 4.910E-02 8.451E-02  3.1337E-01 3.781E-01 3.217E-01 1.068E+00  8.897E-04 -5.640E-04  3.362E-03   1.13E-01   6.34E+00   7.19E+00   2.19E+01 0.9999982  4.337E-19 -1.301E-18 -1.274E-18  0.000E+00  0.000E+00  0.000E+00 2.019E+00 2.634E+01 3.163E-18 6.939E-18 0.000E+00
   1110     11.586  1.09E-02 3.512E-03 4.921E-02 8.488E-02  3.1373E-01 3.821E-01 3.219E-01 1.058E+00  7.574E-04 -5.598E-04  3.240E-03   1.13E-01   6.28E+00   7.12E+00   2.18E+01 0.9999982 -2.602E-18  1.301E-18  2.819E-18  0.000E+00  0.000E+00  0.000E+00 2.006E+00 2.620E+01 4.408E-18 9.368E-17 0.000E+00
   1120     11.695  1.09E-02 3.545E-03 4.932E-02 8.522E-02  3.1406E-01 3.822E-01 3.220E-01 1.047E+00  6.139E-04 -5.561E-04  3.308E-03   1.12E-01   6.22E+00   7.05E+00   2.19E+01 0.9999983  0.000E+00 -4.337E-19 -9.487E-19  0.000E+00  0.000E+00  0.000E+00 1.992E+00 2.607E+01-1.109E-18-1.041E-17 0.000E+00
   1130     11.804  1.09E-02 3.576E-03 4.940E-02 8.553E-02  3.1434E-01 3.783E-01 3.221E-01 1.036E+00  4.683E-04 -5.530E-04  3.550E-03   1.11E-01   6.16E+00   6.98E+00   2.21E+01 0.9999983 -1.301E-18  3.036E-18  9.758E-19  0.000E+00  0.000E+00  0.000E+00 1.979E+00 2.594E+01-9.429E-18 1.735E-17 1.110E-16
   1140     11.913  1.09E-02 3.603E-03 4.948E-02 8.581E-02  3.1458E-01 3.714E-01 3.222E-01 1.024E+00  3.279E-04 -5.503E-04  3.950E-03   1.11E-01   6.10E+00   6.92E+00   2.23E+01 0.9999983  3.469E-18  0.000E+00 -1.816E-18  0.000E+00  0.000E+00  0.000E+00 1.967E+00 2.581E+01 7.151E-18 3.469E-17 1.110E-16
   1150     12.022  1.09E-02 3.629E-03 4.954E-02 8.605E-02  3.1478E-01 3.611E-01 3.222E-01 1.012E+00  1.974E-04 -5.478E-04  4.493E-03   1.10E-01   6.04E+00   6.85E+00   2.25E+01 0.9999983  3.253E-18 -1.301E-18 -1.559E-18  0.000E+00  0.000E+00  0.000E+00 1.954E+00 2.568E+01 5.328E-18 2.776E-16 0.000E+00
   1160     12.131  1.09E-02 3.651E-03 4.960E-02 8.628E-02  3.1495E-01 3.474E-01 3.222E-01 9.993E-01  7.886E-05 -5.457E-04  5.168E-03   1.10E-01   5.98E+00   6.78E+00   2.26E+01 0.9999983  4.337E-19  2.168E-19 -1.016E-18  0.000E+00  0.000E+00  0.000E+00 1.941E+00 2.555E+01 1.246E-17-8.327E-17 2.220E-16
   1170     12.240  1.09E-02 3.672E-03 4.964E-02 8.648E-02  3.1507E-01 3.311E-01 3.222E-01 9.881E-01 -2.809E-05 -5.436E-04  5.965E-03   1.09E-01   5.93E+00   6.72E+00   2.28E+01 0.9999983  1.735E-18 -8.674E-19 -4.743E-19  0.000E+00  0.000E+00  0.000E+00 1.928E+00 2.543E+01 1.936E-18 1.145E-16 0.000E+00
   1180     12.349  1.09E-02 3.691E-03 4.966E-02 8.666E-02  3.1516E-01 3.130E-01 3.221E-01 9.760E-01 -1.253E-04 -5.417E-04  6.878E-03   1.09E-01   5.87E+00   6.66E+00   2.28E+01 0.9999983  2.168E-19 -3.253E-18 -1.572E-18  0.000E+00  0.000E+00  0.000E+00 1.916E+00 2.531E+01 4.142E-18 1.041E-17-2.220E-16
   1190     12.458  1.09E-02 3.707E-03 4.968E-02 8.682E-02  3.1521E-01 3.015E-01 3.220E-01 9.631E-01 -2.154E-04 -5.398E-04  7.899E-03   1.09E-01   5.81E+00   6.60E+00   2.29E+01 0.9999983  2.602E-18 -8.674E-19  6.776E-19  0.000E+00  0.000E+00  0.000E+00 1.904E+00 2.519E+01 4.792E-18-1.544E-16 2.220E-16
   1200     12.566  1.09E-02 3.722E-03 4.968E-02 8.697E-02  3.1522E-01 3.074E-01 3.219E-01 9.507E-01 -3.008E-04 -5.380E-04  9.021E-03   1.08E-01   5.76E+00   6.53E+00   2.29E+01 0.9999983 -1.952E-18 -2.385E-18 -1.220E-18  0.000E+00  0.000E+00  0.000E+00 1.891E+00 2.508E+01-9.138E-18-1.960E-16 1.110E-16
   1210     12.675  1.09E-02 3.736E-03 4.967E-02 8.710E-02  3.1519E-01 3.119E-01 3.218E-01 9.377E-01 -3.827E-04 -5.362E-04  1.024E-02   1.08E-01   5.71E+00   6.47E+00   2.28E+01 0.9999983 -8.674E-19 -3.686E-18  1.084E-19  0.000E+00  0.000E+00  0.000E+00 1.880E+00 2.496E+01 2.477E-18 8.500E-17 0.000E+00
   1220     12.783  1.09E-02 3.748E-03 4.965E-02 8.723E-02  3.1513E-01 3.127E-01 3.216E-01 9.271E-01 -4.607E-04 -5.344E-04  1.153E-02   1.07E-01   5.65E+00   6.42E+00   2.27E+01 0.9999983  3.903E-18 -2.168E-19 -5.421E-19  0.000E+00  0.000E+00  0.000E+00 1.868E+00 2.485E+01-6.451E-18-1.076E-16 0.000E+00
   1230     12.892  1.09E-02 3.760E-03 4.962E-02 8.734E-02  3.1504E-01 3.128E-01 3.214E-01 9.152E-01 -5.336E-04 -5.328E-04  1.288E-02   1.07E-01   5.60E+00   6.36E+00   2.25E+01 0.9999983  1.518E-18  0.000E+00 -8.267E-19  0.000E+00  0.000E+00  0.000E+00 1.857E+00 2.474E+01-1.366E-18 1.561E-17 2.220E-16
   1240     13.001  1.09E-02 3.770E-03 4.958E-02 8.745E-02  3.1491E-01 3.114E-01 3.211E-01 9.032E-01 -5.990E-04 -5.313E-04  1.427E-02   1.07E-01   5.55E+00   6.30E+00   2.22E+01 0.9999983  8.674E-19 -6.505E-19  3.659E-19  0.000E+00  0.000E+00  0.000E+00 1.846E+00 2.464E+01 6.308E-18-4.684E-17 0.000E+00
   1250     13.110  1.09E-02 3.779E-03 4.953E-02 8.755E-02  3.1475E-01 3.091E-01 3.209E-01 8.915E-01 -6.544E-04 -5.300E-04  1.566E-02   1.07E-01   5.50E+00   6.25E+00   2.19E+01 0.9999983  4.337E-19 -4.337E-19 -2.304E-18  0.000E+00  0.000E+00  0.000E+00 1.835E+00 2.453E+01-7.025E-18-6.939E-18-1.110E-16
   1260     13.219  1.09E-02 3.787E-03 4.947E-02 8.763E-02  3.1456E-01 3.057E-01 3.206E-01 8.810E-01 -6.977E-04 -5.288E-04  1.704E-02   1.06E-01   5.45E+00   6.19E+00   2.16E+01 0.9999983  8.674E-19  1.301E-18 -1.220E-19  0.000E+00  0.000E+00  0.000E+00 1.824E+00 2.443E+01-1.354E-17 3.036E-16 3.331E-16
   1270     13.328  1.10E-02 3.793E-03 4.940E-02 8.770E-02  3.1434E-01 3.121E-01 3.203E-01 8.692E-01 -7.273E-04 -5.277E-04  1.838E-02   1.06E-01   5.40E+00   6.14E+00   2.12E+01 0.9999983  1.301E-18 -8.674E-19 -3.659E-19  0.000E+00  0.000E+00  0.000E+00 1.814E+00 2.432E+01 9.022E-18 1.683E-16-1.110E-16
   1280     13.438  1.10E-02 3.797E-03 4.933E-02 8.774E-02  3.1410E-01 3.175E-01 3.200E-01 8.582E-01 -7.426E-04 -5.267E-04  1.966E-02   1.06E-01   5.35E+00   6.08E+00   2.07E+01 0.9999983  4.987E-18  0.000E+00  1.762E-19  0.000E+00  0.000E+00  0.000E+00 1.804E+00 2.422E+01 4.460E-18-1.388E-17-1.110E-16
   1290     13.548  1.10E-02 3.800E-03 4.925E-02 8.776E-02  3.1384E-01 3.223E-01 3.197E-01 8.477E-01 -7.437E-04 -5.259E-04  2.086E-02   1.06E-01   5.30E+00   6.03E+00   2.03E+01 0.9999983  5.421E-18  1.735E-18 -2.385E-18  0.000E+00  0.000E+00  0.000E+00 1.794E+00 2.412E+01-2.748E-18-1.735E-17 0.000E+00
   1300     13.659  1.11E-02 3.800E-03 4.916E-02 8.777E-02  3.1356E-01 3.254E-01 3.193E-01 8.426E-01 -7.312E-04 -5.250E-04  2.196E-02   1.06E-01   5.26E+00   5.98E+00   1.99E+01 0.9999983  2.168E-19  4.337E-19  5.150E-19  0.000E+00  0.000E+00  0.000E+00 1.784E+00 2.402E+01-4.207E-18-6.245E-17-1.110E-16
   1310     13.769  1.11E-02 3.799E-03 4.906E-02 8.775E-02  3.1326E-01 3.262E-01 3.190E-01 8.377E-01 -7.067E-04 -5.241E-04  2.295E-02   1.05E-01   5.21E+00   5.93E+00   1.94E+01 0.9999983 -1.301E-18 -8.674E-19 -2.575E-19  0.000E+00  0.000E+00  0.000E+00 1.775E+00 2.392E+01 5.745E-18 1.006E-16 2.220E-16
   1320     13.880  1.11E-02 3.796E-03 4.897E-02 8.771E-02  3.1294E-01 3.252E-01 3.186E-01 8.330E-01 -6.720E-04 -5.232E-04  2.382E-02   1.05E-01   5.16E+00   5.88E+00   1.91E+01 0.9999983  1.735E-18 -6.505E-19  1.260E-18  0.000E+00  0.000E+00  0.000E+00 1.766E+00 2.382E+01-4.171E-18-3.469E-17 1.110E-16
   1330     13.991  1.11E-02 3.792E-03 4.886E-02 8.767E-02  3.1262E-01 3.227E-01 3.182E-01 8.279E-01 -6.294E-04 -5.220E-04  2.458E-02   1.05E-01   5.12E+00   5.83E+00   1.88E+01 0.9999983  0.000E+00 -1.084E-18 -7.725E-19  0.000E+00  0.000E+00  0.000E+00 1.757E+00 2.372E+01 3.986E-18-8.327E-17 1.110E-16
   1340     14.101  1.11E-02 3.788E-03 4.876E-02 8.761E-02  3.1228E-01 3.179E-01 3.178E-01 8.262E-01 -5.811E-04 -5.207E-04  2.522E-02   1.05E-01   5.07E+00   5.78E+00   1.85E+01 0.9999983  0.000E+00  1.301E-18 -1.382E-18  0.000E+00  0.000E+00  0.000E+00 1.748E+00 2.362E+01 4.157E-18-6.939E-17 1.110E-16
   1350     14.212  1.11E-02 3.783E-03 4.865E-02 8.755E-02  3.1193E-01 3.118E-01 3.174E-01 8.368E-01 -5.294E-04 -5.189E-04  2.577E-02   1.04E-01   5.03E+00   5.73E+00   1.83E+01 0.9999983  1.301E-18  4.337E-19 -7.454E-19  0.000E+00  0.000E+00  0.000E+00 1.740E+00 2.352E+01-3.059E-18-1.700E-16 0.000E+00
   1360     14.323  1.11E-02 3.778E-03 4.854E-02 8.750E-02  3.1156E-01 3.045E-01 3.170E-01 8.451E-01 -4.761E-04 -5.168E-04  2.622E-02   1.04E-01   4.98E+00   5.68E+00   1.80E+01 0.9999983  3.469E-18 -3.036E-18 -8.132E-19  0.000E+00  0.000E+00  0.000E+00 1.731E+00 2.342E+01 6.623E-18-2.776E-17 1.110E-16
   1370     14.434  1.11E-02 3.774E-03 4.842E-02 8.744E-02  3.1119E-01 2.961E-01 3.166E-01 8.509E-01 -4.230E-04 -5.142E-04  2.660E-02   1.03E-01   4.94E+00   5.63E+00   1.78E+01 0.9999983  4.770E-18  4.337E-19  1.084E-19  0.000E+00  0.000E+00  0.000E+00 1.723E+00 2.332E+01 2.527E-18 8.674E-17 4.441E-16
   1380     14.545  1.11E-02 3.769E-03 4.830E-02 8.739E-02  3.1080E-01 2.913E-01 3.162E-01 8.539E-01 -3.714E-04 -5.110E-04  2.691E-02   1.03E-01   4.90E+00   5.58E+00   1.77E+01 0.9999983 -4.337E-19  2.602E-18  4.066E-19  0.000E+00  0.000E+00  0.000E+00 1.714E+00 2.321E+01 6.313E-18 2.116E-16 1.110E-16
   1390     14.656  1.11E-02 3.765E-03 4.817E-02 8.734E-02  3.1040E-01 2.882E-01 3.157E-01 8.554E-01 -3.227E-04 -5.072E-04  2.716E-02   1.02E-01   4.85E+00   5.53E+00   1.77E+01 0.9999983 -3.036E-18  4.337E-19  6.505E-19  0.000E+00  0.000E+00  0.000E+00 1.706E+00 2.311E+01 6.413E-18 4.510E-17 0.000E+00
   1400     14.767  1.11E-02 3.762E-03 4.805E-02 8.729E-02  3.0999E-01 2.905E-01 3.152E-01 8.578E-01 -2.780E-04 -5.028E-04  2.736E-02   1.01E-01   4.81E+00   5.48E+00   1.75E+01 0.9999984 -2.168E-18  4.337E-19  1.843E-18  0.000E+00  0.000E+00  0.000E+00 1.698E+00 2.301E+01 1.995E-18-4.510E-17 0.000E+00
   1410     14.878  1.11E-02 3.758E-03 4.792E-02 8.725E-02  3.0957E-01 2.924E-01 3.147E-01 8.590E-01 -2.384E-04 -4.977E-04  2.751E-02   1.00E-01   4.77E+00   5.44E+00   1.73E+01 0.9999984  4.337E-19 -3.469E-18  0.000E+00  0.000E+00  0.000E+00  0.000E+00 1.690E+00 2.290E+01 1.144E-18 2.776E-17 2.220E-16
   1420     14.989  1.11E-02 3.754E-03 4.778E-02 8.720E-02  3.0914E-01 2.918E-01 3.142E-01 8.571E-01 -2.050E-04 -4.921E-04  2.763E-02   9.90E-02   4.73E+00   5.39E+00   1.73E+01 0.9999984  2.168E-18  2.602E-18  1.572E-18  0.000E+00  0.000E+00  0.000E+00 1.683E+00 2.280E+01 5.880E-18-4.510E-17 2.220E-16
   1430     15.100  1.11E-02 3.750E-03 4.765E-02 8.715E-02  3.0869E-01 2.886E-01 3.137E-01 8.522E-01 -1.790E-04 -4.858E-04  2.771E-02   9.77E-02   4.69E+00   5.34E+00   1.72E+01 0.9999984  1.735E-18  8.674E-19  5.421E-19  0.000E+00  0.000E+00  0.000E+00 1.675E+00 2.269E+01-7.510E-19-1.076E-16 0.000E+00
   1440     15.211  1.11E-02 3.746E-03 4.750E-02 8.709E-02  3.0824E-01 2.856E-01 3.131E-01 8.451E-01 -1.613E-04 -4.789E-04  2.777E-02   9.63E-02   4.65E+00   5.30E+00   1.71E+01 0.9999984 -8.674E-19  8.674E-19  2.711E-19  0.000E+00  0.000E+00  0.000E+00 1.668E+00 2.258E+01 6.695E-18-4.510E-17-1.110E-16
   1450     15.323  1.11E-02 3.742E-03 4.736E-02 8.703E-02  3.0777E-01 2.869E-01 3.126E-01 8.392E-01 -1.530E-04 -4.715E-04  2.779E-02   9.49E-02   4.61E+00   5.25E+00   1.70E+01 0.9999984  1.735E-18  1.735E-18  1.952E-18  0.000E+00  0.000E+00  0.000E+00 1.661E+00 2.248E+01 1.527E-18-3.123E-17-2.220E-16
   1460     15.434  1.11E-02 3.737E-03 4.721E-02 8.696E-02  3.0729E-01 2.878E-01 3.120E-01 8.336E-01 -1.546E-04 -4.637E-04  2.780E-02   9.33E-02   4.57E+00   5.21E+00   1.70E+01 0.9999984 -2.602E-18  8.674E-19  5.963E-19  0.000E+00  0.000E+00  0.000E+00 1.654E+00 2.237E+01-6.210E-18 1.041E-16-2.220E-16
   1470     15.545  1.11E-02 3.732E-03 4.706E-02 8.689E-02  3.0679E-01 2.876E-01 3.114E-01 8.257E-01 -1.665E-04 -4.555E-04  2.778E-02   9.16E-02   4.53E+00   5.16E+00   1.70E+01 0.9999984  8.674E-19 -8.674E-19 -8.674E-19  0.000E+00  0.000E+00  0.000E+00 1.647E+00 2.226E+01 2.601E-18 1.874E-16 0.000E+00
   1480     15.656  1.11E-02 3.726E-03 4.690E-02 8.681E-02  3.0628E-01 2.872E-01 3.108E-01 8.158E-01 -1.884E-04 -4.470E-04  2.775E-02   8.99E-02   4.49E+00   5.12E+00   1.69E+01 0.9999984 -8.674E-19 -8.674E-19 -1.897E-18  0.000E+00  0.000E+00  0.000E+00 1.641E+00 2.216E+01 3.892E-18 1.041E-16 1.110E-16
   1490     15.768  1.11E-02 3.720E-03 4.674E-02 8.672E-02  3.0576E-01 2.857E-01 3.102E-01 8.106E-01 -2.197E-04 -4.383E-04  2.769E-02   8.82E-02   4.46E+00   5.08E+00   1.69E+01 0.9999984 -8.674E-19  0.000E+00  1.193E-18  0.000E+00  0.000E+00  0.000E+00 1.634E+00 2.205E+01 5.732E-19-2.082E-17 0.000E+00
